Link hình ảnh;Mã SKU;Tên;GTIN;Cân nặng(g);Chiều dài(cm);Chiều rộng(cm);Chiều cao(cm);Tên kho;Khu vực kho;Vị trí;Tổng số;Đơn hàng đã khóa;Toàn bộ kho khả dụng;Dự trữ chương trình;Đang vận tải;Tổng giá vốn hàng đang vận tải;Cảnh báo tồn kho;Dự báo bán hàng hàng ngày;Dự kiến số ngày có thể bán;Giá vốn bình quân gia quyền;Tổng giá vốn;Trạng thái bán hàng;Ngành hàng cấp 1;Ngành hàng cấp 2;Ngành hàng cấp 3;Loại SKU;Chú thích
https://res.bigseller.pro/sku/images/merchantsku/944484/807100_1791538977792.jpg?imageView2/1/w/300/h/300;3283;INNISFREE Sữa Rửa Mặt Cho Da Mụn Bija Trouble Cleansing Foam - 150g;;0.00;0.00;0.00;0.00;VIE GROUP HCM;Default Piling Area;Default Shelf;0;0;0;0;0;0.00;0;0.00;--;0.00;0.00;Còn hàng;Chưa chọn danh mục;;;Single SKU;
https://res.bigseller.pro/sku/images/merchantsku/944484/925786_1791538775599.jpg?imageView2/1/w/300/h/300;3282;INNISFREE Sữa Rửa Mặt Làm Sạch Lỗ Chân Lông Volcanic BHA Pore Cleansing Foam - 150g;;0.00;0.00;0.00;0.00;VIE GROUP HCM;Default Piling Area;Default Shelf;0;0;0;0;0;0.00;0;0.00;--;0.00;0.00;Còn hàng;Chưa chọn danh mục;;;Single SKU;
https://res.bigseller.pro/sku/images/merchantsku/944484/071185_1791536166820.jpg?imageView2/1/w/300/h/300;VT22;MÀNG PE 5 Tấc (50cm);;0.00;0.00;0.00;0.00;VIE GROUP HCM;Default Piling Area;Default Shelf;0;0;0;0;0;0.00;0;0.00;--;0.00;0.00;Còn hàng;Chưa chọn danh mục;;;Single SKU;
https://res.bigseller.pro/sku/images/merchantsku/944484/984976_1791451472946.jpg?imageView2/1/w/300/h/300;3281;VASELINE Sáp Dưỡng Ẩm Aloe Soothing Jelly - 100ml (Lô hội);;0.00;0.00;0.00;0.00;VIE GROUP HCM;Default Piling Area;Default Shelf;0;0;0;0;0;0.00;0;5.00;0;0.00;0.00;Còn hàng;Chưa chọn danh mục;;;Single SKU;
https://res.bigseller.pro/sku/images/merchantsku/944484/925140_1791451451007.jpg?imageView2/1/w/300/h/300;3280;VASELINE Sáp Dưỡng Ẩm Aloe Soothing Jelly - 50ml (Lô hội);;0.00;0.00;0.00;0.00;VIE GROUP HCM;Default Piling Area;Default Shelf;0;0;0;0;0;0.00;0;5.00;0;0.00;0.00;Còn hàng;Chưa chọn danh mục;;;Single SKU;
https://res.bigseller.pro/sku/images/merchantsku/944484/307420_1791450313169.jpg?imageView2/1/w/300/h/300;3279;VASELINE Sáp Dưỡng Ẩm Baby Protecting Jelly - 50ml;;0.00;0.00;0.00;0.00;VIE GROUP HCM;Default Piling Area;Default Shelf;5;5;0;0;0;0.00;0;5.00;0;30443.40;152217.00;Còn hàng;Chưa chọn danh mục;;;Single SKU;
https://res.bigseller.pro/sku/images/merchantsku/944484/118479_1791423906863.jpg?imageView2/1/w/300/h/300;3278;VOUDIOTY Dầu xả Biotin Collagen Essence Pink - 500ml Hồng (Mẫu mới);;0.00;0.00;0.00;0.00;VIE GROUP HCM;Default Piling Area;Default Shelf;0;0;0;0;0;0.00;0;0.00;--;0.00;0.00;Còn hàng;Chưa chọn danh mục;;;Single SKU;
https://res.bigseller.pro/sku/images/merchantsku/944484/343279_1791423872248.jpg?imageView2/1/w/300/h/300;3277;VOUDIOTY Dầu gội Biotin Collagen Essence Pink - 500ml Hồng (Mẫu mới);;0.00;0.00;0.00;0.00;VIE GROUP HCM;Default Piling Area;Default Shelf;0;0;0;0;0;0.00;0;0.00;--;0.00;0.00;Còn hàng;Chưa chọn danh mục;;;Single SKU;
https://res.bigseller.pro/sku/images/merchantsku/944484/898765_1791363592221.jpg?imageView2/1/w/300/h/300;3276;INNISFREE Sữa Rửa Mặt Dưỡng Ẩm Green Tea Amino Hydrating Cleansing Foam - 150g;;0.00;0.00;0.00;0.00;VIE GROUP HCM;Default Piling Area;Default Shelf;0;0;0;0;0;0.00;0;10.00;0;135747.66;0.00;Còn hàng;Chưa chọn danh mục;;;Single SKU;
https://res.bigseller.pro/sku/images/merchantsku/944484/077865_1791363472535.jpg?imageView2/1/w/300/h/300;3275;INNISFREE Phấn Phủ Dạng Bột Kiềm Dầu No-Sebum Mineral Powder - 5g;;0.00;0.00;0.00;0.00;VIE GROUP HCM;Default Piling Area;Default Shelf;12;0;12;0;0;0.00;0;1.67;7;83747.66;1004971.92;Còn hàng;Chưa chọn danh mục;;;Single SKU;
https://res.bigseller.pro/sku/images/merchantsku/944484/917452_1791269515082.jpg?imageView2/1/w/300/h/300;3274;BEFOU Bông Tẩy Trang Oversize 8x9,5cm - 50 Miếng;;0.00;0.00;0.00;0.00;VIE GROUP HCM;Default Piling Area;Default Shelf;10;10;0;0;0;0.00;0;13.33;0;34770.27;347702.70;Còn hàng;Chưa chọn danh mục;;;Single SKU;
https://res.bigseller.pro/sku/images/merchantsku/944484/214645_1791188021927.jpg?imageView2/1/w/300/h/300;3273;INNISFREE Kem Dưỡng Ẩm Nâng Tông Da Hoa Anh Đào Cherry Blossom Glow Tone-Up Cream - 50ml;;0.00;0.00;0.00;0.00;VIE GROUP HCM;Default Piling Area;Default Shelf;6;0;6;0;0;0.00;0;0.60;10;230230.77;1381384.62;Còn hàng;Chưa chọn danh mục;;;Single SKU;
https://res.bigseller.pro/sku/images/merchantsku/944484/983214_1791185155364.jpg?imageView2/1/w/300/h/300;3272;SUPER VEGITOKS Sữa Rửa Mặt Rau Củ Cleanser ByVibes Wonder Bath - 300ml (Xanh lá);;0.00;0.00;0.00;0.00;VIE GROUP HCM;Default Piling Area;Default Shelf;0;0;0;0;0;0.00;0;2.00;0;165230.77;0.00;Còn hàng;Chưa chọn danh mục;;;Single SKU;
https://res.bigseller.pro/sku/images/merchantsku/944484/462213_1791184920029.jpg?imageView2/1/w/300/h/300;3271;SUPER VEGITOKS Sữa Rửa Mặt Rau Củ Cleanser ByVibes Wonder Bath - 300ml (Tím);;0.00;0.00;0.00;0.00;VIE GROUP HCM;Default Piling Area;Default Shelf;0;0;0;0;0;0.00;0;2.00;0;165230.77;0.00;Còn hàng;Chưa chọn danh mục;;;Single SKU;
https://res.bigseller.pro/sku/images/merchantsku/944484/373097_1791184685531.jpg?imageView2/1/w/300/h/300;3270;NIVEA Kem Dưỡng Mềm Da Refreshingly Soft Moisturizing Cream - 200ml;4005808890507;0.00;0.00;0.00;0.00;VIE GROUP HCM;Default Piling Area;Default Shelf;5;5;0;0;0;0.00;0;6.00;0;128943.40;644717.00;Còn hàng;Chưa chọn danh mục;;;Single SKU;
https://res.bigseller.pro/sku/images/merchantsku/944484/421161_1791170398747.jpg?imageView2/1/w/300/h/300;3269;LRP Toner Toleriane Soothing Lotion Sensitive Skin - 200ml (da nhạy cảm);;0.00;0.00;0.00;0.00;VIE GROUP HCM;Default Piling Area;Default Shelf;10;0;10;0;0;0.00;0;0.00;--;311183.23;3111832.30;Còn hàng;Chưa chọn danh mục;;;Single SKU;
https://res.bigseller.pro/sku/images/merchantsku/944484/547612_1791165664544.jpg?imageView2/1/w/300/h/300;3268;HISTOLAB Tinh Chất Dưỡng Trắng Vita C Complex Ampoule Derma Science 47% - 50ml;;0.00;0.00;0.00;0.00;VIE GROUP HCM;Default Piling Area;Default Shelf;0;0;0;0;0;0.00;0;4.33;0;317770.27;0.00;Còn hàng;Chưa chọn danh mục;;;Single SKU;
https://res.bigseller.pro/sku/images/merchantsku/944484/760882_1791162160223.jpg?imageView2/1/w/300/h/300;3267;JUDYDOLL Bảng Che Khuyết Điểm 3 Màu Three Color Concealer Palette Màu 01 - 2.7g;;0.00;0.00;0.00;0.00;VIE GROUP HCM;Default Piling Area;Default Shelf;0;0;0;0;0;0.00;0;1.00;0;106054.23;0.00;Còn hàng;Chưa chọn danh mục;;;Single SKU;
https://res.bigseller.pro/sku/images/merchantsku/944484/041317_1791161923011.jpg?imageView2/1/w/300/h/300;3266;TESORI D'ORIENTE Sữa tắm nước hoa Tinh dầu Ikigai - 500ml;;0.00;0.00;0.00;0.00;VIE GROUP HCM;Default Piling Area;Default Shelf;0;0;0;0;0;0.00;0;1.00;0;155054.23;0.00;Còn hàng;Chưa chọn danh mục;;;Single SKU;
https://res.bigseller.pro/sku/images/merchantsku/944484/644451_1790990405285.jpg?imageView2/1/w/300/h/300;3265;LRP Sữa tắm Lipikar Lavant Shower Gel - 400ml;;0.00;0.00;0.00;0.00;VIE GROUP HCM;Default Piling Area;Default Shelf;0;0;0;0;0;0.00;0;5.00;0;344783.23;0.00;Còn hàng;Chưa chọn danh mục;;;Single SKU;
https://res.bigseller.pro/sku/images/merchantsku/944484/220289_1790923905861.jpg?imageView2/1/w/300/h/300;3264;JMELLA Set Sữa Tắm Hương Nước Hoa In France Body Wash # No.1 Blooming Peony - 500ml + Bông tắm;;0.00;0.00;0.00;0.00;VIE GROUP HCM;Default Piling Area;Default Shelf;5;0;5;0;0;0.00;0;5.00;1;84747.66;423738.30;Còn hàng;Chưa chọn danh mục;;;Single SKU;
https://res.bigseller.pro/sku/images/merchantsku/944484/999291_1790909765718.jpg?imageView2/1/w/300/h/300;3263;INTIMATE Dung dịch vệ sinh Ziaja Intimate Wash Gel - 200ml (Bồ Công Anh);;0.00;0.00;0.00;0.00;VIE GROUP HCM;Default Piling Area;Default Shelf;0;0;0;0;0;0.00;0;4.33;0;98246.45;0.00;Còn hàng;Chưa chọn danh mục;;;Single SKU;
https://res.bigseller.pro/sku/images/merchantsku/944484/983029_1790922666155.jpg?imageView2/1/w/300/h/300;QT66;WEILAIYA Dầu gội xả gừng Mini - 14ml;;0.00;0.00;0.00;0.00;VIE GROUP HCM;Default Piling Area;Default Shelf;2;0;2;0;0;0.00;0;0.00;--;1636.36;3272.72;Còn hàng;Chưa chọn danh mục;;;Single SKU;
https://res.bigseller.pro/sku/images/merchantsku/944484/873031_1789625208258.jpg?imageView2/1/w/300/h/300;3191;VASELINE Sáp Dưỡng Đa Năng Original Protecting Jelly - 369g;;0.00;0.00;0.00;0.00;VIE GROUP HCM;Default Piling Area;Default Shelf;0;0;0;0;0;0.00;0;0.00;--;0.00;0.00;Còn hàng;Chưa chọn danh mục;;;Single SKU;
https://res.bigseller.pro/sku/images/merchantsku/944484/127743_1790837158109.jpg?imageView2/1/w/300/h/300;3262;ALPHA ARBUTIN 3 Plus Viên Bột Kích Trắng Collagen Whitening Capsule Vỉ 10 Viên - Ban Đêm;;0.00;0.00;0.00;0.00;VIE GROUP HCM;Default Piling Area;Default Shelf;0;0;0;0;0;0.00;0;1.00;0;41081.63;0.00;Còn hàng;Chưa chọn danh mục;;;Single SKU;
https://res.bigseller.pro/sku/images/merchantsku/944484/561792_1790836164090.jpg?imageView2/1/w/300/h/300;3261;VASELINE Sữa Dưỡng Thể Gluta-Hya Glow Defense UV Serum SPF50+ 70X - 260ml;;0.00;0.00;0.00;0.00;VIE GROUP HCM;Default Piling Area;Default Shelf;9;9;0;0;0;0.00;0;4.33;0;115943.40;1043490.60;Còn hàng;Chưa chọn danh mục;;;Single SKU;
https://res.bigseller.pro/sku/images/merchantsku/944484/315590_1790819955429.jpg?imageView2/1/w/300/h/300;3260;BATIOUS Set Dầu Gội Và Xả Giảm Dầu, Phồng Tóc Batious Extra Volume - 500ml (Trắng Kem);;0.00;0.00;0.00;0.00;VIE GROUP HCM;Default Piling Area;Default Shelf;0;0;0;0;0;0.00;0;5.00;0;232081.63;0.00;Còn hàng;Chưa chọn danh mục;;;Single SKU;
https://res.bigseller.pro/sku/images/merchantsku/944484/515662_1790819927717.jpg?imageView2/1/w/300/h/300;3259;BATIOUS Set Dầu Gội Và Xả Giảm Dầu, Phồng Tóc Batious Extra Volume - 500ml (Xanh);;0.00;0.00;0.00;0.00;VIE GROUP HCM;Default Piling Area;Default Shelf;0;0;0;0;0;0.00;0;10.00;0;232081.63;0.00;Còn hàng;Chưa chọn danh mục;;;Single SKU;
https://res.bigseller.pro/sku/images/merchantsku/944484/181310_1790744084896.jpg?imageView2/1/w/300/h/300;3258;VICHY Gel Rửa Mặt Cho Da Dầu Mụn Laboratoires Normaderm Intensive Purifying Cleanser - 15ml;;0.00;0.00;0.00;0.00;VIE GROUP HCM;Default Piling Area;Default Shelf;0;0;0;0;0;0.00;0;322.00;0;16245.73;0.00;Còn hàng;Chưa chọn danh mục;;;Single SKU;
https://res.bigseller.pro/sku/images/merchantsku/944484/141880_1790655787276.jpg?imageView2/1/w/300/h/300;QT65;MAXCLINIC Tinh Chất Vi Kim Dưỡng Trắng Glutathione Ampoule Shot - Mẫu thử (Sample);;0.00;0.00;0.00;0.00;VIE GROUP HCM;Default Piling Area;Default Shelf;0;0;0;0;0;0.00;0;2.00;0;300.00;0.00;Còn hàng;Chưa chọn danh mục;;;Single SKU;
https://res.bigseller.pro/sku/images/merchantsku/944484/770094_1790647219898.jpg?imageView2/1/w/300/h/300;QT64;SOME BY MI Mặt Nạ Giấy Real AHA BHA PHA Claming Care Mask - 20g;;0.00;0.00;0.00;0.00;VIE GROUP HCM;Default Piling Area;Default Shelf;0;0;0;0;0;0.00;0;0.12;0;0.00;0.00;Còn hàng;Chưa chọn danh mục;;;Single SKU;
https://res.bigseller.pro/sku/images/merchantsku/944484/720835_1790583561938.jpg?imageView2/1/w/300/h/300;QT63;ROUND LAB Mặt nạ giấy Birch Juice Moisturizing Mask - 25ml (1 miếng);;0.00;0.00;0.00;0.00;VIE GROUP HCM;Default Piling Area;Default Shelf;4;0;4;0;0;0.00;0;5.67;0;0.00;0.00;Còn hàng;Chưa chọn danh mục;;;Single SKU;
https://res.bigseller.pro/sku/images/merchantsku/944484/906773_1790564586536.jpg?imageView2/1/w/300/h/300;3257;ODBO Bảng phấn mắt 9 ô Sweet Munch Eyeshadow Palette # Màu 02 Kitten Day - 9g;;0.00;0.00;0.00;0.00;VIE GROUP HCM;Default Piling Area;Default Shelf;0;0;0;0;0;0.00;0;0.00;--;0.00;0.00;Còn hàng;Chưa chọn danh mục;;;Single SKU;
https://res.bigseller.pro/sku/images/merchantsku/944484/448484_1790564237584.jpg?imageView2/1/w/300/h/300;3256;ACNETIN-A Kem trị mụn VitaraTretinoin 0,025% - 10g;;0.00;0.00;0.00;0.00;VIE GROUP HCM;Default Piling Area;Default Shelf;0;0;0;0;0;0.00;0;0.00;--;0.00;0.00;Còn hàng;Chưa chọn danh mục;;;Single SKU;
https://res.bigseller.pro/sku/images/merchantsku/944484/575795_1790564154364.jpg?imageView2/1/w/300/h/300;3255;ACNETIN-A Kem trị mụn VitaraTretinoin 0,05% - 10g;;0.00;0.00;0.00;0.00;VIE GROUP HCM;Default Piling Area;Default Shelf;0;0;0;0;0;0.00;0;0.00;--;0.00;0.00;Còn hàng;Chưa chọn danh mục;;;Single SKU;
https://res.bigseller.pro/sku/images/merchantsku/944484/243621_1790558111896.jpg?imageView2/1/w/300/h/300;QT62;VASELINE Túi Đeo Chéo (Màu Ngẫu Nhiên);;0.00;0.00;0.00;0.00;VIE GROUP HCM;Default Piling Area;Default Shelf;19;0;19;0;0;0.00;0;0.58;32;0.00;0.00;Còn hàng;Chưa chọn danh mục;;;Single SKU;
https://res.bigseller.pro/sku/images/merchantsku/944484/624978_1790405469215.jpg?imageView2/1/w/300/h/300;3254;SIMPLE Sữa rửa mặt Hydrate + Facial Wash - 240ml;;0.00;0.00;0.00;0.00;VIE GROUP HCM;Default Piling Area;Default Shelf;0;0;0;0;0;0.00;0;3.00;0;156625.00;0.00;Còn hàng;Chưa chọn danh mục;;;Single SKU;
https://res.bigseller.pro/sku/images/merchantsku/944484/788597_1790405386824.jpg?imageView2/1/w/300/h/300;3253;DOVE Kem Ủ Tóc Phục Hồi Hư Tổn Hya + Biotin Anti Hair Fall Treatment Mask- 300ml;;0.00;0.00;0.00;0.00;VIE GROUP HCM;Default Piling Area;Default Shelf;0;0;0;0;0;0.00;0;6.00;0;135625.00;0.00;Còn hàng;Chưa chọn danh mục;;;Single SKU;
https://res.bigseller.pro/sku/images/merchantsku/944484/592457_1790388096430.jpg?imageView2/1/w/300/h/300;3252;BIORÉ Sữa Rửa Mặt Tạo Bọt Skin Purifying Facial Foam Oil Clear (Hồng) - 100g;;0.00;0.00;0.00;0.00;VIE GROUP HCM;Default Piling Area;Default Shelf;10;0;10;0;0;0.00;0;1.11;9;40300.00;403000.00;Còn hàng;Chưa chọn danh mục;;;Single SKU;
https://res.bigseller.pro/sku/images/merchantsku/944484/891156_1790388062103.jpg?imageView2/1/w/300/h/300;3251;SENKA Sữa Rửa Mặt Tạo Bọt Perfect Whip Collagen (Hồng) - 120g;;0.00;0.00;0.00;0.00;VIE GROUP HCM;Default Piling Area;Default Shelf;10;0;10;0;0;0.00;0;1.11;9;70300.00;703000.00;Còn hàng;Chưa chọn danh mục;;;Single SKU;
https://res.bigseller.pro/sku/images/merchantsku/944484/805342_1790388025083.jpg?imageView2/1/w/300/h/300;3250;SENKA Sữa Rửa Mặt Dành Cho Da Mụn Perfect Whip Acnes (Xanh lá) - 100g;;0.00;0.00;0.00;0.00;VIE GROUP HCM;Default Piling Area;Default Shelf;10;0;10;0;0;0.00;0;1.11;9;68300.00;683000.00;Còn hàng;Chưa chọn danh mục;;;Single SKU;
https://res.bigseller.pro/sku/images/merchantsku/944484/082517_1790308196131.jpg?imageView2/1/w/300/h/300;3249;PRAMY Xịt Khóa Nền Moisturizing Makeup Setting Spray (Matte Finish) Đen - 30ml;;0.00;0.00;0.00;0.00;VIE GROUP HCM;Default Piling Area;Default Shelf;0;0;0;0;0;0.00;0;50.00;0;52000.00;0.00;Còn hàng;Chưa chọn danh mục;;;Single SKU;
https://res.bigseller.pro/sku/images/merchantsku/944484/331472_1790242927660.jpg?imageView2/1/w/300/h/300;3248;OLD SPICE Lăn khử mùi Mỹ 85g - WOLFTHORN;12044038697;0.00;0.00;0.00;0.00;VIE GROUP HCM;Default Piling Area;Default Shelf;1;0;1;0;0;0.00;0;0.00;--;124046.00;124046.00;Còn hàng;Chưa chọn danh mục;;;Single SKU;
https://res.bigseller.pro/sku/images/merchantsku/944484/675856_1790237781789.jpg?imageView2/1/w/300/h/300;3247;JMELLA Set Sữa Tắm Hương Nước Hoa In France Body Wash # No.4 Queen 5' - 500ml + Bông tắm;;0.00;0.00;0.00;0.00;VIE GROUP HCM;Default Piling Area;Default Shelf;0;0;0;0;0;0.00;0;4.33;0;90716.22;0.00;Còn hàng;Chưa chọn danh mục;;;Single SKU;
https://res.bigseller.pro/sku/images/merchantsku/944484/091214_1790224411033.jpg?imageView2/1/w/300/h/300;3246;INNOAESTHETICS Kem peel tái tạo, làm đều màu da, hỗ trợ giảm mụn Inno-Exfo Lightening - 15g;8437007922851;0.00;0.00;0.00;0.00;VIE GROUP HCM;Default Piling Area;Default Shelf;0;0;0;0;0;0.00;0;0.00;--;0.00;0.00;Còn hàng;Chưa chọn danh mục;;;Single SKU;
https://res.bigseller.pro/sku/images/merchantsku/944484/728207_1790224151564.jpg?imageView2/1/w/300/h/300;3245;MENARINI Gel tái tạo trẻ hóa, hỗ trợ da Tretinoin Gel USP 0.025% - 20g;;0.00;0.00;0.00;0.00;VIE GROUP HCM;Default Piling Area;Default Shelf;0;0;0;0;0;0.00;0;0.00;--;0.00;0.00;Còn hàng;Chưa chọn danh mục;;;Single SKU;
https://res.bigseller.pro/sku/images/merchantsku/944484/542793_1790224017608.jpg?imageView2/1/w/300/h/300;3244;PADAGIS Kem hỗ trợ giảm mụn Tretinoin Cream USP 0.1% - 20g;;0.00;0.00;0.00;0.00;VIE GROUP HCM;Default Piling Area;Default Shelf;0;0;0;0;0;0.00;0;0.00;--;0.00;0.00;Còn hàng;Chưa chọn danh mục;;;Single SKU;
https://res.bigseller.pro/sku/images/merchantsku/944484/714083_1790223943440.jpg?imageView2/1/w/300/h/300;3243;PADAGIS Kem hỗ trợ giảm mụn Tretinoin Cream USP 0.05% - 20g;;0.00;0.00;0.00;0.00;VIE GROUP HCM;Default Piling Area;Default Shelf;0;0;0;0;0;0.00;0;0.00;--;0.00;0.00;Còn hàng;Chưa chọn danh mục;;;Single SKU;
https://res.bigseller.pro/sku/images/merchantsku/944484/694645_1790223628772.jpg?imageView2/1/w/300/h/300;3242;MEDIHEAL Son dưỡng Panteno Lips Healbalm 10ml - Xanh dương đậm;;0.00;0.00;0.00;0.00;VIE GROUP HCM;Default Piling Area;Default Shelf;1;1;0;0;0;0.00;0;10.40;0;51263.16;51263.16;Còn hàng;Chưa chọn danh mục;;;Single SKU;
;QT61;CETAPHIL Kem dưỡng ẩm Face and Body Moisturizing Cream - 10gr;;0.00;0.00;0.00;0.00;VIE GROUP HCM;Default Piling Area;Default Shelf;0;0;0;0;0;0.00;0;0.00;--;0.00;0.00;Còn hàng;Chưa chọn danh mục;;;Single SKU;
https://res.bigseller.pro/sku/images/merchantsku/944484/269201_1790217634483.jpg?imageView2/1/w/300/h/300;QT60;CETAPHIL Kem Chống Nắng Daily Defense Cream SPF50 Sensitive Skin SPF50 (XANH LÁ) - 10g;;0.00;0.00;0.00;0.00;VIE GROUP HCM;Default Piling Area;Default Shelf;0;0;0;0;0;0.00;0;0.00;--;0.00;0.00;Còn hàng;Chưa chọn danh mục;;;Single SKU;
https://res.bigseller.pro/sku/images/merchantsku/944484/296367_1790216782718.jpg?imageView2/1/w/300/h/300;QT59;Băng Đô CDF Xanh;;0.00;0.00;0.00;0.00;VIE GROUP HCM;Default Piling Area;Default Shelf;0;0;0;0;0;0.00;0;0.00;--;0.00;0.00;Còn hàng;Chưa chọn danh mục;;;Single SKU;
https://res.bigseller.pro/sku/images/merchantsku/944484/240912_1790216756712.jpg?imageView2/1/w/300/h/300;QT58;TOOLA Bông Mút Rửa Mặt Xỏ Ngón Face Sponge;;0.00;0.00;0.00;0.00;VIE GROUP HCM;Default Piling Area;Default Shelf;0;0;0;0;0;0.00;0;0.00;--;0.00;0.00;Còn hàng;Chưa chọn danh mục;;;Single SKU;
https://res.bigseller.pro/sku/images/merchantsku/944484/885560_1790216728360.jpg?imageView2/1/w/300/h/300;QT57;MAXCLINIC Mặt Nạ Cấp Ẩm, Dưỡng Sáng Da Time Return Melatonin Cream Mask Sheet - 28ml;8809563475278;0.00;0.00;0.00;0.00;VIE GROUP HCM;Default Piling Area;Default Shelf;6;0;6;0;0;0.00;0;0.33;18;0.00;0.00;Còn hàng;Chưa chọn danh mục;;;Single SKU;
https://res.bigseller.pro/sku/images/merchantsku/944484/079199_1790216698921.jpg?imageView2/1/w/300/h/300;3241;KAI Bấm Mi Nhựa Eyelash Curler (Hồng);4901601282504;0.00;0.00;0.00;0.00;VIE GROUP HCM;Default Piling Area;Default Shelf;0;0;0;0;0;0.00;0;0.00;--;0.00;0.00;Còn hàng;Chưa chọn danh mục;;;Single SKU;
https://res.bigseller.pro/sku/images/merchantsku/944484/024971_1790216606175.jpg?imageView2/1/w/300/h/300;3240;SKIN AQUA Sữa Chống Nắng Giảm Dầu Mineral Defense Oil Clear Milk - 25g;8935006543164;0.00;0.00;0.00;0.00;VIE GROUP HCM;Default Piling Area;Default Shelf;0;0;0;0;0;0.00;0;0.00;--;0.00;0.00;Còn hàng;Chưa chọn danh mục;;;Single SKU;
https://res.bigseller.pro/sku/images/merchantsku/944484/926938_1790137034966.jpg?imageView2/1/w/300/h/300;3239;DOVE Tinh chất Serum Ngăn Mùi 3% Niacinamide + 10x Vitamin C & E - 40ml;;0.00;0.00;0.00;0.00;VIE GROUP HCM;Default Piling Area;Default Shelf;0;0;0;0;0;0.00;0;10.00;0;64732.39;0.00;Còn hàng;Chưa chọn danh mục;;;Single SKU;
https://res.bigseller.pro/sku/images/merchantsku/944484/486609_1790136827191.jpg?imageView2/1/w/300/h/300;3238;WEILAIYA Dầu Xả Phồng Tóc Kiểm Soát Dầu Nấm Truffle Inspired Luminous Repair Conditioner - 450ml;;0.00;0.00;0.00;0.00;VIE GROUP HCM;Default Piling Area;Default Shelf;0;0;0;0;0;0.00;0;3.00;0;375642.86;0.00;Còn hàng;Chưa chọn danh mục;;;Single SKU;
https://res.bigseller.pro/sku/images/merchantsku/944484/592196_1790136805139.jpg?imageView2/1/w/300/h/300;3237;WEILAIYA Dầu Gội Phồng Tóc Kiểm Soát Dầu Nấm Truffle Inspired Extra Volume Shampoo - 450ml;;0.00;0.00;0.00;0.00;VIE GROUP HCM;Default Piling Area;Default Shelf;0;0;0;0;0;0.00;0;3.00;0;375642.86;0.00;Còn hàng;Chưa chọn danh mục;;;Single SKU;
https://res.bigseller.pro/sku/images/merchantsku/944484/468273_1790136764190.jpg?imageView2/1/w/300/h/300;QT56;BATIOUS Dầu Gội Phục Hồi Tóc Hư Tổn, Dưỡng Ẩm Và Kiềm Dầu (Gói Vàng) - 24ml;;0.00;0.00;0.00;0.00;VIE GROUP HCM;Default Piling Area;Default Shelf;0;0;0;0;0;0.00;0;0.00;--;0.00;0.00;Còn hàng;Chưa chọn danh mục;;;Single SKU;
https://res.bigseller.pro/sku/images/merchantsku/944484/323516_1790136737575.jpg?imageView2/1/w/300/h/300;QT55;BATIOUS Dầu Gội Phục Hồi Tóc Hư Tổn, Dưỡng Ẩm Và Kiềm Dầu (Gói Xanh Dương) - 24ml;;0.00;0.00;0.00;0.00;VIE GROUP HCM;Default Piling Area;Default Shelf;0;0;0;0;0;0.00;0;0.00;--;0.00;0.00;Còn hàng;Chưa chọn danh mục;;;Single SKU;
https://res.bigseller.pro/sku/images/merchantsku/944484/912745_1790136704490.jpg?imageView2/1/w/300/h/300;3236;JOHNSON’S Sữa Dưỡng Thể Cotton Touch Face & Body Lotion - 200ml;4801010519102;0.00;0.00;0.00;0.00;VIE GROUP HCM;Default Piling Area;Default Shelf;0;0;0;0;0;0.00;0;0.00;--;0.00;0.00;Còn hàng;Chưa chọn danh mục;;;Single SKU;
https://res.bigseller.pro/sku/images/merchantsku/944484/161371_1790067375534.jpg?imageView2/1/w/300/h/300;QT54;KR.LAB Mút Rửa Mặt;;0.00;0.00;0.00;0.00;VIE GROUP HCM;Default Piling Area;Default Shelf;31;0;31;0;0;0.00;0;0.06;516;291.84;9047.04;Còn hàng;Chưa chọn danh mục;;;Single SKU;
https://res.bigseller.pro/sku/images/merchantsku/944484/428298_1790044586592.jpg?imageView2/1/w/300/h/300;QT53;VICHY Dầu Gội Dercos Technique Anti-Dandruff Ds Advanced To Oily Hair - 6ml (Xanh da dầu);3337871331269;0.00;0.00;0.00;0.00;VIE GROUP HCM;Default Piling Area;Default Shelf;0;0;0;0;0;0.00;0;0.00;--;0.00;0.00;Còn hàng;Chưa chọn danh mục;;;Single SKU;
https://res.bigseller.pro/sku/images/merchantsku/944484/661754_1790044531480.jpg?imageView2/1/w/300/h/300;QT52;CETAPHIL Kem Chống Nắng Dưỡng Ẩm Cho Da Dầu Nhạy Cảm - 10g;;0.00;0.00;0.00;0.00;VIE GROUP HCM;Default Piling Area;Default Shelf;0;0;0;0;0;0.00;0;0.00;--;0.00;0.00;Còn hàng;Chưa chọn danh mục;;;Single SKU;
https://res.bigseller.pro/sku/images/merchantsku/944484/437220_1790043916362.jpg?imageView2/1/w/300/h/300;QT51;CETAPHIL Pro Sữa dưỡng thể AD Derma Skin Restoring Moisturizer - 29ml;;0.00;0.00;0.00;0.00;VIE GROUP HCM;Default Piling Area;Default Shelf;12;12;0;0;0;0.00;0;0.21;4;0.00;0.00;Còn hàng;Chưa chọn danh mục;;;Single SKU;
https://res.bigseller.pro/sku/images/merchantsku/944484/065844_1790005244515.jpg?imageView2/1/w/300/h/300;3235;SENSODYNE Bộ 3 bàn chải đánh răng Deep Clean Soft;;0.00;0.00;0.00;0.00;VIE GROUP HCM;Default Piling Area;Default Shelf;0;0;0;0;0;0.00;0;0.00;--;0.00;0.00;Còn hàng;Chưa chọn danh mục;;;Single SKU;
https://res.bigseller.pro/sku/images/merchantsku/944484/987173_1790136621190.jpg?imageView2/1/w/300/h/300;3234;OLD SPICE Lăn khử mùi Mỹ 85g - TIMBER;;0.00;0.00;0.00;0.00;VIE GROUP HCM;Default Piling Area;Default Shelf;0;0;0;0;0;0.00;0;5.50;0;0.00;0.00;Còn hàng;Chưa chọn danh mục;;;Single SKU;
https://res.bigseller.pro/sku/images/merchantsku/944484/147457_1790005138260.jpg?imageView2/1/w/300/h/300;3233;MAXCLINIC Kem Dưỡng Melatonin Trắng Da Mờ Nám,Tàn Nhang Time Return - 25g;;0.00;0.00;0.00;0.00;VIE GROUP HCM;Default Piling Area;Default Shelf;0;0;0;0;0;0.00;0;0.00;--;0.00;0.00;Còn hàng;Chưa chọn danh mục;;;Single SKU;
https://res.bigseller.pro/sku/images/merchantsku/944484/543376_1790005074188.jpg?imageView2/1/w/300/h/300;3232;MAXCLINIC Tinh Chất Dưỡng Ẩm Cấp Nước Water Lift Moisture Ampoule - 100ml;8802221001482;0.00;0.00;0.00;0.00;VIE GROUP HCM;Default Piling Area;Default Shelf;0;0;0;0;0;0.00;0;0.00;--;0.00;0.00;Ngừng bán;Chưa chọn danh mục;;;Single SKU;
https://res.bigseller.pro/sku/images/merchantsku/944484/495676_1790005047573.jpg?imageView2/1/w/300/h/300;3231;BIO-OIL Dầu chăm sóc da Skincare Oil giảm rạn da mờ sẹo - 125ml;6001159114086;0.00;0.00;0.00;0.00;VIE GROUP HCM;Default Piling Area;Default Shelf;0;0;0;0;0;0.00;0;0.00;--;0.00;0.00;Còn hàng;Chưa chọn danh mục;;;Single SKU;
https://res.bigseller.pro/sku/images/merchantsku/944484/394804_1790005020216.jpg?imageView2/1/w/300/h/300;3230;LIBREDERM Nước Tẩy Trang Seracin Ance - 250ml;4620002189044;0.00;0.00;0.00;0.00;VIE GROUP HCM;Default Piling Area;Default Shelf;0;0;0;0;0;0.00;0;0.00;--;0.00;0.00;Còn hàng;Chưa chọn danh mục;;;Single SKU;
https://res.bigseller.pro/sku/images/merchantsku/944484/259960_1790004998439.jpg?imageView2/1/w/300/h/300;3229;LIBREDERM Kem dưỡng ngày Seracin Mattifying Day Cream hỗ trợ giảm mụn, kiềm dầu - 50ml;4620002185381;0.00;0.00;0.00;0.00;VIE GROUP HCM;Default Piling Area;Default Shelf;0;0;0;0;0;0.00;0;0.00;--;0.00;0.00;Còn hàng;Chưa chọn danh mục;;;Single SKU;
https://res.bigseller.pro/sku/images/merchantsku/944484/668551_1790004966534.jpg?imageView2/1/w/300/h/300;3228;LIBREDERM Serum hỗ trợ kiềm dầu, giảm mụn, mờ thâm Hyalur Zn - 40ml;4630055166602;0.00;0.00;0.00;0.00;VIE GROUP HCM;Default Piling Area;Default Shelf;0;0;0;0;0;0.00;0;0.00;--;0.00;0.00;Còn hàng;Chưa chọn danh mục;;;Single SKU;
https://res.bigseller.pro/sku/images/merchantsku/944484/611582_1790004912676.jpg?imageView2/1/w/300/h/300;3227;LIBREDERM Kem dưỡng đêm Seracin Azelaic Forte Anti-Acne hỗ trợ giảm mụn, mờ thâm - 50ml;4620002189631;0.00;0.00;0.00;0.00;VIE GROUP HCM;Default Piling Area;Default Shelf;0;0;0;0;0;0.00;0;0.00;--;0.00;0.00;Còn hàng;Chưa chọn danh mục;;;Single SKU;
https://res.bigseller.pro/sku/images/merchantsku/944484/315447_1790004837902.jpg?imageView2/1/w/300/h/300;3226;APG ECO Dầu Dừa Nấu Thủ Công - 250ml;;0.00;0.00;0.00;0.00;VIE GROUP HCM;Default Piling Area;Default Shelf;0;0;0;0;0;0.00;0;0.00;--;0.00;0.00;Còn hàng;Chưa chọn danh mục;;;Single SKU;
https://res.bigseller.pro/sku/images/merchantsku/944484/573296_1790004812371.jpg?imageView2/1/w/300/h/300;3225;DR.DIÉT Nước uống đẹp da Sunshine Glutathione 10X - 1 Hộp (20 gói x 10g);8809538820256;0.00;0.00;0.00;0.00;VIE GROUP HCM;Default Piling Area;Default Shelf;0;0;0;0;0;0.00;0;0.00;--;0.00;0.00;Còn hàng;Chưa chọn danh mục;;;Single SKU;
https://res.bigseller.pro/sku/images/merchantsku/944484/450373_1790001891912.jpg?imageView2/1/w/300/h/300;3224;CARE:NEL Kem Chống Nắng Vật Lý Nâng Tone & Kiềm Dầu No Sebum Perfect UV Shield SPF50+/PA++++ Aqua Milky Brightening - 50ml;8809479167724;0.00;0.00;0.00;0.00;VIE GROUP HCM;Default Piling Area;Default Shelf;0;0;0;0;0;0.00;0;0.00;--;0.00;0.00;Còn hàng;Chưa chọn danh mục;;;Single SKU;
https://res.bigseller.pro/sku/images/merchantsku/944484/546514_1790001733494.jpg?imageView2/1/w/300/h/300;3223;OBAGI NU-DERM Kem hỗ trợ giảm nám tàn nhang Clear Fx 3AM PM - 57g;362032214085;0.00;0.00;0.00;0.00;VIE GROUP HCM;Default Piling Area;Default Shelf;0;0;0;0;0;0.00;0;0.00;--;0.00;0.00;Còn hàng;Chưa chọn danh mục;;;Single SKU;
https://res.bigseller.pro/sku/images/merchantsku/944484/129948_1790001529368.jpg?imageView2/1/w/300/h/300;3222;VASELINE Sữa Dưỡng Thể Gluta-Hya Serum 70x Burst UV Lotion (Xanh Dương) - 300ml;;0.00;0.00;0.00;0.00;VIE GROUP HCM;Default Piling Area;Default Shelf;0;0;0;0;0;0.00;0;0.00;--;0.00;0.00;Còn hàng;Chưa chọn danh mục;;;Single SKU;
https://res.bigseller.pro/sku/images/merchantsku/944484/539505_1790001313710.jpg?imageView2/1/w/300/h/300;3221;NIVEA Sữa Dưỡng Thể Extra Bright Night Nourish Body Lotion Dưỡng Trắng - 200ml;4005900926081;0.00;0.00;0.00;0.00;VIE GROUP HCM;Default Piling Area;Default Shelf;7;0;7;0;0;0.00;0;0.00;--;85000.00;595000.00;Còn hàng;Chưa chọn danh mục;;;Single SKU;
https://res.bigseller.pro/sku/images/merchantsku/944484/647765_1790001200131.jpg?imageView2/1/w/300/h/300;3220;DR.PEPTI Mặt Nạ Dưỡng Ẩm Dịu Da Soothing Boost Up Mask - 1 Miếng;;0.00;0.00;0.00;0.00;VIE GROUP HCM;Default Piling Area;Default Shelf;0;0;0;0;0;0.00;0;0.00;--;0.00;0.00;Còn hàng;Chưa chọn danh mục;;;Single SKU;
https://res.bigseller.pro/sku/images/merchantsku/944484/014593_1790044806725.jpg?imageView2/1/w/300/h/300;3219;CETAPHIL Sữa Dưỡng Ẩm Phục Hồi Chuyên Sâu Ceramide Repair Lotion - 236ml;;0.00;0.00;0.00;0.00;VIE GROUP HCM;Default Piling Area;Default Shelf;1;0;1;0;0;0.00;0;0.09;11;281251.00;281251.00;Còn hàng;Chưa chọn danh mục;;;Single SKU;
https://res.bigseller.pro/sku/images/merchantsku/944484/462643_1790001074321.jpg?imageView2/1/w/300/h/300;3218;CETAPHIL Nước Tẩy Trang Healthy Renew Micellar Cleansing Water - 160ml;3499320017893;0.00;0.00;0.00;0.00;VIE GROUP HCM;Default Piling Area;Default Shelf;1;0;1;0;0;0.00;0;0.00;--;0.00;0.00;Còn hàng;Chưa chọn danh mục;;;Single SKU;
https://res.bigseller.pro/sku/images/merchantsku/944484/982479_1790000659525.jpg?imageView2/1/w/300/h/300;3217;MEDIPEEL Sữa Rửa Mặt Red Lacto Collagen Clear Foam Cleanser 2.0 (Đỏ) - 120ml;;0.00;0.00;0.00;0.00;VIE GROUP HCM;Default Piling Area;Default Shelf;0;0;0;0;0;0.00;0;5.00;0;113850.00;0.00;Còn hàng;Chưa chọn danh mục;;;Single SKU;
https://res.bigseller.pro/sku/images/merchantsku/944484/139798_1790000621722.jpg?imageView2/1/w/300/h/300;3216;MEDIPEEL Kem Dưỡng Sáng Da Dạng Viên Melanon x Drop Gel Cream - 50g;;0.00;0.00;0.00;0.00;VIE GROUP HCM;Default Piling Area;Default Shelf;0;0;0;0;0;0.00;0;5.00;0;234850.00;0.00;Còn hàng;Chưa chọn danh mục;;;Single SKU;
https://res.bigseller.pro/sku/images/merchantsku/944484/630605_1790000585455.jpg?imageView2/1/w/300/h/300;3215;LANEIGE Tuýp Son Dưỡng Lip Glowy Balm (Berry Hương quả mọng) - 10g;;0.00;0.00;0.00;0.00;VIE GROUP HCM;Default Piling Area;Default Shelf;0;0;0;0;0;0.00;0;5.00;0;186850.00;0.00;Còn hàng;Chưa chọn danh mục;;;Single SKU;
https://res.bigseller.pro/sku/images/merchantsku/944484/205859_1790000548815.jpg?imageView2/1/w/300/h/300;3214;VASELINE Sáp Dưỡng Ẩm Baby Protecting Jelly (212g) - 250ml;8909106021761;0.00;0.00;0.00;0.00;VIE GROUP HCM;Default Piling Area;Default Shelf;5;5;0;0;0;0.00;0;5.00;0;86943.40;434717.00;Còn hàng;Chưa chọn danh mục;;;Single SKU;
https://res.bigseller.pro/sku/images/merchantsku/944484/316917_1789791836769.jpg?imageView2/1/w/300/h/300;3213;NIVEA Son dưỡng môi Caring Lip Balm Strawberry Shine (Dâu Tây) - 4.8g;;0.00;0.00;0.00;0.00;VIE GROUP HCM;Default Piling Area;Default Shelf;0;0;0;0;0;0.00;0;17.67;0;42750.00;0.00;Còn hàng;Chưa chọn danh mục;;;Single SKU;
https://res.bigseller.pro/sku/images/merchantsku/944484/983843_1789791810118.jpg?imageView2/1/w/300/h/300;3212;NIVEA Son dưỡng môi Caring Lip Balm Original Care (Nguyên Bản Không Màu) - 4.8g;;0.00;0.00;0.00;0.00;VIE GROUP HCM;Default Piling Area;Default Shelf;0;0;0;0;0;0.00;0;24.00;0;42750.00;0.00;Còn hàng;Chưa chọn danh mục;;;Single SKU;
https://res.bigseller.pro/sku/images/merchantsku/944484/460634_1789737468175.jpg?imageView2/1/w/300/h/300;QT50;SOME BY MI Mặt Nạ Giấy Real Super Matcha Pore Care Mask - 20g;8809647391524;0.00;0.00;0.00;0.00;VIE GROUP HCM;Default Piling Area;Default Shelf;0;0;0;0;0;0.00;0;0.62;0;0.00;0.00;Còn hàng;Chưa chọn danh mục;;;Single SKU;
https://res.bigseller.pro/sku/images/merchantsku/944484/293280_1789725980061.jpg?imageView2/1/w/300/h/300;QT49;Bông Tắm Tạo Bọt;;0.00;0.00;0.00;0.00;VIE GROUP HCM;Default Piling Area;Default Shelf;20;0;20;0;0;0.00;0;0.00;--;316.92;6338.40;Còn hàng;Chưa chọn danh mục;;;Single SKU;
https://res.bigseller.pro/sku/images/merchantsku/944484/232600_1789719915246.jpg?imageView2/1/w/300/h/300;3211;DERMA+ ANSWER CNP Set Tinh Chất PDRN Căng Bóng Sáng Da Active Boost Ampule - 15ml & 30ml;;0.00;0.00;0.00;0.00;VIE GROUP HCM;Default Piling Area;Default Shelf;0;0;0;0;0;0.00;0;3.00;0;374000.00;0.00;Còn hàng;Chưa chọn danh mục;;;Single SKU;
https://res.bigseller.pro/sku/images/merchantsku/944484/382785_1789718137179.jpg?imageView2/1/w/300/h/300;3210;WEILAIYA Sữa Tắm Trắng Da Hương Hoa Trà Niacinamide Shower Gel - 450ml;6971025881100;0.00;0.00;0.00;0.00;VIE GROUP HCM;Default Piling Area;Default Shelf;0;0;0;0;0;0.00;0;1.50;0;257276.04;0.00;Còn hàng;Chưa chọn danh mục;;;Single SKU;
https://res.bigseller.pro/sku/images/merchantsku/944484/752861_1789715038135.jpg?imageView2/1/w/300/h/300;3209;PAULA'S CHOICE Kem Dưỡng Thể 10% AHA Skin Revealing Body Lotion - 30ml;;0.00;0.00;0.00;0.00;VIE GROUP HCM;Default Piling Area;Default Shelf;0;0;0;0;0;0.00;0;13.00;0;47000.00;0.00;Còn hàng;Chưa chọn danh mục;;;Single SKU;
https://res.bigseller.pro/sku/images/merchantsku/944484/953186_1789714104065.jpg?imageView2/1/w/300/h/300;3208;CERAVE Nước Tẩy Trang Cho Da Thường Đến Da Dầu Purifying Micellar Water - 400ml;;0.00;0.00;0.00;0.00;VIE GROUP HCM;Default Piling Area;Default Shelf;0;0;0;0;0;0.00;0;0.00;--;0.00;0.00;Còn hàng;Chưa chọn danh mục;;;Single SKU;
https://res.bigseller.pro/sku/images/merchantsku/944484/132270_1789713980631.jpg?imageView2/1/w/300/h/300;3207;CERAVE Nước Tẩy Trang Cho Da Khô Hydrating Micellar Water - 400ml;;0.00;0.00;0.00;0.00;VIE GROUP HCM;Default Piling Area;Default Shelf;0;0;0;0;0;0.00;0;0.00;--;0.00;0.00;Còn hàng;Chưa chọn danh mục;;;Single SKU;
https://res.bigseller.pro/sku/images/merchantsku/944484/162838_1789706701077.jpg?imageView2/1/w/300/h/300;3206;JMELLA Set Sữa Tắm Hương Nước Hoa In France Body Wash # No.2 Femme Fatale - 1000ml + Bông tắm;;0.00;0.00;0.00;0.00;VIE GROUP HCM;Default Piling Area;Default Shelf;0;0;0;0;0;0.00;0;5.00;0;127378.38;0.00;Còn hàng;Chưa chọn danh mục;;;Single SKU;
https://res.bigseller.pro/sku/images/merchantsku/944484/760521_1789702382665.jpg?imageView2/1/w/300/h/300;3199;JMELLA Set Sữa Tắm Hương Nước Hoa In France Body Wash # No.4 Queen 5' - 1000ml + Bông tắm;;0.00;0.00;0.00;0.00;VIE GROUP HCM;Default Piling Area;Default Shelf;6;0;6;0;0;0.00;0;1.33;4;126747.66;760485.96;Còn hàng;Chưa chọn danh mục;;;Single SKU;
https://res.bigseller.pro/sku/images/merchantsku/944484/857262_1789699602748.jpg?imageView2/1/w/300/h/300;3198;ODBO Bảng phấn mắt 9 ô Shadow & Me Palette # Màu 03 Aurora - 6,5g;;0.00;0.00;0.00;0.00;VIE GROUP HCM;Default Piling Area;Default Shelf;0;0;0;0;0;0.00;0;2.00;0;102378.38;0.00;Còn hàng;Chưa chọn danh mục;;;Single SKU;
https://res.bigseller.pro/sku/images/merchantsku/944484/199169_1789699579118.jpg?imageView2/1/w/300/h/300;3197;ODBO Bảng phấn mắt 9 ô Shadow & Me Palette # Màu 02 Rosewood - 6,5g;;0.00;0.00;0.00;0.00;VIE GROUP HCM;Default Piling Area;Default Shelf;0;0;0;0;0;0.00;0;3.33;0;102378.38;0.00;Còn hàng;Chưa chọn danh mục;;;Single SKU;
https://res.bigseller.pro/sku/images/merchantsku/944484/986856_1789699551975.jpg?imageView2/1/w/300/h/300;3196;ODBO Bảng phấn mắt 9 ô Shadow & Me Palette # Màu 01 Apricot - 6,5g;;0.00;0.00;0.00;0.00;VIE GROUP HCM;Default Piling Area;Default Shelf;0;0;0;0;0;0.00;0;2.00;0;102378.38;0.00;Còn hàng;Chưa chọn danh mục;;;Single SKU;
https://res.bigseller.pro/sku/images/merchantsku/944484/207965_1789699527325.jpg?imageView2/1/w/300/h/300;3195;ODBO Bảng phấn mắt 10 ô Iconic Eyeshadow Palette # Màu 03 Sweet Winter - 7g;;0.00;0.00;0.00;0.00;VIE GROUP HCM;Default Piling Area;Default Shelf;0;0;0;0;0;0.00;0;3.00;0;129378.38;0.00;Còn hàng;Chưa chọn danh mục;;;Single SKU;
https://res.bigseller.pro/sku/images/merchantsku/944484/025840_1789699373480.jpg?imageView2/1/w/300/h/300;3194;TESORI D'ORIENTE Sữa tắm nước hoa Hoa Sen (Lotus Flower) - 500ml;;0.00;0.00;0.00;0.00;VIE GROUP HCM;Default Piling Area;Default Shelf;0;0;0;0;0;0.00;0;7.67;0;156050.00;0.00;Còn hàng;Chưa chọn danh mục;;;Single SKU;
https://res.bigseller.pro/sku/images/merchantsku/944484/958949_1789638202898.jpg?imageView2/1/w/300/h/300;QT48;CERAVE Kem Dưỡng Cho Da Khô Đến Rất Khô - 7ml;3337875597463;0.00;0.00;0.00;0.00;VIE GROUP HCM;Default Piling Area;Default Shelf;800;0;800;0;0;0.00;0;3.33;240;0.00;0.00;Còn hàng;Chưa chọn danh mục;;;Single SKU;
https://res.bigseller.pro/sku/images/merchantsku/944484/795118_1789634497494.jpg?imageView2/1/w/300/h/300;3193;LRP Kem Dưỡng Kiềm Dầu Láng Mịn Lỗ Chân Lông Laboratoire Dermatologique Effaclar Supramolecular Oil & Pores Correct - 40ml;;0.00;0.00;0.00;0.00;VIE GROUP HCM;Default Piling Area;Default Shelf;0;0;0;0;0;0.00;0;0.00;--;0.00;0.00;Còn hàng;Chưa chọn danh mục;;;Single SKU;
https://res.bigseller.pro/sku/images/merchantsku/944484/219261_1789631019019.jpg?imageView2/1/w/300/h/300;QT47;GLORIE Quà tặng giỏ treo cọ;;0.00;0.00;0.00;0.00;VIE GROUP HCM;Default Piling Area;Default Shelf;0;0;0;0;0;0.00;0;10.00;0;341.04;0.00;Còn hàng;Chưa chọn danh mục;;;Single SKU;
https://res.bigseller.pro/sku/images/merchantsku/944484/271491_1789630916585.jpg?imageView2/1/w/300/h/300;QT46;JARY Quà tặng chậu làm sạch cọ trang điểm bằng Silicol - Hồng;;0.00;0.00;0.00;0.00;VIE GROUP HCM;Default Piling Area;Default Shelf;0;0;0;0;0;0.00;0;10.00;0;341.04;0.00;Còn hàng;Chưa chọn danh mục;;;Single SKU;
https://res.bigseller.pro/sku/images/merchantsku/944484/418547_1789630383528.jpg?imageView2/1/w/300/h/300;3192;WONJIN Hộp Mặt Nạ Effect Glutathione Brightening Skin Mask - 30g (1 miếng);;0.00;0.00;0.00;0.00;VIE GROUP HCM;Default Piling Area;Default Shelf;0;0;0;0;0;0.00;0;20.00;0;20450.00;0.00;Còn hàng;Chưa chọn danh mục;;;Single SKU;
https://res.bigseller.pro/sku/images/merchantsku/944484/002200_1789616944188.jpg?imageView2/1/w/300/h/300;3190;MENARINI Gel tái tạo trẻ hóa, hỗ trợ da Tretinoin Gel USP - 0.05%;;0.00;0.00;0.00;0.00;VIE GROUP HCM;Default Piling Area;Default Shelf;0;0;0;0;0;0.00;0;0.00;--;0.00;0.00;Còn hàng;Chưa chọn danh mục;;;Single SKU;
https://res.bigseller.pro/sku/images/merchantsku/944484/618077_1789447923980.jpg?imageView2/1/w/300/h/300;3189;TESORI D'ORIENTE Sữa tắm nước hoa Tinh dầu Ikigai - 250ml;;0.00;0.00;0.00;0.00;VIE GROUP HCM;Default Piling Area;Default Shelf;0;0;0;0;0;0.00;0;6.40;0;103050.00;0.00;Còn hàng;Chưa chọn danh mục;;;Single SKU;
https://res.bigseller.pro/sku/images/merchantsku/944484/162061_1789447897202.jpg?imageView2/1/w/300/h/300;3188;TESORI D'ORIENTE Sữa tắm nước hoa Tinh dầu Hammam - 250ml;;0.00;0.00;0.00;0.00;VIE GROUP HCM;Default Piling Area;Default Shelf;0;0;0;0;0;0.00;0;5.00;0;102386.74;0.00;Còn hàng;Chưa chọn danh mục;;;Single SKU;
https://res.bigseller.pro/sku/images/merchantsku/944484/233925_1789447871485.jpg?imageView2/1/w/300/h/300;3187;TESORI D'ORIENTE Sữa tắm nước hoa Tinh dầu Macca - 250ml;;0.00;0.00;0.00;0.00;VIE GROUP HCM;Default Piling Area;Default Shelf;0;0;0;0;0;0.00;0;5.00;0;102386.74;0.00;Còn hàng;Chưa chọn danh mục;;;Single SKU;
https://res.bigseller.pro/sku/images/merchantsku/944484/994340_1789447424456.jpg?imageView2/1/w/300/h/300;3186;COCOON Nước Tẩy Trang Sen Hậu Giang - 500ml;;0.00;0.00;0.00;0.00;VIE GROUP HCM;Default Piling Area;Default Shelf;0;0;0;0;0;0.00;0;2.00;0;137386.74;0.00;Còn hàng;Chưa chọn danh mục;;;Single SKU;
https://res.bigseller.pro/sku/images/merchantsku/944484/092209_1789375889788.jpg?imageView2/1/w/300/h/300;3185;ACNELYSE Kem hỗ trợ giảm mụn Tretinoin 0,05% - 20g;;0.00;0.00;0.00;0.00;VIE GROUP HCM;Default Piling Area;Default Shelf;0;0;0;0;0;0.00;0;0.00;--;0.00;0.00;Còn hàng;Chưa chọn danh mục;;;Single SKU;
https://res.bigseller.pro/sku/images/merchantsku/944484/950370_1789373416344.jpg?imageView2/1/w/300/h/300;3184;EUCERIN Sữa Rửa Mặt Cho Da Nhạy Cảm PH5 Sensitive Skin Facial Cleanser - 400ml;8850029038896;0.00;0.00;0.00;0.00;VIE GROUP HCM;Default Piling Area;Default Shelf;3;0;3;0;0;0.00;0;0.00;--;195455.28;586365.84;Còn hàng;Chưa chọn danh mục;;;Single SKU;
https://res.bigseller.pro/sku/images/merchantsku/944484/107099_1789372115183.jpg?imageView2/1/w/300/h/300;QT45;KYUNGLAB Quà tặng túi mùa hè (màu ngẫu nhiên);;0.00;0.00;0.00;0.00;VIE GROUP HCM;Default Piling Area;Default Shelf;0;0;0;0;0;0.00;0;2.00;0;0.00;0.00;Còn hàng;Chưa chọn danh mục;;;Single SKU;
https://res.bigseller.pro/sku/images/merchantsku/944484/918300_1789366452428.jpg?imageView2/1/w/300/h/300;3183;CETAPHIL Kem Dưỡng Ẩm Và Làm Dịu Da Cho Bé Baby Soothing Moisturising Cream - 100g;3499320017152;0.00;0.00;0.00;0.00;VIE GROUP HCM;Default Piling Area;Default Shelf;3;0;3;0;0;0.00;0;0.96;3;97015.13;291045.39;Còn hàng;Chưa chọn danh mục;;;Single SKU;
https://res.bigseller.pro/sku/images/merchantsku/944484/667405_1789350662380.jpg?imageView2/1/w/300/h/300;QT44;LIFEBUOY Sữa tắm thiên nhiên Than Hoạt Tính & Cám Gạo - 100g;;0.00;0.00;0.00;0.00;VIE GROUP HCM;Default Piling Area;Default Shelf;0;0;0;0;0;0.00;0;0.90;0;0.00;0.00;Còn hàng;Chưa chọn danh mục;;;Single SKU;
https://res.bigseller.pro/sku/images/merchantsku/944484/793486_1789350638618.jpg?imageView2/1/w/300/h/300;QT43;LIFEBUOY Sữa tắm thiên nhiên Cica & Muối Hồng - 100g;;0.00;0.00;0.00;0.00;VIE GROUP HCM;Default Piling Area;Default Shelf;0;0;0;0;0;0.00;0;1.00;0;0.00;0.00;Còn hàng;Chưa chọn danh mục;;;Single SKU;
https://res.bigseller.pro/sku/images/merchantsku/944484/261431_1789197701098.jpg?imageView2/1/w/300/h/300;3182;JMELLA Tẩy da chết Body No.2 - 298g;;0.00;0.00;0.00;0.00;VIE GROUP HCM;Default Piling Area;Default Shelf;0;0;0;0;0;0.00;0;6.00;0;118389.61;0.00;Còn hàng;Chưa chọn danh mục;;;Single SKU;
https://res.bigseller.pro/sku/images/merchantsku/944484/663261_1789116884811.jpg?imageView2/1/w/300/h/300;QT42;SENSILIS Kem Chống Nắng Photocorrection Pure Age Perfection 50+ - 5ml;;0.00;0.00;0.00;0.00;VIE GROUP HCM;Default Piling Area;Default Shelf;11;0;11;0;0;0.00;0;0.00;--;0.00;0.00;Còn hàng;Chưa chọn danh mục;;;Single SKU;
https://res.bigseller.pro/sku/images/merchantsku/944484/418640_1789113485690.jpg?imageView2/1/w/300/h/300;3181;DOVE Tinh chất Serum Ngăn Mùi 3% Niacinamide + 10x Vegan Collagen - 40ml;;0.00;0.00;0.00;0.00;VIE GROUP HCM;Default Piling Area;Default Shelf;0;0;0;0;0;0.00;0;5.50;0;64505.62;0.00;Còn hàng;Chưa chọn danh mục;;;Single SKU;
https://res.bigseller.pro/sku/images/merchantsku/944484/079604_1789109641353.jpg?imageView2/1/w/300/h/300;3180;SIMPLE Sữa rửa mặt Repair + Facial Wash - 240ml;;0.00;0.00;0.00;0.00;VIE GROUP HCM;Default Piling Area;Default Shelf;0;0;0;0;0;0.00;0;0.31;0;156625.00;0.00;Còn hàng;Chưa chọn danh mục;;;Single SKU;
https://res.bigseller.pro/sku/images/merchantsku/944484/329498_1789096235897.jpg?imageView2/1/w/300/h/300;VT21;HỘP GIẤY 15X8X6;;0.00;0.00;0.00;0.00;VIE GROUP HCM;Default Piling Area;Default Shelf;5000;0;5000;0;0;0.00;0;0.00;--;745.20;3726000.00;Còn hàng;Chưa chọn danh mục;;;Single SKU;
https://res.bigseller.pro/sku/images/merchantsku/944484/267845_1789089289721.jpg?imageView2/1/w/300/h/300;3179;SUAVE Sữa tắm gội trẻ em Kids 3 in 1 Hương Dừa - 700ml;;0.00;0.00;0.00;0.00;VIE GROUP HCM;Default Piling Area;Default Shelf;0;0;0;0;0;0.00;0;6.00;0;111222.22;0.00;Còn hàng;Chưa chọn danh mục;;;Single SKU;
https://res.bigseller.pro/sku/images/merchantsku/944484/063520_1789089272519.jpg?imageView2/1/w/300/h/300;3178;SUAVE Sữa tắm gội trẻ em Kids 3 in 1 Hương Dưa hấu - 700ml;;0.00;0.00;0.00;0.00;VIE GROUP HCM;Default Piling Area;Default Shelf;0;0;0;0;0;0.00;0;9.00;0;106833.33;0.00;Còn hàng;Chưa chọn danh mục;;;Single SKU;
https://res.bigseller.pro/sku/images/merchantsku/944484/812235_1789089242618.jpg?imageView2/1/w/300/h/300;3177;SUAVE Sữa tắm gội trẻ em Kids 3 in 1 Hương Táo - 700ml;;0.00;0.00;0.00;0.00;VIE GROUP HCM;Default Piling Area;Default Shelf;0;0;0;0;0;0.00;0;6.00;0;106833.33;0.00;Còn hàng;Chưa chọn danh mục;;;Single SKU;
https://res.bigseller.pro/sku/images/merchantsku/944484/577083_1789089375223.jpg?imageView2/1/w/300/h/300;3176;TESORI D'ORIENTE Sữa tắm tuýp nước hoa Giấc mơ ba tư (Persian Dream) - 250ml;;0.00;0.00;0.00;0.00;VIE GROUP HCM;Default Piling Area;Default Shelf;0;0;0;0;0;0.00;0;1.00;0;104197.79;0.00;Còn hàng;Chưa chọn danh mục;;;Single SKU;
https://res.bigseller.pro/sku/images/merchantsku/944484/213530_1789089137265.jpg?imageView2/1/w/300/h/300;3175;TESORI D'ORIENTE Sữa tắm nước hoa Giấc mơ ba tư (Persian Dream) - 500ml;;0.00;0.00;0.00;0.00;VIE GROUP HCM;Default Piling Area;Default Shelf;0;0;0;0;0;0.00;0;1.00;0;159333.33;0.00;Còn hàng;Chưa chọn danh mục;;;Single SKU;
https://res.bigseller.pro/sku/images/merchantsku/944484/431382_1789089103218.jpg?imageView2/1/w/300/h/300;3174;TESORI D'ORIENTE Sữa tắm nước hoa Xạ hương (White Musk) - 500ml;;0.00;0.00;0.00;0.00;VIE GROUP HCM;Default Piling Area;Default Shelf;0;0;0;0;0;0.00;0;1.00;0;159333.33;0.00;Còn hàng;Chưa chọn danh mục;;;Single SKU;
https://res.bigseller.pro/sku/images/merchantsku/944484/167721_1789089076277.jpg?imageView2/1/w/300/h/300;3173;TESORI D'ORIENTE Sữa tắm nước hoa Thanh long & Hoa nhài (Dragon Flower) - 500ml;;0.00;0.00;0.00;0.00;VIE GROUP HCM;Default Piling Area;Default Shelf;0;0;0;0;0;0.00;0;0.86;0;156378.38;0.00;Còn hàng;Chưa chọn danh mục;;;Single SKU;
https://res.bigseller.pro/sku/images/merchantsku/944484/566344_1789088991885.jpg?imageView2/1/w/300/h/300;3172;TESORI D'ORIENTE Sữa tắm nước hoa Hy lạp cổ đại (Byzantium) - 500ml;;0.00;0.00;0.00;0.00;VIE GROUP HCM;Default Piling Area;Default Shelf;0;0;0;0;0;0.00;0;1.00;0;159333.33;0.00;Còn hàng;Chưa chọn danh mục;;;Single SKU;
https://res.bigseller.pro/sku/images/merchantsku/944484/529725_1788938367658.jpg?imageView2/1/w/300/h/300;QT41;MAXCLINIC Cọ Rửa Mặt 2 Đầu Cầm Tay;;0.00;0.00;0.00;0.00;VIE GROUP HCM;Default Piling Area;Default Shelf;7;0;7;0;0;0.00;0;0.00;--;0.00;0.00;Còn hàng;Chưa chọn danh mục;;;Single SKU;
https://res.bigseller.pro/sku/images/merchantsku/944484/979404_1788937512317.jpg?imageView2/1/w/300/h/300;QT40;MEDIANSWER Tinh chất hỗ trợ sáng da Vita Collagen Logic Ampoule - 2 ml;;0.00;0.00;0.00;0.00;VIE GROUP HCM;Default Piling Area;Default Shelf;911;0;911;0;0;0.00;0;3.00;303;0.00;0.00;Còn hàng;Chưa chọn danh mục;;;Single SKU;
https://res.bigseller.pro/sku/images/merchantsku/944484/150075_1788925284093.jpg?imageView2/1/w/300/h/300;VT20;MÀNG PE 2 Tấc (20cm);;0.00;0.00;0.00;0.00;VIE GROUP HCM;Default Piling Area;Default Shelf;8;0;8;0;0;0.00;0;0.00;--;35289.06;282312.48;Còn hàng;Chưa chọn danh mục;;;Single SKU;
https://res.bigseller.pro/sku/images/merchantsku/944484/796807_1788925102236.jpg?imageView2/1/w/300/h/300;VT19;CUỘN MÀNG PE 16.7cm - 1 Cây 5 Tấc (50cm) Cắt 3 Đoạn;;0.00;0.00;0.00;0.00;VIE GROUP HCM;Default Piling Area;Default Shelf;90;0;90;0;0;0.00;0;0.00;--;28677.84;2581005.60;Còn hàng;Chưa chọn danh mục;;;Single SKU;
https://res.bigseller.pro/sku/images/merchantsku/944484/478526_1788917501715.jpg?imageView2/1/w/300/h/300;QT39;SVR Túi Laboratoire Dermatologique;;0.00;0.00;0.00;0.00;VIE GROUP HCM;Default Piling Area;Default Shelf;0;0;0;0;0;0.00;0;0.93;0;0.00;0.00;Còn hàng;Chưa chọn danh mục;;;Single SKU;
https://res.bigseller.pro/sku/images/merchantsku/944484/972225_1788916967319.jpg?imageView2/1/w/300/h/300;QT38;VICHY Kem Chống Nắng Capital Soleil SPF50 UVB UVA Anti-Taches 3-en-1 (Anti-Dark Spot) - 3ml;3337875419826;0.00;0.00;0.00;0.00;VIE GROUP HCM;Default Piling Area;Default Shelf;3;0;3;0;0;0.00;0;0.07;42;0.00;0.00;Còn hàng;Chưa chọn danh mục;;;Single SKU;
https://res.bigseller.pro/sku/images/merchantsku/944484/636552_1788862197457.jpg?imageView2/1/w/300/h/300;QT37;FRESH & CARE Dung dịch vệ sinh phụ nữ Odor Fresh+ - 250ml;;0.00;0.00;0.00;0.00;VIE GROUP HCM;Default Piling Area;Default Shelf;1;0;1;0;0;0.00;0;1.29;0;0.00;0.00;Còn hàng;Chưa chọn danh mục;;;Single SKU;
https://res.bigseller.pro/sku/images/merchantsku/944484/277888_1788862173111.jpg?imageView2/1/w/300/h/300;QT36;FRESH & CARE Dung dịch vệ sinh phụ nữ Odor Fresh+ - 150ml;;0.00;0.00;0.00;0.00;VIE GROUP HCM;Default Piling Area;Default Shelf;0;0;0;0;0;0.00;0;1.22;0;0.00;0.00;Còn hàng;Chưa chọn danh mục;;;Single SKU;
https://res.bigseller.pro/sku/images/merchantsku/944484/389029_1789097999173.jpg?imageView2/1/w/300/h/300;3171;VASELINE Sữa Dưỡng Thể Trắng Da Toàn Thân Body Lotion Bản Mỹ (Màu nâu) - 725ml;8901030912986;0.00;0.00;0.00;0.00;VIE GROUP HCM;Default Piling Area;Default Shelf;39;0;39;0;0;0.00;0;72.27;0;108000.00;4212000.00;Còn hàng;Chưa chọn danh mục;;;Single SKU;
https://res.bigseller.pro/sku/images/merchantsku/944484/149993_1788924319464.jpg?imageView2/1/w/300/h/300;3170;3CE Phấn má & Highlight Blushlighter (Lazy Talk) Hống Đào Sữa Nữ - 9g;;0.00;0.00;0.00;0.00;VIE GROUP HCM;Default Piling Area;Default Shelf;0;0;0;0;0;0.00;0;0.00;--;259247.37;0.00;Còn hàng;Chưa chọn danh mục;;;Single SKU;
https://res.bigseller.pro/sku/images/merchantsku/944484/844650_1788859163338.jpg?imageView2/1/w/300/h/300;3169;NATURIE Gel dưỡng ẩm chiết xuất từ hạt ý dĩ Skin Conditioning - 180g;;0.00;0.00;0.00;0.00;VIE GROUP HCM;Default Piling Area;Default Shelf;0;0;0;0;0;0.00;0;0.00;--;113163.64;0.00;Còn hàng;Chưa chọn danh mục;;;Single SKU;
https://res.bigseller.pro/sku/images/merchantsku/944484/648095_1788841691893.jpg?imageView2/1/w/300/h/300;3168;CASMARA Tinh chất giảm nám, làm sáng ban đêm Lightening Clarifying Concentrated Serum - 30ml;8436561413706;0.00;0.00;0.00;0.00;VIE GROUP HCM;Default Piling Area;Default Shelf;1;0;1;0;0;0.00;0;0.05;20;1261028.57;1261028.57;Còn hàng;Chưa chọn danh mục;;;Single SKU;
https://res.bigseller.pro/sku/images/merchantsku/944484/326323_1788776451950.jpg?imageView2/1/w/300/h/300;3167;HISTO Mặt nạ dưỡng trắng da Lightening Cream Mask - 250g;;0.00;0.00;0.00;0.00;VIE GROUP HCM;Default Piling Area;Default Shelf;0;0;0;0;0;0.00;0;1.00;0;297472.22;0.00;Còn hàng;Chưa chọn danh mục;;;Single SKU;
https://res.bigseller.pro/sku/images/merchantsku/944484/441645_1788776398114.jpg?imageView2/1/w/300/h/300;3166;AVENE Kem Dưỡng Làm Mờ Nếp Nhăn Hyaluron Activ B3 Cell Renewal Aqua Cream-In-Gel - 50ml;3282770400731;0.00;0.00;0.00;0.00;VIE GROUP HCM;Default Piling Area;Default Shelf;1;0;1;0;0;0.00;0;0.00;--;0.00;0.00;Còn hàng;Chưa chọn danh mục;;;Single SKU;
https://res.bigseller.pro/sku/images/merchantsku/944484/735771_1788755238608.jpg?imageView2/1/w/300/h/300;3165;LOREAL Dầu Xả Giảm Rụng Tóc Paris Full Resist Detangling Conditioner - 80m;;0.00;0.00;0.00;0.00;VIE GROUP HCM;Default Piling Area;Default Shelf;0;0;0;0;0;0.00;0;0.00;--;0.00;0.00;Còn hàng;Chưa chọn danh mục;;;Single SKU;
https://res.bigseller.pro/sku/images/merchantsku/944484/055252_1788755234525.jpg?imageView2/1/w/300/h/300;3164;LOREAL Dầu Gội Paris Full Resist Purifying Shampoo - 80ml;;0.00;0.00;0.00;0.00;VIE GROUP HCM;Default Piling Area;Default Shelf;0;0;0;0;0;0.00;0;0.00;--;0.00;0.00;Còn hàng;Chưa chọn danh mục;;;Single SKU;
https://res.bigseller.pro/sku/images/merchantsku/944484/731731_1788755285203.jpg?imageView2/1/w/300/h/300;3163;COCOON Sữa Chống Nắng Vô Cơ Sen Hậu Giang Tone up Pink (Hồng) - 50ml;;0.00;0.00;0.00;0.00;VIE GROUP HCM;Default Piling Area;Default Shelf;0;0;0;0;0;0.00;0;0.00;--;202066.67;0.00;Còn hàng;Chưa chọn danh mục;;;Single SKU;
https://res.bigseller.pro/sku/images/merchantsku/944484/258908_1788584272357.jpg?imageView2/1/w/300/h/300;3161;SILKY Hands Kem Tay Lụa Dưỡng (Odor) - 80ml;8714100846940;0.00;0.00;0.00;0.00;VIE GROUP HCM;Default Piling Area;Default Shelf;0;0;0;0;0;0.00;0;0.20;0;36663.64;0.00;Còn hàng;Chưa chọn danh mục;;;Single SKU;
https://res.bigseller.pro/sku/images/merchantsku/944484/019309_1788584584154.jpg?imageView2/1/w/300/h/300;3160;SILKY Hands Kem Tay Lụa Dưỡng (Cherry) - 80ml;4605922032076;0.00;0.00;0.00;0.00;VIE GROUP HCM;Default Piling Area;Default Shelf;0;0;0;0;0;0.00;0;0.20;0;36663.64;0.00;Còn hàng;Chưa chọn danh mục;;;Single SKU;
https://res.bigseller.pro/sku/images/merchantsku/944484/859553_1788584289466.jpg?imageView2/1/w/300/h/300;3159;SILKY Hands Kem Tay Lụa Dưỡng (Dâu Đen Hạnh Nhân) - 80ml;4605922032069;0.00;0.00;0.00;0.00;VIE GROUP HCM;Default Piling Area;Default Shelf;0;0;0;0;0;0.00;0;0.20;0;36663.64;0.00;Còn hàng;Chưa chọn danh mục;;;Single SKU;
https://res.bigseller.pro/sku/images/merchantsku/944484/395767_1788584682359.jpg?imageView2/1/w/300/h/300;3158;COCOON Gel Tắm Bí Đao Winter Melon Shower - 500ml;;0.00;0.00;0.00;0.00;VIE GROUP HCM;Default Piling Area;Default Shelf;0;0;0;0;0;0.00;0;0.00;--;122315.22;0.00;Còn hàng;Chưa chọn danh mục;;;Single SKU;
https://res.bigseller.pro/sku/images/merchantsku/944484/393798_1788425102993.jpg?imageView2/1/w/300/h/300;3156;VICHY Kem dưỡng chống lão hóa Liftactiv Pigment Specialist B3 - 50ML ( ĐÊM );;0.00;0.00;0.00;0.00;VIE GROUP HCM;Default Piling Area;Default Shelf;0;0;0;0;0;0.00;0;0.00;--;741573.86;0.00;Còn hàng;Chưa chọn danh mục;;;Single SKU;
https://res.bigseller.pro/sku/images/merchantsku/944484/175026_1788422046512.jpg?imageView2/1/w/300/h/300;3155;KYUNG LAB Kem Dưỡng Ẩm HA Ultra Hydrating - 50ml;;0.00;0.00;0.00;0.00;VIE GROUP HCM;Default Piling Area;Default Shelf;0;0;0;0;0;0.00;0;4.00;0;383075.00;0.00;Còn hàng;Chưa chọn danh mục;;;Single SKU;
https://res.bigseller.pro/sku/images/merchantsku/944484/859542_1788160397907.jpg?imageView2/1/w/300/h/300;3154;OLEXRS Dầu Xả Olexrs Argan Oil Collagen Hair Salon - 960ml;6978073345189;0.00;0.00;0.00;0.00;VIE GROUP HCM;Default Piling Area;Default Shelf;0;0;0;0;0;0.00;0;1.00;0;167214.29;0.00;Còn hàng;Chưa chọn danh mục;;;Single SKU;
https://res.bigseller.pro/sku/images/merchantsku/944484/389076_1788160401976.jpg?imageView2/1/w/300/h/300;3153;OLEXRS Dầu Gội Olexrs Argan Oil Collagen Hair Salon - 960ml;;0.00;0.00;0.00;0.00;VIE GROUP HCM;Default Piling Area;Default Shelf;0;0;0;0;0;0.00;0;1.00;0;167214.29;0.00;Còn hàng;Chưa chọn danh mục;;;Single SKU;
https://res.bigseller.pro/sku/images/merchantsku/944484/282734_1788160241358.jpg?imageView2/1/w/300/h/300;3152;BAYLIS & HARDING Sữa Tắm Hương Trà Trắng và Neroli White Tea Body Wash (Trắng) - 500ml;;0.00;0.00;0.00;0.00;VIE GROUP HCM;Default Piling Area;Default Shelf;0;0;0;0;0;0.00;0;0.00;--;115535.71;0.00;Còn hàng;Chưa chọn danh mục;;;Single SKU;
https://res.bigseller.pro/sku/images/merchantsku/944484/111536_1788160236970.jpg?imageView2/1/w/300/h/300;3151;BAYLIS & HARDING Sữa Tắm Hương Hoa Đào và Hoa Sen Pink Blossom Lotus Flower (Vàng) - 500ml;;0.00;0.00;0.00;0.00;VIE GROUP HCM;Default Piling Area;Default Shelf;0;0;0;0;0;0.00;0;0.00;--;115535.71;0.00;Còn hàng;Chưa chọn danh mục;;;Single SKU;
https://res.bigseller.pro/sku/images/merchantsku/944484/927724_1788160220776.jpg?imageView2/1/w/300/h/300;3150;COSMEHEAL Viên Sủi Trắng Da Hàn Quốc Healthy White Efferglow (3 ống / 1 Hộp);;0.00;0.00;0.00;0.00;VIE GROUP HCM;Default Piling Area;Default Shelf;0;0;0;0;0;0.00;0;0.00;--;0.00;0.00;Còn hàng;Chưa chọn danh mục;;;Single SKU;
https://res.bigseller.pro/sku/images/merchantsku/944484/756308_1788160213412.jpg?imageView2/1/w/300/h/300;QT35;KR.LAB Cọ Tán Nền Clinical;;0.00;0.00;0.00;0.00;VIE GROUP HCM;Default Piling Area;Default Shelf;5;0;5;0;0;0.00;0;0.00;--;206.32;1031.60;Còn hàng;Chưa chọn danh mục;;;Single SKU;
https://res.bigseller.pro/sku/images/merchantsku/944484/860228_1787970229106.jpg?imageView2/1/w/300/h/300;3149;BIELENDA Sữa Dưỡng Thể Bio Vitamin C Moisturizing Brightening Body Milk with Niacinamide (Xanh) - 400ml;;0.00;0.00;0.00;0.00;VIE GROUP HCM;Default Piling Area;Default Shelf;0;0;0;0;0;0.00;0;0.00;--;246500.00;0.00;Còn hàng;Chưa chọn danh mục;;;Single SKU;
https://res.bigseller.pro/sku/images/merchantsku/944484/089169_1787970328720.jpg?imageView2/1/w/300/h/300;3148;SOME BY MI Mặt Nạ Giấy Real Teatree Calming Care Mask (IP04) ver 4 (1 miếng) - 20g;8809647391500;0.00;0.00;0.00;0.00;VIE GROUP HCM;Default Piling Area;Default Shelf;4;0;4;0;0;0.00;0;0.00;--;0.00;0.00;Còn hàng;Chưa chọn danh mục;;;Single SKU;
https://res.bigseller.pro/sku/images/merchantsku/944484/804826_1787798067595.jpg?imageView2/1/w/300/h/300;3147;DUCRAY Gel Rửa Mặt Cho Da Nhờn Mụn Keracnyl Foaming Gel - 200ml;3282770141351;0.00;0.00;0.00;0.00;VIE GROUP HCM;Default Piling Area;Default Shelf;7;0;7;0;0;0.00;0;0.27;25;270713.00;1894991.00;Còn hàng;Chưa chọn danh mục;;;Single SKU;
https://res.bigseller.pro/sku/images/merchantsku/944484/027587_1787798073647.jpg?imageView2/1/w/300/h/300;3146;AVENE Nước tẩy trang cho da dầu mụn Cleanance Micellar Water - 400ml;3282770390315;0.00;0.00;0.00;0.00;VIE GROUP HCM;Default Piling Area;Default Shelf;2;0;2;0;0;0.00;0;1.13;1;220514.00;441028.00;Còn hàng;Chưa chọn danh mục;;;Single SKU;
https://res.bigseller.pro/sku/images/merchantsku/944484/329490_1787655753537.jpg?imageView2/1/w/300/h/300;QT34;DUCRAY Quà Tặng  Bóp Mỹ Phẩm;;0.00;0.00;0.00;0.00;VIE GROUP HCM;Default Piling Area;Default Shelf;1;0;1;0;0;0.00;0;0.00;--;49000.00;49000.00;Còn hàng;Chưa chọn danh mục;;;Single SKU;
https://res.bigseller.pro/sku/images/merchantsku/944484/587663_1787553867677.jpg?imageView2/1/w/300/h/300;3145;VASELINE Dưỡng Thể Intensive Care Advanced Repair Phục Hồi (Trắng) - 725ml;;0.00;0.00;0.00;0.00;VIE GROUP HCM;Default Piling Area;Default Shelf;0;0;0;0;0;0.00;0;79.40;0;110928.57;0.00;Còn hàng;Chưa chọn danh mục;;;Single SKU;
https://res.bigseller.pro/sku/images/merchantsku/944484/525484_1787553862497.jpg?imageView2/1/w/300/h/300;3144;VASELINE Dưỡng Thể Intensive Care Essential Healing (Yến Mạch) - 725ml;8901030912955;0.00;0.00;0.00;0.00;VIE GROUP HCM;Default Piling Area;Default Shelf;90;2;88;0;0;0.00;0;1.13;77;108024.03;9722162.70;Còn hàng;Chưa chọn danh mục;;;Single SKU;
https://res.bigseller.pro/sku/images/merchantsku/944484/156794_1787392000391.jpg?imageView2/1/w/300/h/300;3143;ARRAHAN Gel Tẩy Tế Bào Chết Green Tee (Trà Xanh) - 180ml;;0.00;0.00;0.00;0.00;VIE GROUP HCM;Default Piling Area;Default Shelf;0;0;0;0;0;0.00;0;10.00;0;51050.00;0.00;Còn hàng;Chưa chọn danh mục;;;Single SKU;
https://res.bigseller.pro/sku/images/merchantsku/944484/071461_1787391794798.jpg?imageView2/1/w/300/h/300;3142;ARRAHAN Gel Tẩy Tế Bào Chết Hanbang Soo (Nhân Sâm) - 180ml;;0.00;0.00;0.00;0.00;VIE GROUP HCM;Default Piling Area;Default Shelf;0;0;0;0;0;0.00;0;0.00;--;47851.06;0.00;Còn hàng;Chưa chọn danh mục;;;Single SKU;
https://res.bigseller.pro/sku/images/merchantsku/944484/831768_1787392042722.jpg?imageView2/1/w/300/h/300;3141;ARRAHAN Gel Tẩy Tế Bào Chết Pearl Tone Up (Ngọc Trai) - 180ml;;0.00;0.00;0.00;0.00;VIE GROUP HCM;Default Piling Area;Default Shelf;0;0;0;0;0;0.00;0;10.00;0;51050.00;0.00;Còn hàng;Chưa chọn danh mục;;;Single SKU;
https://res.bigseller.pro/sku/images/merchantsku/944484/554889_1787376072167.jpg?imageView2/1/w/300/h/300;3140;COCOON Sữa Chống Nắng Vô Cơ Sen Hậu Giang - 5ml;;0.00;0.00;0.00;0.00;VIE GROUP HCM;Default Piling Area;Default Shelf;0;0;0;0;0;0.00;0;0.00;--;0.00;0.00;Còn hàng;Chưa chọn danh mục;;;Single SKU;
https://res.bigseller.pro/sku/images/merchantsku/944484/807425_1787376077756.jpg?imageView2/1/w/300/h/300;3139;COCOON Gel Tắm Đường Thốt Nốt - 50ml;;0.00;0.00;0.00;0.00;VIE GROUP HCM;Default Piling Area;Default Shelf;0;0;0;0;0;0.00;0;0.00;--;15214.29;0.00;Còn hàng;Chưa chọn danh mục;;;Single SKU;
https://res.bigseller.pro/sku/images/merchantsku/944484/750125_1787376084027.jpg?imageView2/1/w/300/h/300;3138;COCOON Dầu Xả Bưởi - 50ml;;0.00;0.00;0.00;0.00;VIE GROUP HCM;Default Piling Area;Default Shelf;0;0;0;0;0;0.00;0;0.00;--;25214.29;0.00;Còn hàng;Chưa chọn danh mục;;;Single SKU;
https://res.bigseller.pro/sku/images/merchantsku/944484/507287_1787281017348.jpg?imageView2/1/w/300/h/300;3137;EUCERIN Sữa dưỡng thể Ph5 Lotion Reduces Dry Sensitivity Skin - 250ml;;0.00;0.00;0.00;0.00;VIE GROUP HCM;Default Piling Area;Default Shelf;5;5;0;0;0;0.00;0;5.50;0;134880.82;674404.10;Còn hàng;Chưa chọn danh mục;;;Single SKU;
https://res.bigseller.pro/sku/images/merchantsku/944484/302918_1787281006424.jpg?imageView2/1/w/300/h/300;3136;EUCERIN Sữa tắm pH5 Washlotion Sensitivity Skin - 200ml;;0.00;0.00;0.00;0.00;VIE GROUP HCM;Default Piling Area;Default Shelf;0;0;0;0;0;0.00;0;0.00;--;106468.56;0.00;Còn hàng;Chưa chọn danh mục;;;Single SKU;
https://res.bigseller.pro/sku/images/merchantsku/944484/283825_1787280998390.jpg?imageView2/1/w/300/h/300;3135;EUCERIN Sữa tắm pH5 Washlotion Sensitivity Skin - 400ml;;0.00;0.00;0.00;0.00;VIE GROUP HCM;Default Piling Area;Default Shelf;0;0;0;0;0;0.00;0;6.00;0;154940.82;0.00;Còn hàng;Chưa chọn danh mục;;;Single SKU;
https://res.bigseller.pro/sku/images/merchantsku/944484/234593_1787280979200.jpg?imageView2/1/w/300/h/300;3134;NIVEA Kem dưỡng ẩm Dưỡng Da Sáng Mịn - 30ml;4005808708635;0.00;0.00;0.00;0.00;VIE GROUP HCM;Default Piling Area;Default Shelf;138;10;128;0;0;0.00;0;1.10;116;31318.10;4321897.80;Còn hàng;Chưa chọn danh mục;;;Single SKU;
https://res.bigseller.pro/sku/images/merchantsku/944484/904195_1787121651190.jpg?imageView2/1/w/300/h/300;3133;VICHY Gel rửa mặt Normaderm Intensive Purifying Cleanser (Chai) - 400ml;;0.00;0.00;0.00;0.00;VIE GROUP HCM;Default Piling Area;Default Shelf;0;0;0;0;0;0.00;0;0.00;--;0.00;0.00;Còn hàng;Chưa chọn danh mục;;;Single SKU;
https://res.bigseller.pro/sku/images/merchantsku/944484/718032_1787121656988.jpg?imageView2/1/w/300/h/300;3132;VICHY Gel rửa mặt Normaderm Intensive Purifying Cleanser (Tuýp) - 200ml;;0.00;0.00;0.00;0.00;VIE GROUP HCM;Default Piling Area;Default Shelf;0;0;0;0;0;0.00;0;0.00;--;325337.50;0.00;Còn hàng;Chưa chọn danh mục;;;Single SKU;
https://res.bigseller.pro/sku/images/merchantsku/944484/589518_1787121665755.jpg?imageView2/1/w/300/h/300;3131;OBAGI Serum Dưỡng Sáng & Đều Màu Da Professionals Vitamin C 20% - 30ml;;0.00;0.00;0.00;0.00;VIE GROUP HCM;Default Piling Area;Default Shelf;0;0;0;0;0;0.00;0;0.00;--;0.00;0.00;Còn hàng;Chưa chọn danh mục;;;Single SKU;
https://res.bigseller.pro/sku/images/merchantsku/944484/502795_1787121681035.jpg?imageView2/1/w/300/h/300;3130;FIVE GRAINS Xịt Chống Nắng Nâng Tông Da Sunscreen Spray Pro Xylane - 160ml;;0.00;0.00;0.00;0.00;VIE GROUP HCM;Default Piling Area;Default Shelf;0;0;0;0;0;0.00;0;6.67;0;90081.63;0.00;Còn hàng;Chưa chọn danh mục;;;Single SKU;
https://res.bigseller.pro/sku/images/merchantsku/944484/403429_1787121690179.jpg?imageView2/1/w/300/h/300;3129;FIVE GRAINS Sữa Tắm dưỡng sáng da Body Wash Niacinamide - 500ml;6925466297020;0.00;0.00;0.00;0.00;VIE GROUP HCM;Default Piling Area;Default Shelf;4;0;4;0;0;0.00;0;1.36;2;72472.22;289888.88;Còn hàng;Chưa chọn danh mục;;;Single SKU;
https://res.bigseller.pro/sku/images/merchantsku/944484/746368_1787121697581.jpg?imageView2/1/w/300/h/300;3128;FIVE GRAINS Kem Dưỡng Night Body Lotion Ban Đêm - 500ml;;0.00;0.00;0.00;0.00;VIE GROUP HCM;Default Piling Area;Default Shelf;0;0;0;0;0;0.00;0;0.00;--;71326.67;0.00;Còn hàng;Chưa chọn danh mục;;;Single SKU;
https://res.bigseller.pro/sku/images/merchantsku/944484/967588_1787104559934.jpg?imageView2/1/w/300/h/300;3127;TSUBAKI Mặt Nạ Kem Ủ Tóc Cao Cấp (Hồng) - 180g;;0.00;0.00;0.00;0.00;VIE GROUP HCM;Default Piling Area;Default Shelf;0;0;0;0;0;0.00;0;0.00;--;159427.59;0.00;Còn hàng;Chưa chọn danh mục;;;Single SKU;
https://res.bigseller.pro/sku/images/merchantsku/944484/748994_1787104634213.jpg?imageView2/1/w/300/h/300;3126;OH!OH! Daily Nia23 Tinh Chất Chuyên Sâu Avanced Correcting with 23% Niacinamide (Vàng) - 30ml;;0.00;0.00;0.00;0.00;VIE GROUP HCM;Default Piling Area;Default Shelf;0;0;0;0;0;0.00;0;5.00;0;549333.33;0.00;Còn hàng;Chưa chọn danh mục;;;Single SKU;
https://res.bigseller.pro/sku/images/merchantsku/944484/709899_1787104595397.jpg?imageView2/1/w/300/h/300;3125;TSUBAKI Mặt Nạ Kem Ủ Tóc Premium EX Repair Mask (Vàng) - 180g;;0.00;0.00;0.00;0.00;VIE GROUP HCM;Default Piling Area;Default Shelf;0;0;0;0;0;0.00;0;5.00;0;159427.59;0.00;Còn hàng;Chưa chọn danh mục;;;Single SKU;
https://res.bigseller.pro/sku/images/merchantsku/944484/177304_1787051247028.jpg?imageView2/1/w/300/h/300;3124;MAYBELLINE Mascara  Hyper Curl Chuốt Mi Đen 9.2ml;6923492584206;0.00;0.00;0.00;0.00;VIE GROUP HCM;Default Piling Area;Default Shelf;0;0;0;0;0;0.00;0;0.12;0;77000.00;0.00;Còn hàng;Chưa chọn danh mục;;;Single SKU;
https://res.bigseller.pro/sku/images/merchantsku/944484/202259_1787102649382.jpg?imageView2/1/w/300/h/300;3123;ALGEMARIN Sữa Tắm Cá Ngựa - 600ml;4003086366066;0.00;0.00;0.00;0.00;VIE GROUP HCM;Default Piling Area;Default Shelf;3;0;3;0;0;0.00;0;0.07;42;132485.07;397455.21;Còn hàng;Chưa chọn danh mục;;;Single SKU;
https://res.bigseller.pro/sku/images/merchantsku/944484/901719_1788498824212.jpg?imageView2/1/w/300/h/300;3122;AVENE Kem dưỡng Cicalfate Repair Cream - 5ml;;0.00;0.00;0.00;0.00;VIE GROUP HCM;Default Piling Area;Default Shelf;14;0;14;0;0;0.00;0;0.13;107;0.00;0.00;Còn hàng;Chưa chọn danh mục;;;Single SKU;
https://res.bigseller.pro/sku/images/merchantsku/944484/411906_1787018832379.jpg?imageView2/1/w/300/h/300;3121;LRP  Serum Retinol B3 Serum Giúp Giảm Thâm Nám, Làm Đều Màu Da 30ml;;0.00;0.00;0.00;0.00;VIE GROUP HCM;Default Piling Area;Default Shelf;0;0;0;0;0;0.00;0;0.00;--;872745.28;0.00;Còn hàng;Chưa chọn danh mục;;;Single SKU;
https://res.bigseller.pro/sku/images/merchantsku/944484/473717_1767409571228.jpg?imageView2/1/w/300/h/300;QT33;LRP Mini KEM CHỖNG NẮNG VẠCH VÀNG 3ML;;0.00;0.00;0.00;0.00;VIE GROUP HCM;Default Piling Area;Default Shelf;0;0;0;0;0;0.00;0;0.00;--;0.00;0.00;Còn hàng;Chưa chọn danh mục;;;Single SKU;
https://res.bigseller.pro/sku/images/merchantsku/944484/943364_1786954959341.jpg?imageView2/1/w/300/h/300;3205;EUCERIN Kem dưỡng giảm ngứa và đỏ da Omega Plus Extra Ato Calming - 40ml;8850029042541;0.00;0.00;0.00;0.00;VIE GROUP HCM;Default Piling Area;Default Shelf;0;0;0;0;0;0.00;0;0.59;0;280958.33;0.00;Còn hàng;Chưa chọn danh mục;;;Single SKU;
https://res.bigseller.pro/sku/images/merchantsku/944484/551662_1786954571945.jpg?imageView2/1/w/300/h/300;3204;LRP Serum Chống Nắng Siêu Mỏng Nhẹ Anthelios UVAir SPF50+ PA++++ - 50ml;3337875932349;0.00;0.00;0.00;0.00;VIE GROUP HCM;Default Piling Area;Default Shelf;0;0;0;0;0;0.00;0;0.00;--;375059.79;0.00;Ngừng bán;Chưa chọn danh mục;;;Single SKU;
https://res.bigseller.pro/sku/images/merchantsku/944484/271633_1786953892664.jpg?imageView2/1/w/300/h/300;3203;EUCERIN Nước Cân Bằng DermoPure Clinical Purifying Toner - 200ml;;0.00;0.00;0.00;0.00;VIE GROUP HCM;Default Piling Area;Default Shelf;0;0;0;0;0;0.00;0;0.00;--;230059.79;0.00;Còn hàng;Chưa chọn danh mục;;;Single SKU;
https://res.bigseller.pro/sku/images/merchantsku/944484/573411_1786778477075.jpg?imageView2/1/w/300/h/300;3202;AHOHWA Mặt Nạ Ủ Trắng Tone Up Brightening Cream Mask - 100g;;0.00;0.00;0.00;0.00;VIE GROUP HCM;Default Piling Area;Default Shelf;0;0;0;0;0;0.00;0;0.00;--;347911.54;0.00;Còn hàng;Chưa chọn danh mục;;;Single SKU;
https://res.bigseller.pro/sku/images/merchantsku/944484/336798_1787017410481.jpg?imageView2/1/w/300/h/300;3120;BENZAC GEL  5% benzoyl peroxide Gel Giảm Mụn 30G;;0.00;0.00;0.00;0.00;VIE GROUP HCM;Default Piling Area;Default Shelf;0;0;0;0;0;0.00;0;0.00;--;0.00;0.00;Còn hàng;Chưa chọn danh mục;;;Single SKU;
https://res.bigseller.pro/sku/images/merchantsku/944484/382761_1786696670141.jpg?imageView2/1/w/300/h/300;3201;3W Clinic Sữa Rửa Mặt Than Hoạt Tính - 100ml;8809772620292;0.00;0.00;0.00;0.00;VIE GROUP HCM;Default Piling Area;Default Shelf;0;0;0;0;0;0.00;0;0.10;0;21482.14;0.00;Còn hàng;Chưa chọn danh mục;;;Single SKU;
https://res.bigseller.pro/sku/images/merchantsku/944484/053189_1786696665662.jpg?imageView2/1/w/300/h/300;3200;3W Clinic Sữa Rửa Mặt Gạo Nâu - 100ml;8809772620315;0.00;0.00;0.00;0.00;VIE GROUP HCM;Default Piling Area;Default Shelf;1;0;1;0;0;0.00;0;0.03;33;21482.14;21482.14;Còn hàng;Chưa chọn danh mục;;;Single SKU;
https://res.bigseller.pro/sku/images/merchantsku/944484/764039_1786696660718.jpg?imageView2/1/w/300/h/300;3119;3W Clinic Sữa Rửa Mặt Trà Xanh - 100ml;8809772620339;0.00;0.00;0.00;0.00;VIE GROUP HCM;Default Piling Area;Default Shelf;0;0;0;0;0;0.00;0;0.10;0;21703.49;0.00;Còn hàng;Chưa chọn danh mục;;;Single SKU;
https://res.bigseller.pro/sku/images/merchantsku/944484/596994_1786607904615.jpg?imageView2/1/w/300/h/300;QT32;DERMAXILIC Mút Tắm;;0.00;0.00;0.00;0.00;VIE GROUP HCM;Default Piling Area;Default Shelf;65;0;65;0;0;0.00;0;0.80;81;262.54;17065.10;Còn hàng;Chưa chọn danh mục;;;Single SKU;
;3118;Vichy Kem chống nắng Vichy Capital Soleil Anti-Dark Spot 3-in-1 Vạch Cam - 50ml;;0.00;0.00;0.00;0.00;VIE GROUP HCM;Default Piling Area;Default Shelf;0;0;0;0;0;0.00;0;0.00;--;0.00;0.00;Còn hàng;Chưa chọn danh mục;;;Single SKU;
https://res.bigseller.pro/sku/images/merchantsku/944484/221951_1786517481425.jpg?imageView2/1/w/300/h/300;3117;LRP Kem dưỡng làm dịu Toleriane Sensitive Prebiotic Care (tuýp) - 40ml;;0.00;0.00;0.00;0.00;VIE GROUP HCM;Default Piling Area;Default Shelf;0;0;0;0;0;0.00;0;0.00;--;364000.00;0.00;Còn hàng;Chưa chọn danh mục;;;Single SKU;
https://res.bigseller.pro/sku/images/merchantsku/944484/933992_1786414030289.jpg?imageView2/1/w/300/h/300;3116;VICHY Kem Chống Nắng Bảo Vệ, Giảm Lão Hóa Capital Soleil 3in1 Anti-Aging SPF50 UVB + UVA Vạch Đỏ - 50ml;;0.00;0.00;0.00;0.00;VIE GROUP HCM;Default Piling Area;Default Shelf;0;0;0;0;0;0.00;0;0.00;--;403100.00;0.00;Còn hàng;Chưa chọn danh mục;;;Single SKU;
https://res.bigseller.pro/sku/images/merchantsku/944484/034632_1786350458532.jpg?imageView2/1/w/300/h/300;3115;LRP Kem Dưỡng Giảm Thâm Nám & Dưỡng Sáng Da Mela B3 - 40ml;3337875890113;0.00;0.00;0.00;0.00;VIE GROUP HCM;Default Piling Area;Default Shelf;1;0;1;0;0;0.00;0;0.00;--;665000.00;665000.00;Còn hàng;Chưa chọn danh mục;;;Single SKU;
https://res.bigseller.pro/sku/images/merchantsku/944484/801005_1786350478829.jpg?imageView2/1/w/300/h/300;3114;EUCERIN Sữa Rửa Mặt Trắng Da Tạo Bọt Spotless Brightening Gentle Cleansing Foam - 150g;;0.00;0.00;0.00;0.00;VIE GROUP HCM;Default Piling Area;Default Shelf;0;0;0;0;0;0.00;0;0.00;--;315000.00;0.00;Còn hàng;Chưa chọn danh mục;;;Single SKU;
https://res.bigseller.pro/sku/images/merchantsku/944484/274401_1786350218223.jpg?imageView2/1/w/300/h/300;QT31;MAXCLINIC Túi vải;;0.00;0.00;0.00;0.00;VIE GROUP HCM;Default Piling Area;Default Shelf;1;0;1;0;0;0.00;0;0.00;--;1102.35;1102.35;Còn hàng;Chưa chọn danh mục;;;Single SKU;
https://res.bigseller.pro/sku/images/merchantsku/944484/468548_1786332306895.jpg?imageView2/1/w/300/h/300;3113;OLD SPICE Sáp Khử Mùi Timber Hương Gỗ Đàn Hương Và Bách Tùng - 85g;;0.00;0.00;0.00;0.00;VIE GROUP HCM;Default Piling Area;Default Shelf;0;0;0;0;0;0.00;0;0.00;--;0.00;0.00;Còn hàng;Chưa chọn danh mục;;;Single SKU;
https://res.bigseller.pro/sku/images/merchantsku/944484/723596_1786332243698.jpg?imageView2/1/w/300/h/300;3112;OLD SPICE Sáp Khử Mùi Bearglove Hương Táo Và Cam Quýt - 85g;;0.00;0.00;0.00;0.00;VIE GROUP HCM;Default Piling Area;Default Shelf;0;0;0;0;0;0.00;0;0.00;--;0.00;0.00;Còn hàng;Chưa chọn danh mục;;;Single SKU;
https://res.bigseller.pro/sku/images/merchantsku/944484/149543_1786332250480.jpg?imageView2/1/w/300/h/300;3111;OLD SPICE Sáp Khử Mùi Wilderness Hương Hoa Oải Hương Và Nước Suối - 85g;;0.00;0.00;0.00;0.00;VIE GROUP HCM;Default Piling Area;Default Shelf;0;0;0;0;0;0.00;0;0.00;--;0.00;0.00;Còn hàng;Chưa chọn danh mục;;;Single SKU;
https://res.bigseller.pro/sku/images/merchantsku/944484/693718_1786177873848.jpg?imageView2/1/w/300/h/300;QT30;DIKY Gói Khăn Ướt Premium Wet Wipes - 1 Gói (20pcs);;0.00;0.00;0.00;0.00;VIE GROUP HCM;Default Piling Area;Default Shelf;0;0;0;0;0;0.00;0;1.82;0;0.00;0.00;Còn hàng;Chưa chọn danh mục;;;Single SKU;
https://res.bigseller.pro/sku/images/merchantsku/944484/090561_1786171367973.jpg?imageView2/1/w/300/h/300;3110;KWANGYA Giấm lựu lên men Hàn Quốc - 970ml;8808416701021;0.00;0.00;0.00;0.00;VIE GROUP HCM;Default Piling Area;Default Shelf;10;10;0;0;0;0.00;0;1.14;0;115504.29;1155042.90;Còn hàng;Chưa chọn danh mục;;;Single SKU;
https://res.bigseller.pro/sku/images/merchantsku/944484/988983_1786171355370.jpg?imageView2/1/w/300/h/300;3109;MEDIANSWER Mặt Nạ Thạch Nâng Cơ Retinoid Liftxyl Mask (Hộp 4 Miếng) - Lẻ 1 Miếng 43g;;0.00;0.00;0.00;0.00;VIE GROUP HCM;Default Piling Area;Default Shelf;0;0;0;0;0;0.00;0;0.00;--;60337.35;0.00;Còn hàng;Chưa chọn danh mục;;;Single SKU;
https://res.bigseller.pro/sku/images/merchantsku/944484/688516_1786168330582.jpg?imageView2/1/w/300/h/300;3108;COCOON Nước dưỡng tóc tinh dầu bưởi Pomelo Hair Tonic 310ml;;0.00;0.00;0.00;0.00;VIE GROUP HCM;Default Piling Area;Default Shelf;0;0;0;0;0;0.00;0;0.00;--;186000.00;0.00;Còn hàng;Chưa chọn danh mục;;;Single SKU;
https://res.bigseller.pro/sku/images/merchantsku/944484/113517_1786168094159.jpg?imageView2/1/w/300/h/300;3107;COCOON Dầu Gội Bưởi Refill Không Sulfate - 500ml;;0.00;0.00;0.00;0.00;VIE GROUP HCM;Default Piling Area;Default Shelf;0;0;0;0;0;0.00;0;0.00;--;215000.00;0.00;Còn hàng;Chưa chọn danh mục;;;Single SKU;
https://res.bigseller.pro/sku/images/merchantsku/944484/399095_1786951290534.jpg?imageView2/1/w/300/h/300;QT29;CETAPHIL Sữa Dưỡng Thể Pro AD Derma Skin Restoring Moisturizer 29ml;;0.00;0.00;0.00;0.00;VIE GROUP HCM;Default Piling Area;Default Shelf;0;0;0;0;0;0.00;0;0.67;0;0.00;0.00;Còn hàng;Chưa chọn danh mục;;;Single SKU;
https://res.bigseller.pro/sku/images/merchantsku/944484/815117_1786086746768.jpg?imageView2/1/w/300/h/300;QT28;VELLA mặt Nạ Ngủ Vitathione Sleep Mask  1ml;;0.00;0.00;0.00;0.00;VIE GROUP HCM;Default Piling Area;Default Shelf;0;0;0;0;0;0.00;0;0.00;--;0.00;0.00;Còn hàng;Chưa chọn danh mục;;;Single SKU;
https://res.bigseller.pro/sku/images/merchantsku/944484/585740_1786086759526.jpg?imageView2/1/w/300/h/300;QT27;KYUNGLAB Kem Dưỡng Ẩm Alab cream 1.2ml;;0.00;0.00;0.00;0.00;VIE GROUP HCM;Default Piling Area;Default Shelf;0;0;0;0;0;0.00;0;0.00;--;0.00;0.00;Còn hàng;Chưa chọn danh mục;;;Single SKU;
https://res.bigseller.pro/sku/images/merchantsku/944484/222887_1786086768609.jpg?imageView2/1/w/300/h/300;QT26;VELLA Kem cổ NECK Cream 1ml;;0.00;0.00;0.00;0.00;VIE GROUP HCM;Default Piling Area;Default Shelf;1;0;1;0;0;0.00;0;7.90;0;0.00;0.00;Còn hàng;Chưa chọn danh mục;;;Single SKU;
https://res.bigseller.pro/sku/images/merchantsku/944484/783002_1786086817863.jpg?imageView2/1/w/300/h/300;QT25;Sensilis Kem Chống Nắng  Water Fluid 50+ 1.5ml;;0.00;0.00;0.00;0.00;VIE GROUP HCM;Default Piling Area;Default Shelf;5;0;5;0;0;0.00;0;0.31;16;0.00;0.00;Còn hàng;Chưa chọn danh mục;;;Single SKU;
https://res.bigseller.pro/sku/images/merchantsku/944484/585718_1786086836920.jpg?imageView2/1/w/300/h/300;QT24;SENSILIS Kem dưỡng da Skin Rescue Barrier 1.5 ml;;0.00;0.00;0.00;0.00;VIE GROUP HCM;Default Piling Area;Default Shelf;0;0;0;0;0;0.00;0;0.00;--;0.00;0.00;Còn hàng;Chưa chọn danh mục;;;Single SKU;
;QT23;SENSILIS Pure Age Perfection Retinal Tinh chất ban đêm giúp làm đầy tái tạo và tăng sinh collagen 1.5ml;;0.00;0.00;0.00;0.00;VIE GROUP HCM;Default Piling Area;Default Shelf;4;0;4;0;0;0.00;0;0.00;--;0.00;0.00;Còn hàng;Chưa chọn danh mục;;;Single SKU;
https://res.bigseller.pro/sku/images/merchantsku/944484/034363_1786086874972.jpg?imageView2/1/w/300/h/300;QT22;SENSILIS Kem Chống Nắng Photocorrection Pure Age Perfection 50+  5ml;;0.00;0.00;0.00;0.00;VIE GROUP HCM;Default Piling Area;Default Shelf;0;0;0;0;0;0.00;0;0.00;--;0.00;0.00;Còn hàng;Chưa chọn danh mục;;;Single SKU;
;QT21;SENSILIS Kem DƯỡng Skin Rescue barrier Repair Cream 3ml;;0.00;0.00;0.00;0.00;VIE GROUP HCM;Default Piling Area;Default Shelf;4;0;4;0;0;0.00;0;0.00;--;0.00;0.00;Còn hàng;Chưa chọn danh mục;;;Single SKU;
https://res.bigseller.pro/sku/images/merchantsku/944484/290206_1787133551474.jpg?imageView2/1/w/300/h/300;QT20;TOPICREM Kem Dưỡng Cica Soothing Cream Repairs 5ml;;0.00;0.00;0.00;0.00;VIE GROUP HCM;Default Piling Area;Default Shelf;2;0;2;0;0;0.00;0;0.00;--;0.00;0.00;Còn hàng;Chưa chọn danh mục;;;Single SKU;
https://res.bigseller.pro/sku/images/merchantsku/944484/991065_1786086895514.jpg?imageView2/1/w/300/h/300;QT19;CORINE DE FARME Sữa Tắm Gội Gel Lavant Surgras Hair & Body 4ml;;0.00;0.00;0.00;0.00;VIE GROUP HCM;Default Piling Area;Default Shelf;0;0;0;0;0;0.00;0;0.00;--;0.00;0.00;Còn hàng;Chưa chọn danh mục;;;Single SKU;
https://res.bigseller.pro/sku/images/merchantsku/944484/150021_1786086912409.jpg?imageView2/1/w/300/h/300;QT18;SVR Serum Clairial Ampoule  2ml;;0.00;0.00;0.00;0.00;VIE GROUP HCM;Default Piling Area;Default Shelf;0;0;0;0;0;0.00;0;0.00;--;0.00;0.00;Còn hàng;Chưa chọn danh mục;;;Single SKU;
https://res.bigseller.pro/sku/images/merchantsku/944484/109132_1786087026269.jpg?imageView2/1/w/300/h/300;QT17;SVR Serum Vitamint C 20% Ampoule Anti-OX  2ml;;0.00;0.00;0.00;0.00;VIE GROUP HCM;Default Piling Area;Default Shelf;0;0;0;0;0;0.00;0;0.00;--;0.00;0.00;Còn hàng;Chưa chọn danh mục;;;Single SKU;
;QT16;SVR Kem Dưỡng Sebiaclear MAT + Pore 2ml;;0.00;0.00;0.00;0.00;VIE GROUP HCM;Default Piling Area;Default Shelf;0;0;0;0;0;0.00;0;0.00;--;0.00;0.00;Còn hàng;Chưa chọn danh mục;;;Single SKU;
https://res.bigseller.pro/sku/images/merchantsku/944484/478917_1786087049547.jpg?imageView2/1/w/300/h/300;QT15;SVR Kem Dưỡng Sebiaclear Hydra 3ml;;0.00;0.00;0.00;0.00;VIE GROUP HCM;Default Piling Area;Default Shelf;0;0;0;0;0;0.00;0;0.00;--;0.00;0.00;Còn hàng;Chưa chọn danh mục;;;Single SKU;
;QT14;SVR Kem Dưỡng Sebiaclear Active 3ml;;0.00;0.00;0.00;0.00;VIE GROUP HCM;Default Piling Area;Default Shelf;0;0;0;0;0;0.00;0;0.00;--;0.00;0.00;Còn hàng;Chưa chọn danh mục;;;Single SKU;
;QT13;LRP  Serum Effaclar Utra Concentre 3ml;;0.00;0.00;0.00;0.00;VIE GROUP HCM;Default Piling Area;Default Shelf;2;0;2;0;0;0.00;0;0.00;--;0.00;0.00;Còn hàng;Chưa chọn danh mục;;;Single SKU;
https://res.bigseller.pro/sku/images/merchantsku/944484/494463_1789806560355.jpg?imageView2/1/w/300/h/300;QT12;DR.PEPTY Kem Chống Nắng UV Tone Up Sunscreen SPF50+ 8ml;8809610272591;0.00;0.00;0.00;0.00;VIE GROUP HCM;Default Piling Area;Default Shelf;5;0;5;0;0;0.00;0;0.00;--;0.00;0.00;Còn hàng;Chưa chọn danh mục;;;Single SKU;
;QT11;LRP Kem Chống Nắng Anthelios UVMUNE 400 FLUIDE/FLUID tím 3ml;;0.00;0.00;0.00;0.00;VIE GROUP HCM;Default Piling Area;Default Shelf;2;0;2;0;0;0.00;0;0.00;--;0.00;0.00;Còn hàng;Chưa chọn danh mục;;;Single SKU;
;QT10;LRP Kem Chống Nắng Anthelios UVMUNE 400 Oil Control Gel Cream xanh 3ml;;0.00;0.00;0.00;0.00;VIE GROUP HCM;Default Piling Area;Default Shelf;1;0;1;0;0;0.00;0;0.00;--;0.00;0.00;Còn hàng;Chưa chọn danh mục;;;Single SKU;
https://res.bigseller.pro/sku/images/merchantsku/944484/021083_1788143788132.jpg?imageView2/1/w/300/h/300;QT09;DUCRAY Kem Chống Nắng KERACNYL UV SPF 50+ 5ml;;0.00;0.00;0.00;0.00;VIE GROUP HCM;Default Piling Area;Default Shelf;10;0;10;0;0;0.00;0;0.07;142;0.00;0.00;Còn hàng;Chưa chọn danh mục;;;Single SKU;
https://res.bigseller.pro/sku/images/merchantsku/944484/469171_1786362097500.jpg?imageView2/1/w/300/h/300;QT08;CETAPHIL Kem Dưỡng Moisturising Cream  - 10ml;;0.00;0.00;0.00;0.00;VIE GROUP HCM;Default Piling Area;Default Shelf;2;0;2;0;0;0.00;0;0.00;--;0.00;0.00;Còn hàng;Chưa chọn danh mục;;;Single SKU;
https://res.bigseller.pro/sku/images/merchantsku/944484/729809_1786362097699.jpg?imageView2/1/w/300/h/300;QT07;CETAPHIL Sữa Rửa Mặt Oily Skin Cleanser Cho Da Dầu - 5ml;;0.00;0.00;0.00;0.00;VIE GROUP HCM;Default Piling Area;Default Shelf;94;0;94;0;0;0.00;0;0.20;470;0.00;0.00;Còn hàng;Chưa chọn danh mục;;;Single SKU;
;QT06;CETAPHIL Bộ Serum & kem dưỡng Soothing And Comforting Cica Restoring - SAMPLE;;0.00;0.00;0.00;0.00;VIE GROUP HCM;Default Piling Area;Default Shelf;0;0;0;0;0;0.00;0;0.00;--;0.00;0.00;Còn hàng;Chưa chọn danh mục;;;Single SKU;
https://res.bigseller.pro/sku/images/merchantsku/944484/891352_1786362097569.jpg?imageView2/1/w/300/h/300;QT05;CETAPHIL Kem Chống Nắng Daily Defense Cream SPF50  Sensitive Skin SPF50 - 10g XANH LÁ;;0.00;0.00;0.00;0.00;VIE GROUP HCM;Default Piling Area;Default Shelf;29;0;29;0;0;0.00;0;0.00;--;0.00;0.00;Còn hàng;Chưa chọn danh mục;;;Single SKU;
https://res.bigseller.pro/sku/images/merchantsku/944484/450814_1785921060904.jpg?imageView2/1/w/300/h/300;3105;EUCERIN Kem Dưỡng Spotless Brightening Spotless - Day 50ml;;0.00;0.00;0.00;0.00;VIE GROUP HCM;Default Piling Area;Default Shelf;0;0;0;0;0;0.00;0;0.00;--;540745.28;0.00;Còn hàng;Chưa chọn danh mục;;;Single SKU;
https://res.bigseller.pro/sku/images/merchantsku/944484/714728_1785919706594.jpg?imageView2/1/w/300/h/300;3106;EIRLYS Kem Dưỡng Mờ Thâm Nám Tàn Nhang Glutathione Mini - 10ml;;0.00;0.00;0.00;0.00;VIE GROUP HCM;Default Piling Area;Default Shelf;0;0;0;0;0;0.00;0;2.50;0;121081.63;0.00;Còn hàng;Chưa chọn danh mục;;;Single SKU;
https://res.bigseller.pro/sku/images/merchantsku/944484/202138_1785911451064.jpg?imageView2/1/w/300/h/300;3104;VASELINE Sáp Dưỡng Ẩm Pure Petroleum Jelly - 250ml;;0.00;0.00;0.00;0.00;VIE GROUP HCM;Default Piling Area;Default Shelf;0;0;0;0;0;0.00;0;0.00;--;68500.00;0.00;Còn hàng;Chưa chọn danh mục;;;Single SKU;
https://res.bigseller.pro/sku/images/merchantsku/944484/347144_1785833604400.jpg?imageView2/1/w/300/h/300;3103;OBAGI Lotion Hỗ Trợ Dưỡng Sáng Và Giảm Thâm Nám Suzanobagimd Claribright Radiance 1.7oz - 50ml;362032607092;0.00;0.00;0.00;0.00;VIE GROUP HCM;Default Piling Area;Default Shelf;5;0;5;0;0;0.00;0;0.00;--;783001.60;3915008.00;Còn hàng;Chưa chọn danh mục;;;Single SKU;
https://res.bigseller.pro/sku/images/merchantsku/944484/595675_1785769488648.jpg?imageView2/1/w/300/h/300;3096;COCOON Mặt Nạ nghệ Hưng Yên Turmeric Face Mask - 100ml;;0.00;0.00;0.00;0.00;VIE GROUP HCM;Default Piling Area;Default Shelf;0;0;0;0;0;0.00;0;0.00;--;193855.30;0.00;Còn hàng;Chưa chọn danh mục;;;Single SKU;
https://res.bigseller.pro/sku/images/merchantsku/944484/054727_1785769551881.jpg?imageView2/1/w/300/h/300;3097;COCOON Kem dưỡng Thạch Nghệ Hưng Yên Làm Sáng Da - 100ml;;0.00;0.00;0.00;0.00;VIE GROUP HCM;Default Piling Area;Default Shelf;0;0;0;0;0;0.00;0;0.00;--;216331.60;0.00;Còn hàng;Chưa chọn danh mục;;;Single SKU;
https://res.bigseller.pro/sku/images/merchantsku/944484/879014_1785905526967.jpg?imageView2/1/w/300/h/300;3098;AVENE Kem Cicalfate+ Repairing Cream Emulsion - 40ml;3282770148763;0.00;0.00;0.00;0.00;VIE GROUP HCM;Default Piling Area;Default Shelf;2;0;2;0;0;0.00;0;0.00;--;255000.00;510000.00;Còn hàng;Chưa chọn danh mục;;;Single SKU;
https://res.bigseller.pro/sku/images/merchantsku/944484/374533_1789044213846.jpg?imageView2/1/w/300/h/300;3102;COCOON Mặt NạThạch nghệ Hưng Yên 100ml;;0.00;0.00;0.00;0.00;VIE GROUP HCM;Default Piling Area;Default Shelf;0;0;0;0;0;0.00;0;0.00;--;0.00;0.00;Còn hàng;Chưa chọn danh mục;;;Single SKU;
https://res.bigseller.pro/sku/images/merchantsku/944484/002114_1785747350336.jpg?imageView2/1/w/300/h/300;3101;ARMAF CLUB DE NUIT Nước Hoa Nam Intense Man 3,6FL.OZ - 105ml;;0.00;0.00;0.00;0.00;VIE GROUP HCM;Default Piling Area;Default Shelf;0;0;0;0;0;0.00;0;0.00;--;690130.54;0.00;Còn hàng;Chưa chọn danh mục;;;Single SKU;
https://res.bigseller.pro/sku/images/merchantsku/944484/131962_1785766985666.jpg?imageView2/1/w/300/h/300;3100;LOREAL Kem Dưỡng Glycolic-Bright Glowing Cream Night - Kem đêm 50ML;;0.00;0.00;0.00;0.00;VIE GROUP HCM;Default Piling Area;Default Shelf;0;0;0;0;0;0.00;0;0.00;--;255104.35;0.00;Còn hàng;Chưa chọn danh mục;;;Single SKU;
https://res.bigseller.pro/sku/images/merchantsku/944484/636438_1790055290863.jpg?imageView2/1/w/300/h/300;3099;YUEJIN Mặt Nạ Tái Tạo Đa Tầng Liposome PP Mask (Màu Đen) - 1 Hộp (10 miếng);;0.00;0.00;0.00;0.00;VIE GROUP HCM;Default Piling Area;Default Shelf;0;0;0;0;0;0.00;0;3.50;0;96081.63;0.00;Còn hàng;Chưa chọn danh mục;;;Single SKU;
https://res.bigseller.pro/sku/images/merchantsku/944484/709588_1785142367703.jpg?imageView2/1/w/300/h/300;3090;Mặt Nạ Giấy BNBG Placenta Relaxing Skin Booster Mask 30ml (Cam);;0.00;0.00;0.00;0.00;VIE GROUP HCM;Default Piling Area;Default Shelf;0;0;0;0;0;0.00;0;0.00;--;0.00;0.00;Còn hàng;Chưa chọn danh mục;;;Single SKU;
https://res.bigseller.pro/sku/images/merchantsku/944484/075851_1785310495249.jpg?imageView2/1/w/300/h/300;3094;COCOON Kem Ủ Tóc Hương Bưởi - 200ml;;0.00;0.00;0.00;0.00;VIE GROUP HCM;Default Piling Area;Default Shelf;0;0;0;0;0;0.00;0;0.00;--;113743.10;0.00;Còn hàng;Chưa chọn danh mục;;;Single SKU;
https://res.bigseller.pro/sku/images/merchantsku/944484/650278_1785310363000.jpg?imageView2/1/w/300/h/300;3095;COCOON Sữa chống nắng vô cơ sen Hậu Giang - 50ml;;0.00;0.00;0.00;0.00;VIE GROUP HCM;Default Piling Area;Default Shelf;0;0;0;0;0;0.00;0;5.00;0;195050.00;0.00;Còn hàng;Chưa chọn danh mục;;;Single SKU;
;3091;RCAMAR Nước tẩy trang RCAMAR Nga Hồng 600ml;4600999049514;0.00;0.00;0.00;0.00;VIE GROUP HCM;Default Piling Area;Default Shelf;1;0;1;0;0;0.00;0;0.00;--;0.00;0.00;Còn hàng;Chưa chọn danh mục;;;Single SKU;
;3092;RCAMAR Nước tẩy trang RCAMAR Nga Xanh 600ml;4600999049521;0.00;0.00;0.00;0.00;VIE GROUP HCM;Default Piling Area;Default Shelf;1;0;1;0;0;0.00;0;0.00;--;0.00;0.00;Còn hàng;Chưa chọn danh mục;;;Single SKU;
;3093;OEM Miếng dán ngực Silicon EBLIN;;0.00;0.00;0.00;0.00;VIE GROUP HCM;Default Piling Area;Default Shelf;4;0;4;0;0;0.00;0;0.00;--;0.00;0.00;Còn hàng;Chưa chọn danh mục;;;Single SKU;
https://res.bigseller.pro/sku/images/merchantsku/944484/744985_1785125747418.jpg?imageView2/1/w/300/h/300;3088;3CE Xịt Khóa Nền Trang Điểm Shimmer Makeup Fixer - 95ml;;0.00;0.00;0.00;0.00;VIE GROUP HCM;Default Piling Area;Default Shelf;0;0;0;0;0;0.00;0;0.00;--;212400.00;0.00;Còn hàng;Chưa chọn danh mục;;;Single SKU;
https://res.bigseller.pro/sku/images/merchantsku/944484/852076_1785131658564.jpg?imageView2/1/w/300/h/300;3089;AHOHWA Kem Ủ Trắng Tone-Up Brightening Cream Mask - 500g;;0.00;0.00;0.00;0.00;VIE GROUP HCM;Default Piling Area;Default Shelf;0;0;0;0;0;0.00;0;5.00;0;907800.00;0.00;Còn hàng;Chưa chọn danh mục;;;Single SKU;
https://res.bigseller.pro/sku/images/merchantsku/944484/376510_1785116103367.jpg?imageView2/1/w/300/h/300;3085;DOVE Serum dưỡng tóc HPF 70 Ferulic + UV Repair & Glow - 77ml;;0.00;0.00;0.00;0.00;VIE GROUP HCM;Default Piling Area;Default Shelf;0;0;0;0;0;0.00;0;15.00;0;116630.43;0.00;Còn hàng;Chưa chọn danh mục;;;Single SKU;
https://res.bigseller.pro/sku/images/merchantsku/944484/686352_1785116216631.jpg?imageView2/1/w/300/h/300;3086;DOVE Serum Dưỡng Tóc Amino Bond Repair Bi-Phase - 77ml;;0.00;0.00;0.00;0.00;VIE GROUP HCM;Default Piling Area;Default Shelf;0;0;0;0;0;0.00;0;16.67;0;111341.04;0.00;Còn hàng;Chưa chọn danh mục;;;Single SKU;
https://res.bigseller.pro/sku/images/merchantsku/944484/017659_1785116319952.jpg?imageView2/1/w/300/h/300;3087;DOVE Kem Ủ Tóc Phục Hồi Hư Tổn Hya + Ceramide Intense Repair Treatment Mask - 300ml;;0.00;0.00;0.00;0.00;VIE GROUP HCM;Default Piling Area;Default Shelf;0;0;0;0;0;0.00;0;18.00;0;135625.00;0.00;Còn hàng;Chưa chọn danh mục;;;Single SKU;
https://res.bigseller.pro/sku/images/merchantsku/944484/702456_1784775693867.jpg?imageView2/1/w/300/h/300;3082;Tsubaki Bộ Dầu gội xả Premium Moist & Repair  Màu Đỏ 450mlx2;;0.00;0.00;0.00;0.00;VIE GROUP HCM;Default Piling Area;Default Shelf;0;0;0;0;0;0.00;0;0.00;--;259250.00;0.00;Còn hàng;Chưa chọn danh mục;;;Single SKU;
https://res.bigseller.pro/sku/images/merchantsku/944484/220666_1784775688291.jpg?imageView2/1/w/300/h/300;3083;Tsubaki Bộ Gội Xả Phục Hồi Hư Tổn, Bồng Bềnh Tóc Màu  Vàng 450mlx2;;0.00;0.00;0.00;0.00;VIE GROUP HCM;Default Piling Area;Default Shelf;0;0;0;0;0;0.00;0;0.00;--;259250.00;0.00;Còn hàng;Chưa chọn danh mục;;;Single SKU;
https://res.bigseller.pro/sku/images/merchantsku/944484/520014_1784775680737.jpg?imageView2/1/w/300/h/300;3084;Heliocare 360 Kem chống nắng cho da nhạy cảm, sau điều trị Mineral Tolerance Fluid SPF50 50ml;;0.00;0.00;0.00;0.00;VIE GROUP HCM;Default Piling Area;Default Shelf;0;0;0;0;0;0.00;0;0.00;--;0.00;0.00;Còn hàng;Chưa chọn danh mục;;;Single SKU;
https://res.bigseller.pro/sku/images/merchantsku/944484/741122_1784700302173.jpg?imageView2/1/w/300/h/300;3081;MEDIPEEL Kem dưỡng Chống lão hóa Nâng Cơ MEDIPEEL Bor-Tox Peptide 50g;8809409347455;0.00;0.00;0.00;0.00;VIE GROUP HCM;Default Piling Area;Default Shelf;0;0;0;0;0;0.00;0;0.00;--;0.00;0.00;Còn hàng;Chưa chọn danh mục;;;Single SKU;
https://res.bigseller.pro/sku/images/merchantsku/944484/240546_1784700035289.jpg?imageView2/1/w/300/h/300;3080;MEDIPEEL Tinh Chất Bio-Intense 6000 Gluthione White Ampoule 2.0 30ml;8809941823158;0.00;0.00;0.00;0.00;VIE GROUP HCM;Default Piling Area;Default Shelf;0;0;0;0;0;0.00;0;0.00;--;0.00;0.00;Còn hàng;Chưa chọn danh mục;;;Single SKU;
https://res.bigseller.pro/sku/images/merchantsku/944484/661842_1785155581883.jpg?imageView2/1/w/300/h/300;3079;OOH OIL Dầu Dưỡng Môi Lip Oil Gentle Colors 04 Billion Brown 2g;8859214840382;0.00;0.00;0.00;0.00;VIE GROUP HCM;Default Piling Area;Default Shelf;0;0;0;0;0;0.00;0;0.00;--;0.00;0.00;Còn hàng;Chưa chọn danh mục;;;Single SKU;
;3078;OOH OIL Dầu Dưỡng Môi Lip Oil Gentle Colors 02 Preppy Pink 2g;8859214840375;0.00;0.00;0.00;0.00;VIE GROUP HCM;Default Piling Area;Default Shelf;0;0;0;0;0;0.00;0;0.00;--;0.00;0.00;Còn hàng;Chưa chọn danh mục;;;Single SKU;
https://res.bigseller.pro/sku/images/merchantsku/944484/383221_1785155582073.jpg?imageView2/1/w/300/h/300;3077;OOH OIL Dầu Dưỡng Môi Lip Oil Gentle Colors 01 Roxy Red 2g;8859214840368;0.00;0.00;0.00;0.00;VIE GROUP HCM;Default Piling Area;Default Shelf;0;0;0;0;0;0.00;0;0.00;--;0.00;0.00;Còn hàng;Chưa chọn danh mục;;;Single SKU;
https://res.bigseller.pro/sku/images/merchantsku/944484/337220_1784726159805.jpg?imageView2/1/w/300/h/300;3076;OOH OIL Dầu Dưỡng Môi Lip Oil Gentle Colors 05 Gossip Green 7g;;0.00;0.00;0.00;0.00;VIE GROUP HCM;Default Piling Area;Default Shelf;0;0;0;0;0;0.00;0;0.00;--;0.00;0.00;Còn hàng;Chưa chọn danh mục;;;Single SKU;
https://res.bigseller.pro/sku/images/merchantsku/944484/157433_1787574968652.jpg?imageView2/1/w/300/h/300;3075;OOH OIL Dầu Dưỡng Môi Lip Oil Gentle Colors 04 Billion Brown 7g;;0.00;0.00;0.00;0.00;VIE GROUP HCM;Default Piling Area;Default Shelf;0;0;0;0;0;0.00;0;0.00;--;0.00;0.00;Còn hàng;Chưa chọn danh mục;;;Single SKU;
;3074;OOH OIL Dầu Dưỡng Môi Lip Oil Gentle Colors 03 Viva Violet 7g;8859214840030;0.00;0.00;0.00;0.00;VIE GROUP HCM;Default Piling Area;Default Shelf;0;0;0;0;0;0.00;0;0.00;--;0.00;0.00;Còn hàng;Chưa chọn danh mục;;;Single SKU;
https://res.bigseller.pro/sku/images/merchantsku/944484/803434_1786970364893.jpg?imageView2/1/w/300/h/300;3073;OOH OIL Dầu Dưỡng Môi Lip Oil Gentle Colors 02 Preppy Pink 7g;8859214840023;0.00;0.00;0.00;0.00;VIE GROUP HCM;Default Piling Area;Default Shelf;0;0;0;0;0;0.00;0;0.00;--;0.00;0.00;Còn hàng;Chưa chọn danh mục;;;Single SKU;
https://res.bigseller.pro/sku/images/merchantsku/944484/115163_1784726160203.jpg?imageView2/1/w/300/h/300;3072;OOH OIL Dầu Dưỡng Môi Lip Oil Gentle Colors 01 Roxy Red 7g;;0.00;0.00;0.00;0.00;VIE GROUP HCM;Default Piling Area;Default Shelf;0;0;0;0;0;0.00;0;0.00;--;0.00;0.00;Còn hàng;Chưa chọn danh mục;;;Single SKU;
https://res.bigseller.pro/sku/images/merchantsku/944484/698345_1784527989945.jpg?imageView2/1/w/300/h/300;3071;APERIRE CUSHION Day Dream Cover SPF50+ PA++++ 13g - 0.5 Pure;;0.00;0.00;0.00;0.00;VIE GROUP HCM;Default Piling Area;Default Shelf;0;0;0;0;0;0.00;0;0.00;--;261800.00;0.00;Còn hàng;Chưa chọn danh mục;;;Single SKU;
https://res.bigseller.pro/sku/images/merchantsku/944484/150061_1784345434959.jpg?imageView2/1/w/300/h/300;3070;COCOON Tẩy da chết da đầu bồ kết Gleditsia Scalp Scrub 200ml;8936217701046;200.00;0.00;0.00;0.00;VIE GROUP HCM;Default Piling Area;Default Shelf;12;0;12;0;0;0.00;0;0.13;92;132145.00;1585740.00;Còn hàng;Chưa chọn danh mục;;;Single SKU;
https://res.bigseller.pro/sku/images/merchantsku/944484/251882_1784345326268.jpg?imageView2/1/w/300/h/300;3066;COCOON Nước dưỡng da đầu bồ kết Gleditsia scalp tonic 140ml;8936217700995;0.00;0.00;0.00;0.00;VIE GROUP HCM;Default Piling Area;Default Shelf;26;0;26;0;0;0.00;0;0.03;866;88365.00;2297490.00;Còn hàng;Chưa chọn danh mục;;;Single SKU;
https://res.bigseller.pro/sku/images/merchantsku/944484/367792_1784105735604.jpg?imageView2/1/w/300/h/300;3069;KLAIR Nước tẩy trang Supple Preparation Unscented Cleansing Water - 400ml;8809572896163;0.00;0.00;0.00;0.00;VIE GROUP HCM;Default Piling Area;Default Shelf;57;0;57;0;0;0.00;0;1.20;47;133232.00;7594224.00;Còn hàng;Chưa chọn danh mục;;;Single SKU;
https://res.bigseller.pro/sku/images/merchantsku/944484/429825_1784124832629.jpg?imageView2/1/w/300/h/300;3068;Capitano  Kem đánh răng Pasta del Capitano 1905 dành cho người hút thuốc ( Xanh Dương) 75ml;8002140137204;0.00;0.00;0.00;0.00;VIE GROUP HCM;Default Piling Area;Default Shelf;19;0;19;0;0;0.00;0;0.00;--;81000.00;1539000.00;Còn hàng;Chưa chọn danh mục;;;Single SKU;
https://res.bigseller.pro/sku/images/merchantsku/944484/236855_1784124832488.jpg?imageView2/1/w/300/h/300;3067;Capitano  Kem đánh răng Pasta del Capitano 1905 nguyên bản hương quế 75ml;8002140137105;0.00;0.00;0.00;0.00;VIE GROUP HCM;Default Piling Area;Default Shelf;7;0;7;0;0;0.00;0;0.00;--;81000.00;567000.00;Còn hàng;Chưa chọn danh mục;;;Single SKU;
https://res.bigseller.pro/sku/images/merchantsku/944484/754919_1783666407019.jpg?imageView2/1/w/300/h/300;3065;KEYSHU Kem Dưỡng Keyshu Brightening Cream -10ml;;0.00;0.00;0.00;0.00;VIE GROUP HCM;Default Piling Area;Default Shelf;53;0;53;0;0;0.00;0;0.03;1766;0.00;0.00;Còn hàng;Chưa chọn danh mục;;;Single SKU;
https://res.bigseller.pro/sku/images/merchantsku/944484/554976_1783585332096.jpg?imageView2/1/w/300/h/300;3064;CARSLAN phấn phủ Black magnet soft Focus 03 Blue Purple - 1g;6940412451073;0.00;0.00;0.00;0.00;VIE GROUP HCM;Default Piling Area;Default Shelf;1;0;1;0;0;0.00;0;3.40;0;30000.00;30000.00;Còn hàng;Chưa chọn danh mục;;;Single SKU;
https://res.bigseller.pro/sku/images/merchantsku/944484/407691_1783475682660.jpg?imageView2/1/w/300/h/300;3063;AZCLEAR Kem mụn 20% Azelaic Acid - 25g;;0.00;0.00;0.00;0.00;VIE GROUP HCM;Default Piling Area;Default Shelf;0;0;0;0;0;0.00;0;0.00;--;220000.00;0.00;Còn hàng;Chưa chọn danh mục;;;Single SKU;
https://res.bigseller.pro/sku/images/merchantsku/944484/672897_1783407106571.jpg?imageView2/1/w/300/h/300;3062;SENA Sữa rửa mặt Senademar PH Balanced Deep Cleansing Foam - 150ml;;0.00;0.00;0.00;0.00;VIE GROUP HCM;Default Piling Area;Default Shelf;0;0;0;0;0;0.00;0;0.00;--;145470.59;0.00;Còn hàng;Chưa chọn danh mục;;;Single SKU;
https://res.bigseller.pro/sku/images/merchantsku/944484/337660_1783327917943.jpg?imageView2/1/w/300/h/300;3061;SO.NATURAL Xịt Khóa Nền Fixx Makeup Filter All Day Blur Makeup Setting Fixx So Natural - 75ML;;0.00;0.00;0.00;0.00;VIE GROUP HCM;Default Piling Area;Default Shelf;0;0;0;0;0;0.00;0;0.00;--;263928.57;0.00;Còn hàng;Chưa chọn danh mục;;;Single SKU;
https://res.bigseller.pro/sku/images/merchantsku/944484/230486_1783519196337.jpg?imageView2/1/w/300/h/300;3060;GIRLZ ONLY Dầu Gội Khô 100ml - Cam;;0.00;0.00;0.00;0.00;VIE GROUP HCM;Default Piling Area;Default Shelf;0;0;0;0;0;0.00;0;0.00;--;46867.65;0.00;Còn hàng;Chưa chọn danh mục;;;Single SKU;
https://res.bigseller.pro/sku/images/merchantsku/944484/671413_1783519196126.jpg?imageView2/1/w/300/h/300;3059;GIRLZ ONLY Dầu Gội Khô 100ml - Hồng;;0.00;0.00;0.00;0.00;VIE GROUP HCM;Default Piling Area;Default Shelf;0;0;0;0;0;0.00;0;0.00;--;46867.65;0.00;Còn hàng;Chưa chọn danh mục;;;Single SKU;
https://res.bigseller.pro/sku/images/merchantsku/944484/389060_1783519196316.jpg?imageView2/1/w/300/h/300;3058;GIRLZ ONLY Dầu Gội Khô 100ml - Vàng;5021320119253;0.00;0.00;0.00;0.00;VIE GROUP HCM;Default Piling Area;Default Shelf;0;0;0;0;0;0.00;0;0.03;0;46867.65;0.00;Còn hàng;Chưa chọn danh mục;;;Single SKU;
https://res.bigseller.pro/sku/images/merchantsku/944484/415997_1783519196149.jpg?imageView2/1/w/300/h/300;3057;GIRLZ ONLY Dầu Gội Khô 100ml - Nâu;5021320119239;0.00;0.00;0.00;0.00;VIE GROUP HCM;Default Piling Area;Default Shelf;0;0;0;0;0;0.00;0;0.03;0;46867.65;0.00;Còn hàng;Chưa chọn danh mục;;;Single SKU;
https://res.bigseller.pro/sku/images/merchantsku/944484/709964_1787499300367.jpg?imageView2/1/w/300/h/300;3056;EUCERIN kem chống nắng Dưỡng Trắng Da Sun Spotless Brightening Serum SPF 50+/PA+++ 50ml;8850029035727;0.00;0.00;0.00;0.00;VIE GROUP HCM;Default Piling Area;Default Shelf;1;0;1;0;0;0.00;0;0.40;2;315596.15;315596.15;Còn hàng;Chưa chọn danh mục;;;Single SKU;
https://res.bigseller.pro/sku/images/merchantsku/944484/933790_1782961714158.jpg?imageView2/1/w/300/h/300;3055;OLAY sữa tắm Luminous 350g - hoa hồng;6903148373330;0.00;0.00;0.00;0.00;VIE GROUP HCM;Default Piling Area;Default Shelf;6;0;6;0;0;0.00;0;0.00;--;192845.44;1157072.64;Còn hàng;Chưa chọn danh mục;;;Single SKU;
https://res.bigseller.pro/sku/images/merchantsku/944484/333367_1782961575554.jpg?imageView2/1/w/300/h/300;3054;OLAY Sữa tắm Luminous 350g - trái vải;6903148373361;0.00;0.00;0.00;0.00;VIE GROUP HCM;Default Piling Area;Default Shelf;18;0;18;0;0;0.00;0;0.00;--;192694.22;3468495.96;Còn hàng;Chưa chọn danh mục;;;Single SKU;
https://res.bigseller.pro/sku/images/merchantsku/944484/111554_1782887377252.jpg?imageView2/1/w/300/h/300;3053;LOREAL Dầu Dưỡng Tóc L'Oreal Tinh Dầu Hoa Tự Nhiên - 100ml HỒNG;6923700950632;0.00;0.00;0.00;0.00;VIE GROUP HCM;Default Piling Area;Default Shelf;4;0;4;0;0;0.00;0;0.00;--;187076.92;748307.68;Còn hàng;Chưa chọn danh mục;;;Single SKU;
https://res.bigseller.pro/sku/images/merchantsku/944484/744645_1782873351312.jpg?imageView2/1/w/300/h/300;3052;MKL  Sữa Tắm Shower Gel1000ml -  VERBENA;3760162121377;0.00;0.00;0.00;0.00;VIE GROUP HCM;Default Piling Area;Default Shelf;1;0;1;0;0;0.00;0;0.00;--;171349.75;171349.75;Còn hàng;Chưa chọn danh mục;;;Single SKU;
https://res.bigseller.pro/sku/images/merchantsku/944484/431677_1782810864934.jpg?imageView2/1/w/300/h/300;3051;EUCERIN tẩy Tế Bào Chết DermoPure Clinical Purifying Scrub - 100ml;;0.00;0.00;0.00;0.00;VIE GROUP HCM;Default Piling Area;Default Shelf;0;0;0;0;0;0.00;0;6.00;0;225510.82;0.00;Còn hàng;Chưa chọn danh mục;;;Single SKU;
https://res.bigseller.pro/sku/images/merchantsku/944484/227106_1782715831125.jpg?imageView2/1/w/300/h/300;3050;OBAGI Kem dưỡng ẩm Hydrate Luxe Moisture Rich Cream - 48g;362032070209;0.00;0.00;0.00;0.00;VIE GROUP HCM;Default Piling Area;Default Shelf;1;0;1;0;0;0.00;0;0.00;--;0.00;0.00;Còn hàng;Chưa chọn danh mục;;;Single SKU;
https://res.bigseller.pro/sku/images/merchantsku/944484/748355_1785456160311.jpg?imageView2/1/w/300/h/300;3049;FORENCOS Kem Dưỡng Da Hàn Quốc 50ml - Trắng;;0.00;0.00;0.00;0.00;VIE GROUP HCM;Default Piling Area;Default Shelf;0;0;0;0;0;0.00;0;0.00;--;368435.64;0.00;Còn hàng;Chưa chọn danh mục;;;Single SKU;
https://res.bigseller.pro/sku/images/merchantsku/944484/336328_1782737632891.jpg?imageView2/1/w/300/h/300;3043;DR.SERA Bông tẩy trang Hàn Quốc mềm mịn cao cấp Dr. Sera  - Hộp 20 miếng;;0.00;0.00;0.00;0.00;VIE GROUP HCM;Default Piling Area;Default Shelf;153;0;153;0;0;0.00;0;0.03;5100;0.00;0.00;Còn hàng;Chưa chọn danh mục;;;Single SKU;
https://res.bigseller.pro/album/944484/20260629084239af5cc6c632afa043a7b951b830449b76.jpg?imageView2/1/w/300/h/300;3042;BỘ GỘI MIXRS GLARIC - 800ml XANH DƯƠNG;;0.00;0.00;0.00;0.00;VIE GROUP HCM;Default Piling Area;Default Shelf;0;0;0;0;0;0.00;0;0.00;--;275542.37;0.00;Còn hàng;Chưa chọn danh mục;;;Single SKU;
https://res.bigseller.pro/sku/images/merchantsku/944484/379348_1782722493697.jpg?imageView2/1/w/300/h/300;3041;MARY & MAY Kem dưỡng Spicule Collagen PDRN Cream 15g - TÍM;;0.00;0.00;0.00;0.00;VIE GROUP HCM;Default Piling Area;Default Shelf;0;0;0;0;0;0.00;0;0.00;--;160265.00;0.00;Còn hàng;Chưa chọn danh mục;;;Single SKU;
https://res.bigseller.pro/album/944484/20260629084040f06c33ae801f67904521b86733dedff9.jpg?imageView2/1/w/300/h/300;3040;MARY & MAY Kem dưỡng Spicule Retinol PDRN Cream 15g - VÀNG;;0.00;0.00;0.00;0.00;VIE GROUP HCM;Default Piling Area;Default Shelf;0;0;0;0;0;0.00;0;37.00;0;160876.92;0.00;Còn hàng;Chưa chọn danh mục;;;Single SKU;
https://res.bigseller.pro/sku/images/merchantsku/944484/622351_1782811223738.jpg?imageView2/1/w/300/h/300;3039;EUCERIN Gel Rửa Mặt Dermopure Clinical Correcting Gel To Foam - 400ml;;0.00;0.00;0.00;0.00;VIE GROUP HCM;Default Piling Area;Default Shelf;0;0;0;0;0;0.00;0;0.00;--;379136.36;0.00;Còn hàng;Chưa chọn danh mục;;;Single SKU;
https://res.bigseller.pro/sku/images/merchantsku/944484/164456_1782722227861.jpg?imageView2/1/w/300/h/300;3038;EUCERIN Gel Rửa Mặt Dermopure Clinical Correcting Gel To Foam - 150ml;;0.00;0.00;0.00;0.00;VIE GROUP HCM;Default Piling Area;Default Shelf;0;0;0;0;0;0.00;0;0.00;--;251136.36;0.00;Còn hàng;Chưa chọn danh mục;;;Single SKU;
;3037;CELL FUSION C Mặt nạ CICA Cooling - 4.5C - Xanh lá;;0.00;0.00;0.00;0.00;VIE GROUP HCM;Default Piling Area;Default Shelf;0;0;0;0;0;0.00;0;0.62;0;25868.60;0.00;Còn hàng;Chưa chọn danh mục;;;Single SKU;
https://res.bigseller.pro/album/944484/20260629075253a65e98ae955deab23b8ca5ca1b488dc0.jpg?imageView2/1/w/300/h/300;3036;CELL FUSION C Mặt nạ First Cooling -5C - Xanh dương;;0.00;0.00;0.00;0.00;VIE GROUP HCM;Default Piling Area;Default Shelf;0;0;0;0;0;0.00;0;1.88;0;30868.60;0.00;Còn hàng;Chưa chọn danh mục;;;Single SKU;
https://res.bigseller.pro/album/944484/202606290751581fca86b0cf6786cf29b6561afabb6405.jpg?imageView2/1/w/300/h/300;3035;VICHY Kem Chống Nắng Capital Soleil Anti-Dark Spot 3-In-1 SPF50+ - 50ml;;0.00;0.00;0.00;0.00;VIE GROUP HCM;Default Piling Area;Default Shelf;0;0;0;0;0;0.00;0;0.00;--;420000.00;0.00;Còn hàng;Chưa chọn danh mục;;;Single SKU;
https://res.bigseller.pro/sku/images/merchantsku/944484/534947_1782468194668.jpg?imageView2/1/w/300/h/300;3032;CELIMAX Tinh Chất Chống Lão Hóa Celimax Retinal Shot Tightening Booster - 15ml;;0.00;0.00;0.00;0.00;VIE GROUP HCM;Default Piling Area;Default Shelf;0;0;0;0;0;0.00;0;0.00;--;214380.17;0.00;Còn hàng;Chưa chọn danh mục;;;Single SKU;
https://res.bigseller.pro/sku/images/merchantsku/944484/096885_1782468061169.jpg?imageView2/1/w/300/h/300;3031;EUCERIN Xịt Dưỡng Ẩm Eucerin Hyaluron Moisturizing Mist Spray -150ML;8850029044187;0.00;0.00;0.00;0.00;VIE GROUP HCM;Default Piling Area;Default Shelf;0;0;0;0;0;0.00;0;0.07;0;160416.67;0.00;Còn hàng;Chưa chọn danh mục;;;Single SKU;
https://res.bigseller.pro/sku/images/merchantsku/944484/163038_1787499433664.jpg?imageView2/1/w/300/h/300;3030;EUCERIN Serum Eucerin Spotless Brightening Booster  -  30ML;;0.00;0.00;0.00;0.00;VIE GROUP HCM;Default Piling Area;Default Shelf;0;0;0;0;0;0.00;0;0.38;0;843800.00;0.00;Còn hàng;Chưa chọn danh mục;;;Single SKU;
https://res.bigseller.pro/sku/images/merchantsku/944484/123359_1788534272468.jpg?imageView2/1/w/300/h/300;3029;HETRAS Sữa tắm Hetras Hotel Therapy Body Wash - MUHWAGWA 1013ml;8809922133825;0.00;0.00;0.00;0.00;VIE GROUP HCM;Default Piling Area;Default Shelf;61;0;61;0;0;0.00;0;0.23;265;205000.00;12505000.00;Còn hàng;Chưa chọn danh mục;;;Single SKU;
https://res.bigseller.pro/sku/images/merchantsku/944484/454958_1788534335452.jpg?imageView2/1/w/300/h/300;3028;HETRAS Sữa tắm Hetras Hotel Therapy Body Wash - London Musk 1013ml;8809922133832;0.00;0.00;0.00;0.00;VIE GROUP HCM;Default Piling Area;Default Shelf;50;0;50;0;0;0.00;0;0.47;106;205000.00;10250000.00;Còn hàng;Chưa chọn danh mục;;;Single SKU;
https://res.bigseller.pro/sku/images/merchantsku/944484/120171_1790317044400.jpg?imageView2/1/w/300/h/300;3027;CANDID Mặt nạ dưỡng sáng Candid Niacinamide  - Vitamin C 1 Miếng;;0.00;0.00;0.00;0.00;VIE GROUP HCM;Default Piling Area;Default Shelf;8;0;8;0;0;0.00;0;0.00;--;23952.38;191619.04;Còn hàng;Chưa chọn danh mục;;;Single SKU;
;3026;TORRIDEN Serum Dive-In Low Molecular Hyaluronic Acid Serum - 50ml;;0.00;0.00;0.00;0.00;VIE GROUP HCM;Default Piling Area;Default Shelf;0;0;0;0;0;0.00;0;0.00;--;210000.00;0.00;Còn hàng;Chưa chọn danh mục;;;Single SKU;
https://res.bigseller.pro/sku/images/merchantsku/944484/165347_1782468038814.jpg?imageView2/1/w/300/h/300;3025;DELILAH Nước hoa nữ Delilah Blanc EDP Perfume - 100ML;;0.00;0.00;0.00;0.00;VIE GROUP HCM;Default Piling Area;Default Shelf;0;0;0;0;0;0.00;0;0.00;--;454062.50;0.00;Còn hàng;Chưa chọn danh mục;;;Single SKU;
https://res.bigseller.pro/sku/images/merchantsku/944484/415565_1782723215917.jpg?imageView2/1/w/300/h/300;3024;ELIZABETH ARDEN Kem Dưỡng  Eight Hour Cream Skin Protectant - 50ml;;0.00;0.00;0.00;0.00;VIE GROUP HCM;Default Piling Area;Default Shelf;0;0;0;0;0;0.00;0;0.00;--;272062.50;0.00;Còn hàng;Chưa chọn danh mục;;;Single SKU;
https://res.bigseller.pro/sku/images/merchantsku/944484/362068_1782723499917.jpg?imageView2/1/w/300/h/300;3023;CNP mặt nạ keo ong cấp ẩm phục hồi CNP Laboratory Ampoule Mask - ĐỎ;;0.00;0.00;0.00;0.00;VIE GROUP HCM;Default Piling Area;Default Shelf;0;0;0;0;0;0.00;0;0.00;--;196062.50;0.00;Còn hàng;Chưa chọn danh mục;;;Single SKU;
https://res.bigseller.pro/sku/images/merchantsku/944484/151373_1790908885730.jpg?imageView2/1/w/300/h/300;3022;CNP mặt nạ keo ong cấp ẩm phục hồi CNP Laboratory Ampoule Mask - TRẮNG;;0.00;0.00;0.00;0.00;VIE GROUP HCM;Default Piling Area;Default Shelf;0;0;0;0;0;0.00;0;0.00;--;196062.50;0.00;Còn hàng;Chưa chọn danh mục;;;Single SKU;
;3021;MURAD Tinh chất hỗ trợ sáng da, làm đều màu da Murad Vita-C Glycolic Serum - 30ml;;0.00;0.00;0.00;0.00;VIE GROUP HCM;Default Piling Area;Default Shelf;0;0;0;0;0;0.00;0;0.00;--;1491333.33;0.00;Còn hàng;Chưa chọn danh mục;;;Single SKU;
;3020;NIVEA Xịt khử mùi 150ml - Pearl & Beauty;;0.00;0.00;0.00;0.00;VIE GROUP HCM;Default Piling Area;Default Shelf;0;0;0;0;0;0.00;0;0.00;--;65569.11;0.00;Còn hàng;Chưa chọn danh mục;;;Single SKU;
https://res.bigseller.pro/sku/images/merchantsku/944484/158648_1782467720263.jpg?imageView2/1/w/300/h/300;3019;NIVEA Xịt khử mùi 150ml - Derma control Restore Vitamin E;;0.00;0.00;0.00;0.00;VIE GROUP HCM;Default Piling Area;Default Shelf;0;0;0;0;0;0.00;0;0.00;--;65569.11;0.00;Còn hàng;Chưa chọn danh mục;;;Single SKU;
;3018;NIVEA Xịt khử mùi 150ml - Derma control Bright Repair Vitamin C;;0.00;0.00;0.00;0.00;VIE GROUP HCM;Default Piling Area;Default Shelf;0;0;0;0;0;0.00;0;0.00;--;65569.11;0.00;Còn hàng;Chưa chọn danh mục;;;Single SKU;
https://res.bigseller.pro/sku/images/merchantsku/944484/818653_1782467858521.jpg?imageView2/1/w/300/h/300;3017;NIVEA Xịt khử mùi 150ml - Derma control Defend Vitamin B5;;0.00;0.00;0.00;0.00;VIE GROUP HCM;Default Piling Area;Default Shelf;0;0;0;0;0;0.00;0;0.00;--;65569.11;0.00;Còn hàng;Chưa chọn danh mục;;;Single SKU;
https://res.bigseller.pro/sku/images/merchantsku/944484/370720_1782723176045.jpg?imageView2/1/w/300/h/300;3016;NIVEA Xịt khử mùi 150ml - Pearl & beauty Shaveless;;0.00;0.00;0.00;0.00;VIE GROUP HCM;Default Piling Area;Default Shelf;0;0;0;0;0;0.00;0;0.00;--;65569.11;0.00;Còn hàng;Chưa chọn danh mục;;;Single SKU;
https://res.bigseller.pro/sku/images/merchantsku/944484/747056_1782723432956.jpg?imageView2/1/w/300/h/300;3015;NIVEA Xịt khử mùi 150ml - Extra Bright Vitamin C;;0.00;0.00;0.00;0.00;VIE GROUP HCM;Default Piling Area;Default Shelf;0;0;0;0;0;0.00;0;0.00;--;65569.11;0.00;Còn hàng;Chưa chọn danh mục;;;Single SKU;
https://res.bigseller.pro/sku/images/merchantsku/944484/662535_1790317132874.jpg?imageView2/1/w/300/h/300;3014;HADA LABO Sữa Rửa Mặt Hada Labo Cleanser 80g - Đỏ;8935006537637;0.00;0.00;0.00;0.00;VIE GROUP HCM;Default Piling Area;Default Shelf;5;0;5;0;0;0.00;0;0.13;38;65613.82;328069.10;Còn hàng;Chưa chọn danh mục;;;Single SKU;
https://res.bigseller.pro/sku/images/merchantsku/944484/152242_1783502848189.jpg?imageView2/1/w/300/h/300;3013;BEPLAIN Sữa Rửa Mặt Beplain Mung Bean pH-Balanced Cleansing Foam - 80ml;8809623940050;0.00;0.00;0.00;0.00;VIE GROUP HCM;Default Piling Area;Default Shelf;22;0;22;0;0;0.00;0;0.52;42;157453.38;3463974.36;Còn hàng;Chưa chọn danh mục;;;Single SKU;
https://res.bigseller.pro/sku/images/merchantsku/944484/533592_1783673953743.jpg?imageView2/1/w/300/h/300;3012;LOREAL Hấp dầu Loreal Hairspa Repairing Creambath And Nourishing - 500ml;;0.00;0.00;0.00;0.00;VIE GROUP HCM;Default Piling Area;Default Shelf;0;0;0;0;0;0.00;0;0.00;--;0.00;0.00;Còn hàng;Chưa chọn danh mục;;;Single SKU;
;3011;DIONEL Nước hoa vùng kín Dionel Love 5ml - Romantic rose Cam;;0.00;0.00;0.00;0.00;VIE GROUP HCM;Default Piling Area;Default Shelf;0;0;0;0;0;0.00;0;0.00;--;170672.27;0.00;Còn hàng;Chưa chọn danh mục;;;Single SKU;
https://res.bigseller.pro/sku/images/merchantsku/944484/789584_1789044213799.jpg?imageView2/1/w/300/h/300;3010;DIONEL Nước hoa vùng kín Dionel Love 5ml - Clean cotton Xanh;;0.00;0.00;0.00;0.00;VIE GROUP HCM;Default Piling Area;Default Shelf;0;0;0;0;0;0.00;0;0.00;--;170672.27;0.00;Còn hàng;Chưa chọn danh mục;;;Single SKU;
;3009;PROPOLINSE Nước Súc Miệng Propolinse Chiết Xuất Sáp Ong Pure - 600ml;;0.00;0.00;0.00;0.00;VIE GROUP HCM;Default Piling Area;Default Shelf;0;0;0;0;0;0.00;0;0.00;--;95631.58;0.00;Còn hàng;Chưa chọn danh mục;;;Single SKU;
https://res.bigseller.pro/sku/images/merchantsku/944484/478056_1787379200835.jpg?imageView2/1/w/300/h/300;3007;ARRAHAN Gel Tẩy Tế Bào Chết Arrahan Hương Peeling Gel 180ml -  Aroma Aroma;;0.00;0.00;0.00;0.00;VIE GROUP HCM;Default Piling Area;Default Shelf;0;0;0;0;0;0.00;0;0.00;--;47851.06;0.00;Còn hàng;Chưa chọn danh mục;;;Single SKU;
https://res.bigseller.pro/sku/images/merchantsku/944484/273210_1780722934545.jpg?imageView2/1/w/300/h/300;3006;(XT) Dr.G Set Gel tẩy da chết 120gx2tuyp + 1 tuýp 10g;;300.00;0.00;0.00;0.00;VIE GROUP HCM;Default Piling Area;Default Shelf;0;0;0;0;0;0.00;0;0.00;--;0.00;0.00;Ngừng bán;Chưa chọn danh mục;;;Single SKU;
https://res.bigseller.pro/sku/images/merchantsku/944484/932133_1781535524518.jpg?imageView2/1/w/300/h/300;3005;KEYSHU mặt nạ dưỡng da Hộp Mix Màu ( Hộp 10M);8938559960419;0.00;0.00;0.00;0.00;VIE GROUP HCM;Default Piling Area;Default Shelf;5;0;5;0;0;0.00;0;0.20;25;121000.00;605000.00;Còn hàng;Chưa chọn danh mục;;;Single SKU;
https://res.bigseller.pro/sku/images/merchantsku/944484/232492_1783992445518.jpg?imageView2/1/w/300/h/300;3004;KEYSHU  Mặt Nạ Dưỡng Da Tràm Trà  - 1 Miếng;8938559960761;0.00;0.00;0.00;0.00;VIE GROUP HCM;Default Piling Area;Default Shelf;120;0;120;0;0;0.00;0;3.33;36;12814.22;1537706.40;Còn hàng;Chưa chọn danh mục;;;Single SKU;
;3003;THE ORDINARY 100% Organic Virgin Chia Seed Oil - 30ml;;0.00;0.00;0.00;0.00;VIE GROUP HCM;Default Piling Area;Default Shelf;0;0;0;0;0;0.00;0;0.00;--;0.00;0.00;Còn hàng;Chưa chọn danh mục;;;Single SKU;
https://res.bigseller.pro/sku/images/merchantsku/944484/030766_1780560908769.jpg?imageView2/1/w/300/h/300;3002;COCOON Sữa chống nắng bí đao Winter melon Sun fluid - 50ml;;0.00;0.00;0.00;0.00;VIE GROUP HCM;Default Piling Area;Default Shelf;0;0;0;0;0;0.00;0;0.00;--;196466.67;0.00;Còn hàng;Chưa chọn danh mục;;;Single SKU;
;3001;NIVEA Lăn Khử Mùi Ngọc Trai Sáng Mịn Pearl & Beauty Nivea - 25ml;;0.00;0.00;0.00;0.00;VIE GROUP HCM;Default Piling Area;Default Shelf;0;0;0;0;0;0.00;0;0.00;--;28550.00;0.00;Còn hàng;Chưa chọn danh mục;;;Single SKU;
https://res.bigseller.pro/sku/images/merchantsku/944484/575303_1791460018110.jpg?imageView2/1/w/300/h/300;3000;NIVEA Dưỡng Sáng Da Extra Bright C&A Vitamin Lotion Vitamin C & A - HỒNG 170ml;;0.00;0.00;0.00;0.00;VIE GROUP HCM;Default Piling Area;Default Shelf;0;0;0;0;0;0.00;0;0.00;--;71550.00;0.00;Còn hàng;Chưa chọn danh mục;;;Single SKU;
;2999;NIVEA Sữa Dưỡng Thể Nivea Extra White Night Nourish Body Lotion - Tím 170ml;;0.00;0.00;0.00;0.00;VIE GROUP HCM;Default Piling Area;Default Shelf;0;0;0;0;0;0.00;0;0.00;--;85550.00;0.00;Còn hàng;Chưa chọn danh mục;;;Single SKU;
;2998;NIVEA Sữa Dưỡng Thể Nivea Extra White Night Nourish Body Lotion - VÀNG 170ml;;0.00;0.00;0.00;0.00;VIE GROUP HCM;Default Piling Area;Default Shelf;0;0;0;0;0;0.00;0;0.00;--;85550.00;0.00;Còn hàng;Chưa chọn danh mục;;;Single SKU;
https://res.bigseller.pro/sku/images/merchantsku/944484/058483_1780558800826.jpg?imageView2/1/w/300/h/300;2997;LRP Sữa Chống Nắng Anthelios UVMune400 Anti-Dark Spots SPF50+ PA++++ (Tím)- 50ml;;0.00;0.00;0.00;0.00;VIE GROUP HCM;Default Piling Area;Default Shelf;0;0;0;0;0;0.00;0;0.00;--;320000.00;0.00;Còn hàng;Chưa chọn danh mục;;;Single SKU;
https://res.bigseller.pro/sku/images/merchantsku/944484/803791_1782390936808.jpg?imageView2/1/w/300/h/300;2996;SUNPLAY Sữa Chống Nắng Super Block SPF50 PA++++ - 70g [MẪU MỚI];;0.00;0.00;0.00;0.00;VIE GROUP HCM;Default Piling Area;Default Shelf;0;0;0;0;0;0.00;0;0.00;--;122877.78;0.00;Còn hàng;Chưa chọn danh mục;;;Single SKU;
https://res.bigseller.pro/sku/images/merchantsku/944484/657072_1781535026753.jpg?imageView2/1/w/300/h/300;2995;VICHY Dầu Gội Dercos Energy+ Aminexil Niacinamide Stimulating Shampoo Hairloss - 50Ml (Đỏ);;0.00;0.00;0.00;0.00;VIE GROUP HCM;Default Piling Area;Default Shelf;0;0;0;0;0;0.00;0;0.00;--;30207.78;0.00;Còn hàng;Chưa chọn danh mục;;;Single SKU;
https://res.bigseller.pro/sku/images/merchantsku/944484/385417_1780289323747.jpg?imageView2/1/w/300/h/300;2994;ARUMORE  Aloe Vera 99% Gel Dưỡng Nha Đam - 300ml;8809758324787;300.00;0.00;0.00;0.00;VIE GROUP HCM;Default Piling Area;Default Shelf;0;0;0;0;0;0.00;0;0.00;--;0.00;0.00;Còn hàng;Chưa chọn danh mục;;;Single SKU;
https://res.bigseller.pro/sku/images/merchantsku/944484/596685_1788507032695.jpg?imageView2/1/w/300/h/300;2993;DOVE Tẩy tế bào chết Sugar & coconut 280gr;8934868200321;225.00;0.00;0.00;0.00;VIE GROUP HCM;Default Piling Area;Default Shelf;3;0;3;0;0;0.00;0;0.42;7;133098.36;399295.08;Còn hàng;Chưa chọn danh mục;;;Single SKU;
https://res.bigseller.pro/sku/images/merchantsku/944484/827062_1780218263976.jpg?imageView2/1/w/300/h/300;2992;LAMER Bông Tẩy Trang – 60 Miếng;;0.00;0.00;0.00;0.00;VIE GROUP HCM;Default Piling Area;Default Shelf;0;0;0;0;0;0.00;0;0.00;--;0.00;0.00;Ngừng bán;Chưa chọn danh mục;;;Single SKU;
https://res.bigseller.pro/sku/images/merchantsku/944484/110725_1780217934279.jpg?imageView2/1/w/300/h/300;2991;OEM Bộ Mút Trang Điểm 7 Món, Hộp 7 Mút Trang Điểm Tán Phấn Nước Kem Nền;;0.00;0.00;0.00;0.00;VIE GROUP HCM;Default Piling Area;Default Shelf;0;0;0;0;0;0.00;0;0.00;--;0.00;0.00;Còn hàng;Chưa chọn danh mục;;;Single SKU;
https://res.bigseller.pro/sku/images/merchantsku/944484/286048_1780217740914.jpg?imageView2/1/w/300/h/300;2990;fressi care face khăn ướt trắng 20 Miếng;;100.00;0.00;0.00;0.00;VIE GROUP HCM;Default Piling Area;Default Shelf;0;0;0;0;0;0.00;0;0.00;--;0.00;0.00;Còn hàng;Chưa chọn danh mục;;;Single SKU;
https://res.bigseller.pro/sku/images/merchantsku/944484/748255_1780217552801.jpg?imageView2/1/w/300/h/300;2989;Dnee  Tắm gội cho bé xanh lá cho bé trên 3 tuổi 380ml;8851989064192;380.00;0.00;0.00;0.00;VIE GROUP HCM;Default Piling Area;Default Shelf;0;0;0;0;0;0.00;0;0.00;--;0.00;0.00;Còn hàng;Chưa chọn danh mục;;;Single SKU;
https://res.bigseller.pro/sku/images/merchantsku/944484/344175_1784726160110.jpg?imageView2/1/w/300/h/300;2988;SECRET MỸ Gel khử mùi 73g - Cool Waterlily ( Hoa sen );;0.00;0.00;0.00;0.00;VIE GROUP HCM;Default Piling Area;Default Shelf;0;0;0;0;0;0.00;0;0.00;--;0.00;0.00;Còn hàng;Chưa chọn danh mục;;;Single SKU;
https://res.bigseller.pro/sku/images/merchantsku/944484/025772_1782737154743.jpg?imageView2/1/w/300/h/300;2987;JMSOLUTION Mặt Nạ Derma Care Vita Jelly Mask - Moisture Xanh Dương;8809696353580;0.00;0.00;0.00;0.00;VIE GROUP HCM;Default Piling Area;Default Shelf;0;0;0;0;0;0.00;0;0.00;--;0.00;0.00;Còn hàng;Chưa chọn danh mục;;;Single SKU;
;2986;JMSOLUTION Mặt Nạ Derma Care Vita Jelly Mask - Relax Xanh Lá;;0.00;0.00;0.00;0.00;VIE GROUP HCM;Default Piling Area;Default Shelf;5;0;5;0;0;0.00;0;0.00;--;0.00;0.00;Còn hàng;Chưa chọn danh mục;;;Single SKU;
https://res.bigseller.pro/sku/images/merchantsku/944484/879785_1787051247049.jpg?imageView2/1/w/300/h/300;2985;JMSOLUTION Mặt Nạ Derma Care Vita Jelly Mask - Firming Đỏ;;0.00;0.00;0.00;0.00;VIE GROUP HCM;Default Piling Area;Default Shelf;120;0;120;0;0;0.00;0;0.00;--;0.00;0.00;Còn hàng;Chưa chọn danh mục;;;Single SKU;
https://res.bigseller.pro/sku/images/merchantsku/944484/799028_1791460017921.jpg?imageView2/1/w/300/h/300;2984;DR.PEPTI Mặt Nạ Dr.Pepti Soothing Boost Up Mask 25ml - Lẻ 1 miếng;8809610271181;0.00;0.00;0.00;0.00;VIE GROUP HCM;Default Piling Area;Default Shelf;25;0;25;0;0;0.00;0;0.00;--;0.00;0.00;Còn hàng;Chưa chọn danh mục;;;Single SKU;
https://res.bigseller.pro/sku/images/merchantsku/944484/894002_1790322410132.jpg?imageView2/1/w/300/h/300;2983;OEM Hộp 20 Chun Buộc Tóc Nhiều Màu Sắc;;0.00;0.00;0.00;0.00;VIE GROUP HCM;Default Piling Area;Default Shelf;4;0;4;0;0;0.00;0;0.00;--;0.00;0.00;Còn hàng;Chưa chọn danh mục;;;Single SKU;
;2982;OEM Dây Chun Buộc Tóc Set 100 Cái Túi Zip Nhiều Màu;;0.00;0.00;0.00;0.00;VIE GROUP HCM;Default Piling Area;Default Shelf;0;0;0;0;0;0.00;0;0.00;--;0.00;0.00;Còn hàng;Chưa chọn danh mục;;;Single SKU;
https://res.bigseller.pro/sku/images/merchantsku/944484/927659_1788917982890.jpg?imageView2/1/w/300/h/300;QT03;Túi Olay đỏ;;0.00;0.00;0.00;0.00;VIE GROUP HCM;Default Piling Area;Default Shelf;0;0;0;0;0;0.00;0;5.00;0;0.00;0.00;Còn hàng;Chưa chọn danh mục;;;Single SKU;
;QT04;Túi Chilly;;0.00;0.00;0.00;0.00;VIE GROUP HCM;Default Piling Area;Default Shelf;0;0;0;0;0;0.00;0;0.67;0;0.00;0.00;Còn hàng;Chưa chọn danh mục;;;Single SKU;
https://res.bigseller.pro/sku/images/merchantsku/944484/358319_1789044213830.jpg?imageView2/1/w/300/h/300;2978;COTTON NATURAL FLEXIBL Khăn Lau Mặt Đa Năng Hồng - 50 tờ;;0.00;0.00;0.00;0.00;VIE GROUP HCM;Default Piling Area;Default Shelf;54;0;54;0;0;0.00;0;0.30;180;0.00;0.00;Còn hàng;Chưa chọn danh mục;;;Single SKU;
https://res.bigseller.pro/sku/images/merchantsku/944484/630995_1789044213795.jpg?imageView2/1/w/300/h/300;2977;ANIMERRY Khăn Lau Mặt Đa Năng Dạng Rút;;0.00;0.00;0.00;0.00;VIE GROUP HCM;Default Piling Area;Default Shelf;14;0;14;0;0;0.00;0;0.70;20;0.00;0.00;Còn hàng;Chưa chọn danh mục;;;Single SKU;
;2976;LET'S SLIM Găng tay chống nắng - TRẮNG [XT];;0.00;0.00;0.00;0.00;VIE GROUP HCM;Default Piling Area;Default Shelf;0;0;0;0;0;0.00;0;0.00;--;0.00;0.00;Còn hàng;Chưa chọn danh mục;;;Single SKU;
https://res.bigseller.pro/sku/images/merchantsku/944484/128578_1784282180088.jpg?imageView2/1/w/300/h/300;2975;LET'S SLIM Găng tay chống nắng - TÍM [XT];;0.00;0.00;0.00;0.00;VIE GROUP HCM;Default Piling Area;Default Shelf;39;0;39;0;0;0.00;0;0.00;--;0.00;0.00;Còn hàng;Chưa chọn danh mục;;;Single SKU;
https://res.bigseller.pro/sku/images/merchantsku/944484/884295_1784282180451.jpg?imageView2/1/w/300/h/300;2974;LET'S SLIM Găng tay chống nắng - XÁM [XT];;0.00;0.00;0.00;0.00;VIE GROUP HCM;Default Piling Area;Default Shelf;2;0;2;0;0;0.00;0;0.03;66;0.00;0.00;Còn hàng;Chưa chọn danh mục;;;Single SKU;
https://res.bigseller.pro/sku/images/merchantsku/944484/493438_1790322349105.jpg?imageView2/1/w/300/h/300;2973;HAIRBRUST Lược Gội Đầu Và Massage Da Đầu;;0.00;0.00;0.00;0.00;VIE GROUP HCM;Default Piling Area;Default Shelf;5;0;5;0;0;0.00;0;0.00;--;0.00;0.00;Còn hàng;Chưa chọn danh mục;;;Single SKU;
;2972;UPIS Bình Tập Uống Nước Premium Pes 3M+ 260ml;;0.00;0.00;0.00;0.00;VIE GROUP HCM;Default Piling Area;Default Shelf;0;0;0;0;0;0.00;0;0.00;--;0.00;0.00;Còn hàng;Chưa chọn danh mục;;;Single SKU;
https://res.bigseller.pro/sku/images/merchantsku/944484/910206_1785415351536.jpg?imageView2/1/w/300/h/300;2971;CARYN Tã Dán Người Lớn - 20pcs;;0.00;0.00;0.00;0.00;VIE GROUP HCM;Default Piling Area;Default Shelf;0;0;0;0;0;0.00;0;0.00;--;0.00;0.00;Ngừng bán;Chưa chọn danh mục;;;Single SKU;
https://res.bigseller.pro/sku/images/merchantsku/944484/818460_1789044213797.jpg?imageView2/1/w/300/h/300;2970;SACHI Bàn Chải Đánh Răng Cho Bé;;0.00;0.00;0.00;0.00;VIE GROUP HCM;Default Piling Area;Default Shelf;19;0;19;0;0;0.00;0;0.00;--;0.00;0.00;Còn hàng;Chưa chọn danh mục;;;Single SKU;
https://res.bigseller.pro/sku/images/merchantsku/944484/760986_1781262668587.jpg?imageView2/1/w/300/h/300;2969;SACHI Kem Đánh Răng Làm SạchCho Trẻ Từ 12 Tháng Tuổi Chai 80ml - Dâu;;0.00;0.00;0.00;0.00;VIE GROUP HCM;Default Piling Area;Default Shelf;0;0;0;0;0;0.00;0;0.00;--;0.00;0.00;Còn hàng;Chưa chọn danh mục;;;Single SKU;
;2968;SACHI Nước TẮM GỘI Thảo Dược Ngừa Rôm Sảy, Làm Ấm Hỗ Trợ Ngăn Cảm Cúm, Cảm Lạnh Cho Bé Lọ 250ml;;0.00;0.00;0.00;0.00;VIE GROUP HCM;Default Piling Area;Default Shelf;0;0;0;0;0;0.00;0;0.00;--;100000.00;0.00;Còn hàng;Chưa chọn danh mục;;;Single SKU;
https://res.bigseller.pro/sku/images/merchantsku/944484/465265_1784282179199.jpg?imageView2/1/w/300/h/300;2967;LET'S SLIM Găng tay chống nắng AQUA X túi zip loại cao cấp - TÍM [XT];;0.00;0.00;0.00;0.00;VIE GROUP HCM;Default Piling Area;Default Shelf;52;0;52;0;0;0.00;0;0.00;--;0.00;0.00;Còn hàng;Chưa chọn danh mục;;;Single SKU;
https://res.bigseller.pro/sku/images/merchantsku/944484/795474_1790322232109.jpg?imageView2/1/w/300/h/300;2966;BAKING SODA Bột Pure Baking Soda Arm & Hammer - 454g;8938563903013;0.00;0.00;0.00;0.00;VIE GROUP HCM;Default Piling Area;Default Shelf;12;0;12;0;0;0.00;0;0.63;19;0.00;0.00;Còn hàng;Chưa chọn danh mục;;;Single SKU;
https://res.bigseller.pro/sku/images/merchantsku/944484/406078_1781189624044.jpg?imageView2/1/w/300/h/300;2965;WHITE RAIN Xà Phòng Bánh Spring Fresh (bịch 2 bánh);;0.00;0.00;0.00;0.00;VIE GROUP HCM;Default Piling Area;Default Shelf;0;0;0;0;0;0.00;0;0.00;--;0.00;0.00;Ngừng bán;Chưa chọn danh mục;;;Single SKU;
https://res.bigseller.pro/sku/images/merchantsku/944484/482993_1781262871903.jpg?imageView2/1/w/300/h/300;2964;WHITE RAIN Xà Phòng Bánh Classic Gold (bịch 2 bánh);;0.00;0.00;0.00;0.00;VIE GROUP HCM;Default Piling Area;Default Shelf;0;0;0;0;0;0.00;0;0.00;0;0.00;0.00;Ngừng bán;Chưa chọn danh mục;;;Single SKU;
;2963;BUBCHEN Gel Tắm Gội 2in1 Cho Bé Sportsfreund Bóng Đá MINI;;0.00;0.00;0.00;0.00;VIE GROUP HCM;Default Piling Area;Default Shelf;0;0;0;0;0;0.00;0;0.00;--;0.00;0.00;Còn hàng;Chưa chọn danh mục;;;Single SKU;
https://res.bigseller.pro/sku/images/merchantsku/944484/847646_1781189351223.jpg?imageView2/1/w/300/h/300;2962;BOBINI Kem dưỡng ẩm trẻ em chống nẻ 1+ ngày tuổi 75ML;4013356248183;0.00;0.00;0.00;0.00;VIE GROUP HCM;Default Piling Area;Default Shelf;3;0;3;0;0;0.00;0;0.00;--;0.00;0.00;Còn hàng;Chưa chọn danh mục;;;Single SKU;
https://res.bigseller.pro/sku/images/merchantsku/944484/562432_1782391187814.jpg?imageView2/1/w/300/h/300;2961;BUBCHEN Kem Chống Hăm Thuần Chay Baby Wundschutz Creme 150ml;;0.00;0.00;0.00;0.00;VIE GROUP HCM;Default Piling Area;Default Shelf;0;0;0;0;0;0.00;0;0.00;--;0.00;0.00;Ngừng bán;Chưa chọn danh mục;;;Single SKU;
https://res.bigseller.pro/sku/images/merchantsku/944484/977319_1789044213800.jpg?imageView2/1/w/300/h/300;2960;UPIS Bình sữa Premium Pes 0M+ 180ml;8801092523758;0.00;0.00;0.00;0.00;VIE GROUP HCM;Default Piling Area;Default Shelf;2;0;2;0;0;0.00;0;0.00;--;0.00;0.00;Còn hàng;Chưa chọn danh mục;;;Single SKU;
https://res.bigseller.pro/sku/images/merchantsku/944484/202852_1789044213784.jpg?imageView2/1/w/300/h/300;2959;UPIS Bình Tập Uống Nước Premium Pes 6M+ 260ml;8801092524427;0.00;0.00;0.00;0.00;VIE GROUP HCM;Default Piling Area;Default Shelf;2;0;2;0;0;0.00;0;0.00;--;0.00;0.00;Còn hàng;Chưa chọn danh mục;;;Single SKU;
;2958;UPIS Bình sữa Premium Pes 1M+ 260ml;;0.00;0.00;0.00;0.00;VIE GROUP HCM;Default Piling Area;Default Shelf;0;0;0;0;0;0.00;0;0.00;--;0.00;0.00;Còn hàng;Chưa chọn danh mục;;;Single SKU;
;2957;UPIS Bình sữa Premium Pes 6M+ 260ml;;0.00;0.00;0.00;0.00;VIE GROUP HCM;Default Piling Area;Default Shelf;6;0;6;0;0;0.00;0;0.00;--;0.00;0.00;Còn hàng;Chưa chọn danh mục;;;Single SKU;
https://res.bigseller.pro/sku/images/merchantsku/944484/957383_1789044213775.jpg?imageView2/1/w/300/h/300;2956;DẠ HƯƠNG Dung dịch vệ sinh phụ nữ Mềm mịn - 100ml;;0.00;0.00;0.00;0.00;VIE GROUP HCM;Default Piling Area;Default Shelf;0;0;0;0;0;0.00;0;0.00;--;0.00;0.00;Còn hàng;Chưa chọn danh mục;;;Single SKU;
https://res.bigseller.pro/sku/images/merchantsku/944484/674633_1783349378439.jpg?imageView2/1/w/300/h/300;2955;DR.SERA Bông Tẩy Trang Cotton Tiệt Trùng UV Double Cleansing Cotton Pads - 1000 Miếng;8809584963426;0.00;0.00;0.00;0.00;VIE GROUP HCM;Default Piling Area;Default Shelf;6;0;6;0;0;0.00;0;0.00;--;0.00;0.00;Còn hàng;Chưa chọn danh mục;;;Single SKU;
https://res.bigseller.pro/sku/images/merchantsku/944484/346712_1784884899073.jpg?imageView2/1/w/300/h/300;2954;ST.IVES Sữa Rửa Mặt tẩy tế bào chết 170g - Bơ & Mật ong;;0.00;0.00;0.00;0.00;VIE GROUP HCM;Default Piling Area;Default Shelf;0;0;0;0;0;0.00;0;0.00;--;0.00;0.00;Ngừng bán;Chưa chọn danh mục;;;Single SKU;
https://res.bigseller.pro/sku/images/merchantsku/944484/824168_1782722927868.jpg?imageView2/1/w/300/h/300;2953;SILKY hands Kem tay lụa dưỡng mềm số 5 80ml - Vitamin A;4600702026009;0.00;0.00;0.00;0.00;VIE GROUP HCM;Default Piling Area;Default Shelf;3;0;3;0;0;0.00;0;0.03;100;9663.09;28989.27;Còn hàng;Chưa chọn danh mục;;;Single SKU;
https://res.bigseller.pro/sku/images/merchantsku/944484/611213_1781534798045.jpg?imageView2/1/w/300/h/300;2952;BUBCHEN Sữa Tắm Gội 2in1 Phiên Bản Hoạt Hình Dịu Lành Làm Sạch Da Cho Bé 130ml - Badeglibe Xanh;4065331002938;0.00;0.00;0.00;0.00;VIE GROUP HCM;Default Piling Area;Default Shelf;2;0;2;0;0;0.00;0;0.00;--;0.00;0.00;Còn hàng;Chưa chọn danh mục;;;Single SKU;
https://res.bigseller.pro/sku/images/merchantsku/944484/823177_1781189516560.jpg?imageView2/1/w/300/h/300;2951;BUBCHEN Sữa Tắm Gội 2in1 Phiên Bản Hoạt Hình Dịu Lành Làm Sạch Da Cho Bé 130ml - Badeglibe Hồng;4065331002914;0.00;0.00;0.00;0.00;VIE GROUP HCM;Default Piling Area;Default Shelf;1;0;1;0;0;0.00;0;0.00;--;0.00;0.00;Còn hàng;Chưa chọn danh mục;;;Single SKU;
https://res.bigseller.pro/sku/images/merchantsku/944484/138420_1781262415107.jpg?imageView2/1/w/300/h/300;2950;CORINE DE FARME Gel Tắm Essential Shower Gel Làm Sạch Da, Gữ Ẩm 750ml - Honey & Milk;;0.00;0.00;0.00;0.00;VIE GROUP HCM;Default Piling Area;Default Shelf;0;0;0;0;0;0.00;0;0.00;--;0.00;0.00;Ngừng bán;Chưa chọn danh mục;;;Single SKU;
https://res.bigseller.pro/sku/images/merchantsku/944484/093252_1781535474992.jpg?imageView2/1/w/300/h/300;2949;CORINE DE FARME Gel Tắm Essential Shower Gel Làm Sạch Da, Gữ Ẩm 750ml - Coconut Water;;0.00;0.00;0.00;0.00;VIE GROUP HCM;Default Piling Area;Default Shelf;0;0;0;0;0;0.00;0;0.00;--;0.00;0.00;Ngừng bán;Chưa chọn danh mục;;;Single SKU;
https://res.bigseller.pro/sku/images/merchantsku/944484/390484_1789044213807.jpg?imageView2/1/w/300/h/300;2948;DR.SERA Giấy Hút màu vết bẩn Clolor & Stain chatcher sheet 40 miếng;;0.00;0.00;0.00;0.00;VIE GROUP HCM;Default Piling Area;Default Shelf;0;0;0;0;0;0.00;0;0.00;--;0.00;0.00;Còn hàng;Chưa chọn danh mục;;;Single SKU;
https://res.bigseller.pro/sku/images/merchantsku/944484/693552_1789044213811.jpg?imageView2/1/w/300/h/300;2947;DR.SERA Giấy sấy thơm Scented Softener Dryer Sheet 40 miếng - Hương hoa phong lan;;0.00;0.00;0.00;0.00;VIE GROUP HCM;Default Piling Area;Default Shelf;0;0;0;0;0;0.00;0;0.00;--;0.00;0.00;Còn hàng;Chưa chọn danh mục;;;Single SKU;
https://res.bigseller.pro/sku/images/merchantsku/944484/016116_1789044213770.jpg?imageView2/1/w/300/h/300;2946;DR.SERA Giấy sấy thơm Scented Softener Dryer Sheet 40 miếng - Hương Lavender;;0.00;0.00;0.00;0.00;VIE GROUP HCM;Default Piling Area;Default Shelf;0;0;0;0;0;0.00;0;0.00;--;0.00;0.00;Còn hàng;Chưa chọn danh mục;;;Single SKU;
https://res.bigseller.pro/sku/images/merchantsku/944484/870669_1786428295944.jpg?imageView2/1/w/300/h/300;2945;DR.SERA Giấy giặt hút màu Color Catcher Laundry Sheet Gói 40 miếng - Hương Lavender;8809584963853;0.00;0.00;0.00;0.00;VIE GROUP HCM;Default Piling Area;Default Shelf;14;0;14;0;0;0.00;0;0.23;60;60166.67;842333.38;Còn hàng;Chưa chọn danh mục;;;Single SKU;
https://res.bigseller.pro/sku/images/merchantsku/944484/855522_1786428212835.jpg?imageView2/1/w/300/h/300;2944;DR.SERA Giấy giặt hút màu Color Catcher Laundry Sheet Gói 40 miếng - Hương hoa phong lan;8809584963969;0.00;0.00;0.00;0.00;VIE GROUP HCM;Default Piling Area;Default Shelf;27;0;27;0;0;0.00;0;0.17;158;41381.11;1117289.97;Còn hàng;Chưa chọn danh mục;;;Single SKU;
https://res.bigseller.pro/sku/images/merchantsku/944484/183201_1781189516749.jpg?imageView2/1/w/300/h/300;2943;DR.SERA Giấy giặt hút màu, chống loang màu Color Catcher Laundry Phong Lan - Gói 2 miếng;;0.00;0.00;0.00;0.00;VIE GROUP HCM;Default Piling Area;Default Shelf;0;0;0;0;0;0.00;0;0.00;--;0.00;0.00;Còn hàng;Chưa chọn danh mục;;;Single SKU;
https://res.bigseller.pro/sku/images/merchantsku/944484/820819_1790321347284.jpg?imageView2/1/w/300/h/300;2942;CARE:NEL Mặt Nạ Ngủ Môi LIME NIGHT MASK - 23g;;0.00;0.00;0.00;0.00;VIE GROUP HCM;Default Piling Area;Default Shelf;120;0;120;0;0;0.00;0;0.00;--;0.00;0.00;Còn hàng;Chưa chọn danh mục;;;Single SKU;
https://res.bigseller.pro/sku/images/merchantsku/944484/021800_1790321968601.jpg?imageView2/1/w/300/h/300;2941;DR.SERA Tẩy tế bào da đầu No Dandruff Shampoo and Scrub Wash - 100ml;;0.00;0.00;0.00;0.00;VIE GROUP HCM;Default Piling Area;Default Shelf;72;0;72;0;0;0.00;0;0.00;--;0.00;0.00;Còn hàng;Chưa chọn danh mục;;;Single SKU;
https://res.bigseller.pro/sku/images/merchantsku/944484/883680_1783077609202.jpg?imageView2/1/w/300/h/300;2940;VEET Kem Tẩy Lông Silk & Fresh Hair Removal Cream 100G - Sensitive Skin;5052197061598;0.00;0.00;0.00;0.00;VIE GROUP HCM;Default Piling Area;Default Shelf;1;0;1;0;0;0.00;0;0.00;--;111437.66;111437.66;Còn hàng;Chưa chọn danh mục;;;Single SKU;
https://res.bigseller.pro/sku/images/merchantsku/944484/375872_1784883261265.jpg?imageView2/1/w/300/h/300;2911;SO.NATURAL Xịt Dưỡng Nền Water Glow Make Up Setting Fixx So'Natural 75ml - Hồng nhạt;8809263872070;0.00;0.00;0.00;0.00;VIE GROUP HCM;Default Piling Area;Default Shelf;0;0;0;0;0;0.00;0;0.50;0;250652.01;0.00;Còn hàng;Chưa chọn danh mục;;;Single SKU;
;2909;HETRAS Khử Mùi Xe Ô Tô Premium Car Diffuser 2EA - Black Cherry - Set 2 Lọ x77ml;;0.00;0.00;0.00;0.00;VIE GROUP HCM;Default Piling Area;Default Shelf;0;0;0;0;0;0.00;0;0.00;--;0.00;0.00;Còn hàng;Chưa chọn danh mục;;;Single SKU;
;2908;HETRAS Khử Mùi Xe Ô Tô Premium Car Diffuser 2EA - Book Store - Set 2 Lọ x77ml;;0.00;0.00;0.00;0.00;VIE GROUP HCM;Default Piling Area;Default Shelf;0;0;0;0;0;0.00;0;0.00;--;0.00;0.00;Còn hàng;Chưa chọn danh mục;;;Single SKU;
;2907;HETRAS Khử Mùi Xe Ô Tô Premium Car Diffuser 2EA - Flower Shop - Set 2 Lọ x77ml;;0.00;0.00;0.00;0.00;VIE GROUP HCM;Default Piling Area;Default Shelf;0;0;0;0;0;0.00;0;0.00;--;0.00;0.00;Còn hàng;Chưa chọn danh mục;;;Single SKU;
;2906;HETRAS Khử Mùi Phòng Premium Diffuser 2EA - Romantic Lavender - Set 2 Lọ x 500ml;;0.00;0.00;0.00;0.00;VIE GROUP HCM;Default Piling Area;Default Shelf;0;0;0;0;0;0.00;0;0.00;--;0.00;0.00;Còn hàng;Chưa chọn danh mục;;;Single SKU;
;2905;HETRAS Khử Mùi Phòng Premium Diffuser 2EA - White Shirt - Set 2 Lọ x 500ml;;0.00;0.00;0.00;0.00;VIE GROUP HCM;Default Piling Area;Default Shelf;0;0;0;0;0;0.00;0;0.00;--;0.00;0.00;Còn hàng;Chưa chọn danh mục;;;Single SKU;
;2904;HETRAS Khử Mùi Phòng Premium Diffuser 2EA - Jeju Saryoeni Forest - Set 2 Lọ x 500ml;;0.00;0.00;0.00;0.00;VIE GROUP HCM;Default Piling Area;Default Shelf;0;0;0;0;0;0.00;0;0.00;--;0.00;0.00;Còn hàng;Chưa chọn danh mục;;;Single SKU;
;2903;HETRAS Khử Mùi Phòng Premium Diffuser 2EA - Book Store - Set 2 Lọ x 500ml;;0.00;0.00;0.00;0.00;VIE GROUP HCM;Default Piling Area;Default Shelf;0;0;0;0;0;0.00;0;0.00;--;0.00;0.00;Còn hàng;Chưa chọn danh mục;;;Single SKU;
;2902;HETRAS Khử Mùi Phòng Premium Diffuser 2EA - Hug Soap - Set 2 Lọ x 500ml;;0.00;0.00;0.00;0.00;VIE GROUP HCM;Default Piling Area;Default Shelf;0;0;0;0;0;0.00;0;0.00;--;0.00;0.00;Còn hàng;Chưa chọn danh mục;;;Single SKU;
;2901;HETRAS Khử Mùi Phòng Premium Diffuser 2EA - Black Cherry - Set 2 Lọ x 500ml;;0.00;0.00;0.00;0.00;VIE GROUP HCM;Default Piling Area;Default Shelf;0;0;0;0;0;0.00;0;0.00;--;0.00;0.00;Còn hàng;Chưa chọn danh mục;;;Single SKU;
https://res.bigseller.pro/sku/images/merchantsku/944484/803050_1779195713224.jpg?imageView2/1/w/300/h/300;2859;VASELINE Sữa Dưỡng Thể Body Lotion 1000ml - XANH DƯƠNG;;0.00;0.00;0.00;0.00;VIE GROUP HCM;Default Piling Area;Default Shelf;0;0;0;0;0;0.00;0;0.00;--;0.00;0.00;Còn hàng;Chưa chọn danh mục;;;Single SKU;
https://res.bigseller.pro/sku/images/merchantsku/944484/349080_1779448272253.jpg?imageView2/1/w/300/h/300;2858;VASELINE Sữa Dưỡng Thể Body Lotion 1000ml - XANH LÁ;;0.00;0.00;0.00;0.00;VIE GROUP HCM;Default Piling Area;Default Shelf;0;0;0;0;0;0.00;0;0.00;--;0.00;0.00;Còn hàng;Chưa chọn danh mục;;;Single SKU;
https://res.bigseller.pro/sku/images/merchantsku/944484/461045_1779448537972.jpg?imageView2/1/w/300/h/300;2857;VASELINE Sữa Dưỡng Thể Body Lotion 1000ml - VÀNG;;0.00;0.00;0.00;0.00;VIE GROUP HCM;Default Piling Area;Default Shelf;0;0;0;0;0;0.00;0;0.00;--;0.00;0.00;Còn hàng;Chưa chọn danh mục;;;Single SKU;
https://res.bigseller.pro/sku/images/merchantsku/944484/784715_1783673762972.jpg?imageView2/1/w/300/h/300;2939;LOREAL Tinh Chất Mọc Tóc Serioxyl Advanced Professionnel Dạng Xịt - 90ml;;0.00;0.00;0.00;0.00;VIE GROUP HCM;Default Piling Area;Default Shelf;0;0;0;0;0;0.00;0;0.00;--;783981.82;0.00;Còn hàng;Chưa chọn danh mục;;;Single SKU;
https://res.bigseller.pro/sku/images/merchantsku/944484/230445_1789044213796.jpg?imageView2/1/w/300/h/300;2938;MEDIHEAL Son dưỡng Panteno Lips 10ml - Hồng;;0.00;0.00;0.00;0.00;VIE GROUP HCM;Default Piling Area;Default Shelf;0;0;0;0;0;0.00;0;0.00;--;0.00;0.00;Còn hàng;Chưa chọn danh mục;;;Single SKU;
https://res.bigseller.pro/sku/images/merchantsku/944484/553098_1786970364748.jpg?imageView2/1/w/300/h/300;2937;MEDIHEAL Son dưỡng Panteno Lips 10ml - Xanh nhạt;8809936742082;0.00;0.00;0.00;0.00;VIE GROUP HCM;Default Piling Area;Default Shelf;1;0;1;0;0;0.00;0;1.67;0;51349.80;51349.80;Còn hàng;Chưa chọn danh mục;;;Single SKU;
https://res.bigseller.pro/sku/images/merchantsku/944484/551348_1779941516118.jpg?imageView2/1/w/300/h/300;2930;DR.SERA Mặt nạ nén tiệt trùng mềm mịn RELAXING TRAVEL COMPRESSED - Túi 10 mask;;0.00;0.00;0.00;0.00;VIE GROUP HCM;Default Piling Area;Default Shelf;96;0;96;0;0;0.00;0;6.17;15;7000.00;672000.00;Còn hàng;Chưa chọn danh mục;;;Single SKU;
https://res.bigseller.pro/sku/images/merchantsku/944484/233849_1787111347255.jpg?imageView2/1/w/300/h/300;2936;SILKY hands Kem tay lụa tái tạo số 5 80ml - Hắc mai biển;4600702088618;0.00;0.00;0.00;0.00;VIE GROUP HCM;Default Piling Area;Default Shelf;1;0;1;0;0;0.00;0;0.00;--;28941.22;28941.22;Còn hàng;Chưa chọn danh mục;;;Single SKU;
https://res.bigseller.pro/sku/images/merchantsku/944484/675315_1782392142154.jpg?imageView2/1/w/300/h/300;2935;SILKY hands Kem tay lụa dưỡng mềm số 5 80ml - Hạnh nhân;;0.00;0.00;0.00;0.00;VIE GROUP HCM;Default Piling Area;Default Shelf;0;0;0;0;0;0.00;0;0.00;--;25121.43;0.00;Còn hàng;Chưa chọn danh mục;;;Single SKU;
https://res.bigseller.pro/sku/images/merchantsku/944484/048261_1782391322055.jpg?imageView2/1/w/300/h/300;2934;SILKY hands Kem tay dưỡng bảo vệ VTM số 3 80ml - Sáp ong;4600702025989;0.00;0.00;0.00;0.00;VIE GROUP HCM;Default Piling Area;Default Shelf;0;0;0;0;0;0.00;0;0.00;--;28941.22;0.00;Còn hàng;Chưa chọn danh mục;;;Single SKU;
https://res.bigseller.pro/sku/images/merchantsku/944484/234221_1787111234746.jpg?imageView2/1/w/300/h/300;2933;SILKY hands Kem tay lụa nuôi dưỡng số 4 80ml - Macca;4600702025972;0.00;0.00;0.00;0.00;VIE GROUP HCM;Default Piling Area;Default Shelf;0;0;0;0;0;0.00;0;0.00;--;28927.59;0.00;Còn hàng;Chưa chọn danh mục;;;Single SKU;
;2932;CAFE MINI TDC đầu làm sạch sâu Shampoo Scrub 330g - Xanh lá;;0.00;0.00;0.00;0.00;VIE GROUP HCM;Default Piling Area;Default Shelf;0;0;0;0;0;0.00;0;0.00;--;0.00;0.00;Còn hàng;Chưa chọn danh mục;;;Single SKU;
;2931;CAFE MINI TDC đầu làm sạch sâu Shampoo Scrub 330g - Xanh dương;;0.00;0.00;0.00;0.00;VIE GROUP HCM;Default Piling Area;Default Shelf;0;0;0;0;0;0.00;0;0.00;--;0.00;0.00;Còn hàng;Chưa chọn danh mục;;;Single SKU;
https://res.bigseller.pro/sku/images/merchantsku/944484/798100_1788534173218.jpg?imageView2/1/w/300/h/300;2900;HETRAS Sữa Tắm HOTEL THERAPY BODY WASH - SOOSUNHWA 1013ml;8809922133801;0.00;0.00;0.00;0.00;VIE GROUP HCM;Default Piling Area;Default Shelf;46;0;46;0;0;0.00;0;0.23;200;205000.00;9430000.00;Còn hàng;Chưa chọn danh mục;;;Single SKU;
;2929;9 Wishes Tinh Chất Dưỡng Ẩm Hydra Skin Ampule II - 30ml;;0.00;0.00;0.00;0.00;VIE GROUP HCM;Default Piling Area;Default Shelf;0;0;0;0;0;0.00;0;0.00;--;174612.90;0.00;Còn hàng;Chưa chọn danh mục;;;Single SKU;
https://res.bigseller.pro/sku/images/merchantsku/944484/954170_1789044213769.jpg?imageView2/1/w/300/h/300;2928;OEM Bông mút trang điểm hình giọt nước - Lẻ 1 miếng;;0.00;0.00;0.00;0.00;VIE GROUP HCM;Default Piling Area;Default Shelf;0;0;0;0;0;0.00;0;0.00;--;0.00;0.00;Còn hàng;Chưa chọn danh mục;;;Single SKU;
https://res.bigseller.pro/sku/images/merchantsku/944484/753606_1779854532670.jpg?imageView2/1/w/300/h/300;2927;MD CARE Tinh chất  Brightenyl Serum 30ml - Hồng đậm;;0.00;0.00;0.00;0.00;VIE GROUP HCM;Default Piling Area;Default Shelf;0;0;0;0;0;0.00;0;0.00;--;196724.14;0.00;Còn hàng;Chưa chọn danh mục;;;Single SKU;
https://res.bigseller.pro/sku/images/merchantsku/944484/901751_1789044213794.jpg?imageView2/1/w/300/h/300;2926;THERAMID Huyết thanh dưỡng ẩm, làm dịu da COPPER PEPTIDE - 30ml;;0.00;0.00;0.00;0.00;VIE GROUP HCM;Default Piling Area;Default Shelf;0;0;0;0;0;0.00;0;0.00;--;0.00;0.00;Còn hàng;Chưa chọn danh mục;;;Single SKU;
;2925;THERAMID Huyết thanh làm mờ nếp nhăn CLINICAL VITAMIN A - 30ml;;0.00;0.00;0.00;0.00;VIE GROUP HCM;Default Piling Area;Default Shelf;0;0;0;0;0;0.00;0;0.00;--;0.00;0.00;Còn hàng;Chưa chọn danh mục;;;Single SKU;
;2924;ACNEMY Serum Acnemy Zitcalm Giảm Đỏ, Làm Dịu Da - 30ml;;0.00;0.00;0.00;0.00;VIE GROUP HCM;Default Piling Area;Default Shelf;0;0;0;0;0;0.00;0;0.00;--;0.00;0.00;Còn hàng;Chưa chọn danh mục;;;Single SKU;
;2923;CHANTELLE Mặt nạ FACIAL MASK SHEEP PLACENTA INTENSIVE BRIGHTENING (7 miếng/hộp);;0.00;0.00;0.00;0.00;VIE GROUP HCM;Default Piling Area;Default Shelf;0;0;0;0;0;0.00;0;0.00;--;0.00;0.00;Còn hàng;Chưa chọn danh mục;;;Single SKU;
;2922;TRANSPARENT LAB Kem dưỡng sáng da Niacinamide NIACINAMIDE GLOW CREAM - 15ml;;0.00;0.00;0.00;0.00;VIE GROUP HCM;Default Piling Area;Default Shelf;0;0;0;0;0;0.00;0;0.00;--;139500.00;0.00;Còn hàng;Chưa chọn danh mục;;;Single SKU;
https://res.bigseller.pro/sku/images/merchantsku/944484/312916_1789044213793.jpg?imageView2/1/w/300/h/300;2921;TRANSPARENT LAB Huyết thanh dưỡng ẩm cho da PURE GLYCERIN FACE SERUM - 15ml;;0.00;0.00;0.00;0.00;VIE GROUP HCM;Default Piling Area;Default Shelf;0;0;0;0;0;0.00;0;0.00;--;139500.00;0.00;Còn hàng;Chưa chọn danh mục;;;Single SKU;
;2920;TRANSPARENT LAB Kem phục hồi dưỡng ẩm CERAMIDE REPAIR MOISTURIZER - 10ml;;0.00;0.00;0.00;0.00;VIE GROUP HCM;Default Piling Area;Default Shelf;0;0;0;0;0;0.00;0;0.00;--;139650.00;0.00;Còn hàng;Chưa chọn danh mục;;;Single SKU;
https://res.bigseller.pro/sku/images/merchantsku/944484/960621_1789044213781.jpg?imageView2/1/w/300/h/300;2919;TRANSPARENT LAB Huyết thanh dưỡng ẩm cho da PURE GLYCERIN FACE SERUM - 50ml;;0.00;0.00;0.00;0.00;VIE GROUP HCM;Default Piling Area;Default Shelf;0;0;0;0;0;0.00;0;0.00;--;341667.00;0.00;Còn hàng;Chưa chọn danh mục;;;Single SKU;
https://res.bigseller.pro/sku/images/merchantsku/944484/755676_1789044213829.jpg?imageView2/1/w/300/h/300;2918;TRANSPARENT LAB Kem dưỡng ẩm, phục hồi da CERAMIDE REPAIR MOISTURIZER - 30ml;;0.00;0.00;0.00;0.00;VIE GROUP HCM;Default Piling Area;Default Shelf;0;0;0;0;0;0.00;0;0.00;--;454167.00;0.00;Còn hàng;Chưa chọn danh mục;;;Single SKU;
https://res.bigseller.pro/sku/images/merchantsku/944484/605627_1789044214292.jpg?imageView2/1/w/300/h/300;2917;TRANSPARENT LAB Sữa rửa mặt BHA kiểm soát mụn BLEMISH CONTROL BHA CLEANSER PH - 150ml;;0.00;0.00;0.00;0.00;VIE GROUP HCM;Default Piling Area;Default Shelf;0;0;0;0;0;0.00;0;0.00;--;395833.00;0.00;Còn hàng;Chưa chọn danh mục;;;Single SKU;
https://res.bigseller.pro/sku/images/merchantsku/944484/695400_1790560784313.jpg?imageView2/1/w/300/h/300;2916;EVOLUDERM Xịt Khoáng Atomiseur Eau Pur - 50ml;;0.00;0.00;0.00;0.00;VIE GROUP HCM;Default Piling Area;Default Shelf;0;0;0;0;0;0.00;0;0.12;0;57495.14;0.00;Còn hàng;Chưa chọn danh mục;;;Single SKU;
https://res.bigseller.pro/sku/images/merchantsku/944484/624750_1779870538547.jpg?imageView2/1/w/300/h/300;2910;HADA LABO Sữa Rửa Mặt Hada Labo Cleanser 80g - Xanh lá;;0.00;0.00;0.00;0.00;VIE GROUP HCM;Default Piling Area;Default Shelf;0;0;0;0;0;0.00;0;0.50;0;67426.83;0.00;Còn hàng;Chưa chọn danh mục;;;Single SKU;
https://res.bigseller.pro/sku/images/merchantsku/944484/901077_1791016762952.jpg?imageView2/1/w/300/h/300;2915;JM Solution Mặt Nạ Mắt Marine Luminous Pearl Deep Moisture Eye Patch Pearl 60 miếng - XANH DƯƠNG;;0.00;0.00;0.00;0.00;VIE GROUP HCM;Default Piling Area;Default Shelf;0;0;0;0;0;0.00;0;0.00;--;123000.00;0.00;Còn hàng;Chưa chọn danh mục;;;Single SKU;
https://res.bigseller.pro/album/944484/202605260130522b37b1d50b8c17d26995102e868137c7.jpg?imageView2/1/w/300/h/300;2914;MD CARE Gel dưỡng MD Care NMF Hydration Concentrate Facial Gel 50ml - Xanh mint;;0.00;0.00;0.00;0.00;VIE GROUP HCM;Default Piling Area;Default Shelf;0;0;0;0;0;0.00;0;0.00;--;261724.14;0.00;Còn hàng;Chưa chọn danh mục;;;Single SKU;
https://res.bigseller.pro/sku/images/merchantsku/944484/702913_1779759018047.jpg?imageView2/1/w/300/h/300;2913;MD CARE Kem Dưỡng Brightening Blemish Cream 50ml – Trắng;;0.00;0.00;0.00;0.00;VIE GROUP HCM;Default Piling Area;Default Shelf;0;0;0;0;0;0.00;0;0.00;--;281724.14;0.00;Còn hàng;Chưa chọn danh mục;;;Single SKU;
https://res.bigseller.pro/sku/images/merchantsku/944484/041686_1779758927823.jpg?imageView2/1/w/300/h/300;2912;MD CARE Kem dưỡng A.R.T BRIGHTENING COMPLEX 30ml - Tím đậm;;0.00;0.00;0.00;0.00;VIE GROUP HCM;Default Piling Area;Default Shelf;0;0;0;0;0;0.00;0;0.00;--;308724.14;0.00;Còn hàng;Chưa chọn danh mục;;;Single SKU;
https://res.bigseller.pro/sku/images/merchantsku/944484/169366_1789626146643.jpg?imageView2/1/w/300/h/300;2899;HISTOLAB Tinh Chất Hyaluron Complex Ampoule Derma Histolab 62% - 50ml;;0.00;0.00;0.00;0.00;VIE GROUP HCM;Default Piling Area;Default Shelf;0;0;0;0;0;0.00;0;2.00;0;319080.00;0.00;Còn hàng;Chưa chọn danh mục;;;Single SKU;
https://res.bigseller.pro/sku/images/merchantsku/944484/626834_1782467543241.jpg?imageView2/1/w/300/h/300;2898;JM SOLUTION mặt nạ Derma care vita relax jelly mask viên thuốc - Vàng;;0.00;0.00;0.00;0.00;VIE GROUP HCM;Default Piling Area;Default Shelf;0;0;0;0;0;0.00;0;0.00;--;0.00;0.00;Còn hàng;Chưa chọn danh mục;;;Single SKU;
https://res.bigseller.pro/sku/images/merchantsku/944484/094653_1783327919083.jpg?imageView2/1/w/300/h/300;2897;TETRA Bông Tẩy Trang Pháp LE SOIN A L’ÉTAT PUR - 500 miếng;;0.00;0.00;0.00;0.00;VIE GROUP HCM;Default Piling Area;Default Shelf;25;14;11;0;0;0.00;30;7.67;1;79551.05;1988776.25;Còn hàng;Chưa chọn danh mục;;;Single SKU;
https://res.bigseller.pro/sku/images/merchantsku/944484/322250_1781535026662.jpg?imageView2/1/w/300/h/300;2896;MARVIS Kem Đánh Răng Ý 85ml – Classic Strong mint ( Xanh lá );;0.00;0.00;0.00;0.00;VIE GROUP HCM;Default Piling Area;Default Shelf;0;0;0;0;0;0.00;0;10.00;0;134000.00;0.00;Còn hàng;Chưa chọn danh mục;;;Single SKU;
https://res.bigseller.pro/sku/images/merchantsku/944484/498034_1785895290594.jpg?imageView2/1/w/300/h/300;2895;EUCERIN Sữa rửa mặt Eucerin Pro ACNE Solution Cleansing Gel - 200ML;8850029043715;0.00;0.00;0.00;0.00;VIE GROUP HCM;Default Piling Area;Default Shelf;31;1;30;0;0;0.00;0;0.87;34;191528.91;5937396.21;Còn hàng;Chưa chọn danh mục;;;Single SKU;
https://res.bigseller.pro/album/944484/20260525052305384efc68327e58a9c5baaaa98541fbde.jpg?imageView2/1/w/300/h/300;2894;EUCERIN Sữa rửa mặt Eucerin Pro ACNE Solution Cleansing Gel - 400ML;8850029043739;0.00;0.00;0.00;0.00;VIE GROUP HCM;Default Piling Area;Default Shelf;49;0;49;0;0;0.00;0;0.07;700;290952.38;14256666.62;Còn hàng;Chưa chọn danh mục;;;Single SKU;
https://res.bigseller.pro/sku/images/merchantsku/944484/862301_1779274115469.jpg?imageView2/1/w/300/h/300;VT18;Giấy in cuộn 350 tờ  KT 100x150cm;;0.00;0.00;0.00;0.00;VIE GROUP HCM;Default Piling Area;Default Shelf;0;0;0;0;0;0.00;0;0.00;--;0.00;0.00;Còn hàng;#MÃ VẬT TƯ;;;Single SKU;
https://res.bigseller.pro/sku/images/merchantsku/944484/738536_1779274192661.jpg?imageView2/1/w/300/h/300;VT17;Giấy in nhệt tệp 500 tờ KT 100x150cm;;0.00;0.00;0.00;0.00;VIE GROUP HCM;Default Piling Area;Default Shelf;40;0;40;0;0;0.00;0;0.00;--;66724.80;2668992.00;Còn hàng;#MÃ VẬT TƯ;;;Single SKU;
;2893;THE SAEM D114 - SAEM - CHE KHUYẾT ĐIỂM - Contour Beige;;0.00;0.00;0.00;0.00;VIE GROUP HCM;Default Piling Area;Default Shelf;1;0;1;0;0;0.00;0;0.00;--;0.00;0.00;Còn hàng;Chưa chọn danh mục;;;Single SKU;
https://res.bigseller.pro/sku/images/merchantsku/944484/189134_1779799111613.jpg?imageView2/1/w/300/h/300;2892;THE SAEM D114 - SAEM - CHE KHUYẾT ĐIỂM - Peach Beige 9.5g;8806164165287;0.00;0.00;0.00;0.00;VIE GROUP HCM;Default Piling Area;Default Shelf;0;0;0;0;0;0.00;0;0.00;--;54000.00;0.00;Còn hàng;Chưa chọn danh mục;;;Single SKU;
https://res.bigseller.pro/sku/images/merchantsku/944484/261968_1779266023663.jpg?imageView2/1/w/300/h/300;2891;VELY VELY Serum Chống Nắng Vitamin Dark Spot Tone-Up Sun SPF50+ PA+++ 30ml [XT];8809537125796;0.00;0.00;0.00;0.00;VIE GROUP HCM;Default Piling Area;Default Shelf;0;0;0;0;0;0.00;0;0.00;0;216000.00;0.00;Ngừng bán;Chưa chọn danh mục;;;Single SKU;
https://res.bigseller.pro/sku/images/merchantsku/944484/817729_1780575644684.jpg?imageView2/1/w/300/h/300;2890;CORINE DE FARM Gel Vệ Sinh Intimate Miss With Aloe Vera Giúp Làm Sạch Nhẹ Nhàng - 125ml;;0.00;0.00;0.00;0.00;VIE GROUP HCM;Default Piling Area;Default Shelf;0;0;0;0;0;0.00;0;0.00;--;0.00;0.00;Còn hàng;Chưa chọn danh mục;;;Single SKU;
https://res.bigseller.pro/sku/images/merchantsku/944484/743304_1782467019120.jpg?imageView2/1/w/300/h/300;2889;KUMANO Dầu tẩy trang Deve Nhật Bản chiết xuất từ Olive và Argan - 500ml;;0.00;0.00;0.00;0.00;VIE GROUP HCM;Default Piling Area;Default Shelf;0;0;0;0;0;0.00;0;0.00;--;132000.00;0.00;Còn hàng;Chưa chọn danh mục;;;Single SKU;
https://res.bigseller.pro/sku/images/merchantsku/944484/004668_1779896813074.jpg?imageView2/1/w/300/h/300;2888;BNBG Mặt nạ dưỡng da Mix hộp 10 miếng;8938553765256;0.00;0.00;0.00;0.00;VIE GROUP HCM;Default Piling Area;Default Shelf;1;0;1;0;0;0.00;0;0.00;--;118704.56;118704.56;Còn hàng;Chưa chọn danh mục;;;Single SKU;
https://res.bigseller.pro/sku/images/merchantsku/944484/099278_1789044213839.jpg?imageView2/1/w/300/h/300;2887;D'ALBA SET SeruM Vita Toning Capsule 50ml & Toner 2.4ml*4ea;;0.00;0.00;0.00;0.00;VIE GROUP HCM;Default Piling Area;Default Shelf;0;0;0;0;0;0.00;0;0.00;--;450555.56;0.00;Còn hàng;Chưa chọn danh mục;;;Single SKU;
https://res.bigseller.pro/sku/images/merchantsku/944484/443087_1781535474548.jpg?imageView2/1/w/300/h/300;2886;PAULA'S CHOICE Tinh Chất 0.3% Retinol + 2% Bakuchiol Treatment - 30ml;;0.00;0.00;0.00;0.00;VIE GROUP HCM;Default Piling Area;Default Shelf;0;0;0;0;0;0.00;0;0.00;--;999250.00;0.00;Còn hàng;Chưa chọn danh mục;;;Single SKU;
https://res.bigseller.pro/sku/images/merchantsku/944484/838184_1791015081006.jpg?imageView2/1/w/300/h/300;2885;PAULA'S CHOICE Serum Paula's Choice Clinical Niacinamide 20% Treatment - 20ml;;0.00;0.00;0.00;0.00;VIE GROUP HCM;Default Piling Area;Default Shelf;0;0;0;0;0;0.00;0;0.00;--;1170250.00;0.00;Còn hàng;Chưa chọn danh mục;;;Single SKU;
https://res.bigseller.pro/sku/images/merchantsku/944484/984858_1787498915633.jpg?imageView2/1/w/300/h/300;2884;CETAPHIL Sữa rửa mặt Gentle Skin Cleanser (da thường) - 473ml;;0.00;0.00;0.00;0.00;VIE GROUP HCM;Default Piling Area;Default Shelf;0;0;0;0;0;0.00;0;0.00;--;321620.40;0.00;Còn hàng;Chưa chọn danh mục;;;Single SKU;
https://res.bigseller.pro/sku/images/merchantsku/944484/762614_1779164670471.jpg?imageView2/1/w/300/h/300;2883;THE ORDINARY Acid Glycolic Acid 7% Toning Solution - 240ml;;0.00;0.00;0.00;0.00;VIE GROUP HCM;Default Piling Area;Default Shelf;0;0;0;0;0;0.00;0;0.00;--;378200.00;0.00;Còn hàng;Chưa chọn danh mục;;;Single SKU;
https://res.bigseller.pro/sku/images/merchantsku/944484/034815_1791015048688.jpg?imageView2/1/w/300/h/300;2882;DUCRAY Sữa Rửa Mặt Keracnyl Gel Moussant - 200ml;;0.00;0.00;0.00;0.00;VIE GROUP HCM;Default Piling Area;Default Shelf;0;0;0;0;0;0.00;0;0.00;--;333000.00;0.00;Ngừng bán;Chưa chọn danh mục;;;Single SKU;
https://res.bigseller.pro/sku/images/merchantsku/944484/334879_1786950228053.jpg?imageView2/1/w/300/h/300;2881;VELLA Sáp Tẩy Trang Mugwort Balm - 80g;8809378622225;0.00;0.00;0.00;0.00;VIE GROUP HCM;Default Piling Area;Default Shelf;9;0;9;0;0;0.00;0;0.00;--;54000.00;486000.00;Còn hàng;Chưa chọn danh mục;;;Single SKU;
https://res.bigseller.pro/sku/images/merchantsku/944484/064082_1786950124975.jpg?imageView2/1/w/300/h/300;2880;VELLA Super Green Solution 5.5 Cleanser - 150ml;8809378621877;0.00;0.00;0.00;0.00;VIE GROUP HCM;Default Piling Area;Default Shelf;9;0;9;0;0;0.00;0;0.03;300;43200.00;388800.00;Còn hàng;Chưa chọn danh mục;;;Single SKU;
https://res.bigseller.pro/sku/images/merchantsku/944484/521958_1782391813165.jpg?imageView2/1/w/300/h/300;2879;GARNIER Nước Tẩy Trang Micellar Cleansing Water 125ml - Hồng nhạy cảm;6928820043042;0.00;0.00;0.00;0.00;VIE GROUP HCM;Default Piling Area;Default Shelf;2;0;2;0;0;0.00;0;0.17;11;25741.38;51482.76;Còn hàng;Chưa chọn danh mục;;;Single SKU;
https://res.bigseller.pro/sku/images/merchantsku/944484/319736_1787974601366.jpg?imageView2/1/w/300/h/300;2878;TAZORETIN Thuốc dùng ngoài da Tazoretin Gel 0.3% Medisun - 10g;;0.00;0.00;0.00;0.00;VIE GROUP HCM;Default Piling Area;Default Shelf;0;0;0;0;0;0.00;0;0.00;--;147280.00;0.00;Còn hàng;Chưa chọn danh mục;;;Single SKU;
https://res.bigseller.pro/sku/images/merchantsku/944484/624686_1791015001764.jpg?imageView2/1/w/300/h/300;2877;FOELLIE Sữa Rửa Mặt Miracle Morning Dạng Gel - 150ML;;0.00;0.00;0.00;0.00;VIE GROUP HCM;Default Piling Area;Default Shelf;0;0;0;0;0;0.00;0;0.00;--;0.00;0.00;Còn hàng;Chưa chọn danh mục;;;Single SKU;
https://res.bigseller.pro/sku/images/merchantsku/944484/765969_1791014937621.jpg?imageView2/1/w/300/h/300;2876;VOUDIOTY COMBO Dầu gội xả Biotin Collagen Essence - 500ml XANH;;0.00;0.00;0.00;0.00;VIE GROUP HCM;Default Piling Area;Default Shelf;0;0;0;0;0;0.00;0;0.00;--;210781.25;0.00;Còn hàng;Chưa chọn danh mục;;;Single SKU;
https://res.bigseller.pro/sku/images/merchantsku/944484/100982_1779681028966.jpg?imageView2/1/w/300/h/300;2875;HADA LABO Sữa Rửa Mặt Hada Labo Cleanser 80g - Xanh Dương;8935006533875;0.00;0.00;0.00;0.00;VIE GROUP HCM;Default Piling Area;Default Shelf;10;0;10;0;0;0.00;0;0.42;23;67070.73;670707.30;Còn hàng;Chưa chọn danh mục;;;Single SKU;
https://res.bigseller.pro/sku/images/merchantsku/944484/832854_1778902659997.jpg?imageView2/1/w/300/h/300;2874;HADA LABO Sữa Rửa Mặt Hada Labo Cleanser 80g - Trắng;;0.00;0.00;0.00;0.00;VIE GROUP HCM;Default Piling Area;Default Shelf;0;0;0;0;0;0.00;0;1.67;0;59625.00;0.00;Còn hàng;Chưa chọn danh mục;;;Single SKU;
https://res.bigseller.pro/sku/images/merchantsku/944484/475505_1778903247295.jpg?imageView2/1/w/300/h/300;2873;MEDICUBE Tinh Chất Dưỡng Sáng Da Medicube Glutathione Glow Serum - 30g;;0.00;0.00;0.00;0.00;VIE GROUP HCM;Default Piling Area;Default Shelf;0;0;0;0;0;0.00;0;0.00;--;242000.00;0.00;Còn hàng;Chưa chọn danh mục;;;Single SKU;
https://res.bigseller.pro/sku/images/merchantsku/944484/213855_1778831871141.jpg?imageView2/1/w/300/h/300;2872;VOUDIOTY COMBO Dầu gội xả Biotin Collagen Essence Pink - 500ml HỒNG [ MẪU MỚI ];6978073342744;0.00;0.00;0.00;0.00;VIE GROUP HCM;Default Piling Area;Default Shelf;7;5;2;0;0;0.00;0;0.30;6;215928.57;1511499.99;Còn hàng;Chưa chọn danh mục;;;Single SKU;
https://res.bigseller.pro/sku/images/merchantsku/944484/172738_1779349299889.jpg?imageView2/1/w/300/h/300;2871;LUVUM Mặt nạ thạch Collagen Phyto Gel Mask Hộp 5 miếng/33g - #CICA;;0.00;0.00;0.00;0.00;VIE GROUP HCM;Default Piling Area;Default Shelf;0;0;0;0;0;0.00;0;0.00;--;0.00;0.00;Còn hàng;Chưa chọn danh mục;;;Single SKU;
https://res.bigseller.pro/sku/images/merchantsku/944484/107041_1778831793506.jpg?imageView2/1/w/300/h/300;2870;DOVE Tẩy tế bào chết Dove Exfoliating Body Polish 425g - Thanh Long [XT];;0.00;0.00;0.00;0.00;VIE GROUP HCM;Default Piling Area;Default Shelf;0;0;0;0;0;0.00;0;0.00;--;220634.92;0.00;Ngừng bán;Chưa chọn danh mục;;;Single SKU;
https://res.bigseller.pro/sku/images/merchantsku/944484/611800_1778831885422.jpg?imageView2/1/w/300/h/300;2869;DOVE Tẩy tế bào chết Dove Exfoliating Body Polish 425g - Vani Sugar [XT];;0.00;0.00;0.00;0.00;VIE GROUP HCM;Default Piling Area;Default Shelf;0;0;0;0;0;0.00;0;0.00;--;220634.92;0.00;Ngừng bán;Chưa chọn danh mục;;;Single SKU;
https://res.bigseller.pro/sku/images/merchantsku/944484/846824_1778831833640.jpg?imageView2/1/w/300/h/300;2868;DOVE Tẩy tế bào chết Dove Exfoliating Body Polish 425g - Đường nâu [XT];;0.00;0.00;0.00;0.00;VIE GROUP HCM;Default Piling Area;Default Shelf;0;0;0;0;0;0.00;0;0.00;--;220634.92;0.00;Ngừng bán;Chưa chọn danh mục;;;Single SKU;
https://res.bigseller.pro/album/944484/20260520083501002fbcdc11689732ce759a9aaaccdd4d.jpg?imageView2/1/w/300/h/300;2867;DOVE Tẩy tế bào chết Dove Exfoliating Body Polish 425g - Lựu [XT];;0.00;0.00;0.00;0.00;VIE GROUP HCM;Default Piling Area;Default Shelf;0;0;0;0;0;0.00;0;0.00;--;220634.92;0.00;Ngừng bán;Chưa chọn danh mục;;;Single SKU;
https://res.bigseller.pro/sku/images/merchantsku/944484/260992_1778831675752.jpg?imageView2/1/w/300/h/300;2866;DOVE Tẩy tế bào chết Dove Exfoliating Body Polish 425g - Cherry [XT];;0.00;0.00;0.00;0.00;VIE GROUP HCM;Default Piling Area;Default Shelf;0;0;0;0;0;0.00;0;0.00;--;220634.92;0.00;Ngừng bán;Chưa chọn danh mục;;;Single SKU;
https://res.bigseller.pro/sku/images/merchantsku/944484/489950_1778828571802.jpg?imageView2/1/w/300/h/300;2865;HEAD & SHOULDERS Dầu Gội Clinical Strength 4X - Xanh Lá 400ml;4987176376282;0.00;0.00;0.00;0.00;VIE GROUP HCM;Default Piling Area;Default Shelf;1;0;1;0;0;0.00;0;0.17;5;206985.20;206985.20;Còn hàng;Chưa chọn danh mục;;;Single SKU;
https://res.bigseller.pro/sku/images/merchantsku/944484/886584_1778828578372.jpg?imageView2/1/w/300/h/300;2864;HEAD & SHOULDERS Dầu Gội Clinical Strength 4X - Cam 400ml;;0.00;0.00;0.00;0.00;VIE GROUP HCM;Default Piling Area;Default Shelf;0;0;0;0;0;0.00;0;3.23;0;206986.37;0.00;Còn hàng;Chưa chọn danh mục;;;Single SKU;
https://res.bigseller.pro/sku/images/merchantsku/944484/162918_1778828586807.jpg?imageView2/1/w/300/h/300;2863;HEAD & SHOULDERS Dầu Gội Clinical Strength 4X - Tím 400ml;4987176376299;0.00;0.00;0.00;0.00;VIE GROUP HCM;Default Piling Area;Default Shelf;1;0;1;0;0;0.00;0;0.23;4;206986.33;206986.33;Còn hàng;Chưa chọn danh mục;;;Single SKU;
https://res.bigseller.pro/sku/images/merchantsku/944484/038223_1791014871392.jpg?imageView2/1/w/300/h/300;2862;MAYBELLINE Kem Nền Super Stay Up To 30h Lumi Matte Foundation SPF16 35ml - #111;;0.00;0.00;0.00;0.00;VIE GROUP HCM;Default Piling Area;Default Shelf;0;0;0;0;0;0.00;0;0.00;--;190281.44;0.00;Còn hàng;Chưa chọn danh mục;;;Single SKU;
https://res.bigseller.pro/sku/images/merchantsku/944484/703195_1791014780884.jpg?imageView2/1/w/300/h/300;2861;MAYBELLINE Kem Nền Super Stay Up To 30h Lumi Matte Foundation SPF16 35ml - #120;;0.00;0.00;0.00;0.00;VIE GROUP HCM;Default Piling Area;Default Shelf;0;0;0;0;0;0.00;0;0.00;--;190281.44;0.00;Còn hàng;Chưa chọn danh mục;;;Single SKU;
https://res.bigseller.pro/sku/images/merchantsku/944484/888629_1788534471878.jpg?imageView2/1/w/300/h/300;2860;HETRAS Tinh Dầu Thơm Phòng – SET 2 CHAI x 500ML Flower Shop;8809508555195;0.00;0.00;0.00;0.00;VIE GROUP HCM;Default Piling Area;Default Shelf;14;0;14;0;0;0.00;0;0.00;--;320000.00;4480000.00;Còn hàng;Chưa chọn danh mục;;;Single SKU;
https://res.bigseller.pro/sku/images/merchantsku/944484/431545_1786456762630.jpg?imageView2/1/w/300/h/300;2856;BIODERMA Nước hoa hồng Sensibio Tonique - 250ml;;0.00;0.00;0.00;0.00;VIE GROUP HCM;Default Piling Area;Default Shelf;0;0;0;0;0;0.00;0;0.00;--;264000.00;0.00;Ngừng bán;Chưa chọn danh mục;;;Single SKU;
https://res.bigseller.pro/sku/images/merchantsku/944484/876452_1784776428874.jpg?imageView2/1/w/300/h/300;2855;THE ORDINARY Acid Glycolic Acid 7% Toning Solution - 100ml;;0.00;0.00;0.00;0.00;VIE GROUP HCM;Default Piling Area;Default Shelf;0;0;0;0;0;0.00;0;0.00;--;238293.65;0.00;Còn hàng;Chưa chọn danh mục;;;Single SKU;
https://res.bigseller.pro/sku/images/merchantsku/944484/464405_1778660541550.jpg?imageView2/1/w/300/h/300;2854;EKSEPTION Tinh chất Hyaluronic Niacin Serum Niacinamide Giúp Giảm Mụn, Mờ Thâm - 75ml;;0.00;0.00;0.00;0.00;VIE GROUP HCM;Default Piling Area;Default Shelf;0;0;0;0;0;0.00;0;0.00;--;570000.00;0.00;Còn hàng;Chưa chọn danh mục;;;Single SKU;
https://res.bigseller.pro/sku/images/merchantsku/944484/274855_1778656845054.jpg?imageView2/1/w/300/h/300;2853;GOODNDOC Sữa Rửa Mặt GoodnDoc Three Out Clear Foam Cleanser - 125ml;;0.00;0.00;0.00;0.00;VIE GROUP HCM;Default Piling Area;Default Shelf;0;0;0;0;0;0.00;0;0.12;0;280250.00;0.00;Còn hàng;Chưa chọn danh mục;;;Single SKU;
https://res.bigseller.pro/sku/images/merchantsku/944484/296618_1781189516779.jpg?imageView2/1/w/300/h/300;2852;LISTERINE Nước súc miệng Cool Mint - 100ml;8850007814306;0.00;0.00;0.00;0.00;VIE GROUP HCM;Default Piling Area;Default Shelf;0;0;0;0;0;0.00;0;0.37;0;23010.00;0.00;Còn hàng;Chưa chọn danh mục;;;Single SKU;
https://res.bigseller.pro/sku/images/merchantsku/944484/538209_1779195713019.jpg?imageView2/1/w/300/h/300;2851;SCHICK Dao Cạo Cho Nữ Schick Exacta2 Sensitive Dùng Một Lần (3 Cây);4710117601637;0.00;0.00;0.00;0.00;VIE GROUP HCM;Default Piling Area;Default Shelf;1;0;1;0;0;0.00;0;0.20;5;20000.00;20000.00;Còn hàng;Chưa chọn danh mục;;;Single SKU;
https://res.bigseller.pro/sku/images/merchantsku/944484/493136_1789805794114.jpg?imageView2/1/w/300/h/300;2841;CETAPHIL Kem Chống Nắng Daily Defense Cream SPF50 Sensitive Skin SPF50 - 10g XANH LÁ;;0.00;0.00;0.00;0.00;VIE GROUP HCM;Default Piling Area;Default Shelf;0;0;0;0;0;0.00;0;0.00;--;0.00;0.00;Còn hàng;Chưa chọn danh mục;;;Single SKU;
https://res.bigseller.pro/sku/images/merchantsku/944484/285548_1791460017198.jpg?imageView2/1/w/300/h/300;2842;CETAPHIL Kem dưỡng ẩm Face and Body Moisturizing Cream - 10gr;;0.00;0.00;0.00;0.00;VIE GROUP HCM;Default Piling Area;Default Shelf;0;0;0;0;0;0.00;0;0.00;--;0.00;0.00;Còn hàng;Chưa chọn danh mục;;;Single SKU;
https://res.bigseller.pro/sku/images/merchantsku/944484/355006_1782390936798.jpg?imageView2/1/w/300/h/300;2839;CETAPHIL Sữa dưỡng ẩm Moisturizing Lotion - 59ml;;0.00;0.00;0.00;0.00;VIE GROUP HCM;Default Piling Area;Default Shelf;0;0;0;0;0;0.00;0;0.00;--;0.00;0.00;Còn hàng;Chưa chọn danh mục;;;Single SKU;
;2840;CETAPHIL Sữa Dưỡng Ẩm Gentle Exfolioating SA Lotion - 29ml;;0.00;0.00;0.00;0.00;VIE GROUP HCM;Default Piling Area;Default Shelf;0;0;0;0;0;0.00;0;0.00;--;0.00;0.00;Còn hàng;Chưa chọn danh mục;;;Single SKU;
https://res.bigseller.pro/sku/images/merchantsku/944484/351026_1778635542799.jpg?imageView2/1/w/300/h/300;2843;CETAPHIL Bộ Serum & kem dưỡng Soothing And Comforting Cica Restoring - SAMPLE;;0.00;0.00;0.00;0.00;VIE GROUP HCM;Default Piling Area;Default Shelf;0;0;0;0;0;0.00;0;0.00;--;0.00;0.00;Còn hàng;Chưa chọn danh mục;;;Single SKU;
https://res.bigseller.pro/sku/images/merchantsku/944484/208578_1781535524345.jpg?imageView2/1/w/300/h/300;2850;Compliment Dầu Gel Rửa Mặt Sensitive Skin - Tím 150ml;4630049641573;0.00;0.00;0.00;0.00;VIE GROUP HCM;Default Piling Area;Default Shelf;0;0;0;0;0;0.00;0;0.00;--;0.00;0.00;Còn hàng;Chưa chọn danh mục;;;Single SKU;
https://res.bigseller.pro/sku/images/merchantsku/944484/202899_1779448538665.jpg?imageView2/1/w/300/h/300;2849;Compliment Dầu Gel Rửa Mặt Sensitive Skin - Hồng 150ml;4607953915656;0.00;0.00;0.00;0.00;VIE GROUP HCM;Default Piling Area;Default Shelf;0;0;0;0;0;0.00;0;0.00;--;0.00;0.00;Còn hàng;Chưa chọn danh mục;;;Single SKU;
https://res.bigseller.pro/sku/images/merchantsku/944484/443676_1789044213840.jpg?imageView2/1/w/300/h/300;2848;COMPLIMENT Gel bôi mụn No Problem GEL SUNICINIC ACID - 25ml;;0.00;0.00;0.00;0.00;VIE GROUP HCM;Default Piling Area;Default Shelf;0;0;0;0;0;0.00;0;0.00;--;0.00;0.00;Còn hàng;Chưa chọn danh mục;;;Single SKU;
https://res.bigseller.pro/sku/images/merchantsku/944484/828684_1779448716809.jpg?imageView2/1/w/300/h/300;2847;COSRX Miếng Dán Mụn Acne Pimple Master Patch 24 miếng - ĐỎ;;0.00;0.00;0.00;0.00;VIE GROUP HCM;Default Piling Area;Default Shelf;0;0;0;0;0;0.00;0;0.00;--;61500.00;0.00;Còn hàng;Chưa chọn danh mục;;;Single SKU;
https://res.bigseller.pro/sku/images/merchantsku/944484/310064_1779978652966.jpg?imageView2/1/w/300/h/300;2846;COSRX Miếng Dán Mụn Acne Pimple Master Patch 18 miếng - ĐEN;;0.00;0.00;0.00;0.00;VIE GROUP HCM;Default Piling Area;Default Shelf;0;0;0;0;0;0.00;0;0.00;--;60607.48;0.00;Còn hàng;Chưa chọn danh mục;;;Single SKU;
https://res.bigseller.pro/sku/images/merchantsku/944484/842714_1778567241225.jpg?imageView2/1/w/300/h/300;2845;NIVEA Kem dưỡng ẩm Dưỡng Da Sáng Mịn - Fullsize 60ml;8850029018065;0.00;0.00;0.00;0.00;VIE GROUP HCM;Default Piling Area;Default Shelf;43;15;28;0;0;0.00;0;8.14;3;52711.15;2266579.45;Còn hàng;Chưa chọn danh mục;;;Single SKU;
https://res.bigseller.pro/sku/images/merchantsku/944484/375938_1778572098893.jpg?imageView2/1/w/300/h/300;2844;DIFFER&DEEPER Bút Chấm Nám C-Toning Daily Shot 2,5ml x 2 ống;;0.00;0.00;0.00;0.00;VIE GROUP HCM;Default Piling Area;Default Shelf;0;0;0;0;0;0.00;0;0.00;--;130495.87;0.00;Còn hàng;Chưa chọn danh mục;;;Single SKU;
https://res.bigseller.pro/sku/images/merchantsku/944484/314930_1782467457975.jpg?imageView2/1/w/300/h/300;2838;USOLAB Kem Dưỡng Thể Usolab Bio Intensive Light Cream - 250ml;;0.00;0.00;0.00;0.00;VIE GROUP HCM;Default Piling Area;Default Shelf;0;0;0;0;0;0.00;0;0.00;--;437111.11;0.00;Còn hàng;Chưa chọn danh mục;;;Single SKU;
https://res.bigseller.pro/sku/images/merchantsku/944484/658522_1790909081852.jpg?imageView2/1/w/300/h/300;2837;CNP Serum Keo Ong Dưỡng Da - 5ml;;0.00;0.00;0.00;0.00;VIE GROUP HCM;Default Piling Area;Default Shelf;0;0;0;0;0;0.00;0;0.00;--;20175.00;0.00;Còn hàng;Chưa chọn danh mục;;;Single SKU;
https://res.bigseller.pro/sku/images/merchantsku/944484/341909_1779195877049.jpg?imageView2/1/w/300/h/300;2836;MARVIS Tăm Chỉ Nha Khoa Dental Floss Toothpick 50 Pieces - ĐEN;;0.00;0.00;0.00;0.00;VIE GROUP HCM;Default Piling Area;Default Shelf;40;2;38;0;0;0.00;0;0.73;54;0.00;0.00;Còn hàng;Chưa chọn danh mục;;;Single SKU;
https://res.bigseller.pro/sku/images/merchantsku/944484/185934_1779722216896.jpg?imageView2/1/w/300/h/300;2835;SVR Xịt Giảm Mụn Lưng Và Cơ Thể Spray Corps  - 150ml;;0.00;0.00;0.00;0.00;VIE GROUP HCM;Default Piling Area;Default Shelf;0;0;0;0;0;0.00;0;0.00;--;0.00;0.00;Còn hàng;Chưa chọn danh mục;;;Single SKU;
https://res.bigseller.pro/sku/images/merchantsku/944484/316277_1784205018934.jpg?imageView2/1/w/300/h/300;2834;CETAPHIL Serum Advanced Defense & Repair Renew - 30ml;;0.00;0.00;0.00;0.00;VIE GROUP HCM;Default Piling Area;Default Shelf;0;0;0;0;0;0.00;0;0.00;--;0.00;0.00;Còn hàng;Chưa chọn danh mục;;;Single SKU;
https://res.bigseller.pro/sku/images/merchantsku/944484/631598_1778222784468.jpg?imageView2/1/w/300/h/300;2833;DOVE Lăn Ngăn Mùi Dove Tinh Chất Serum 3% Niacinamide + 10X Vit C&E - 45ML;;0.00;0.00;0.00;0.00;VIE GROUP HCM;Default Piling Area;Default Shelf;0;0;0;0;0;0.00;0;5.33;0;60377.25;0.00;Còn hàng;Chưa chọn danh mục;;;Single SKU;
https://res.bigseller.pro/sku/images/merchantsku/944484/299081_1778222701728.jpg?imageView2/1/w/300/h/300;2832;DOVE Lăn Ngăn Mùi Deodorant Serum 3% Niacinamide + 10X Collagen - 45ML;;0.00;0.00;0.00;0.00;VIE GROUP HCM;Default Piling Area;Default Shelf;0;0;0;0;0;0.00;0;0.00;--;52500.00;0.00;Còn hàng;Chưa chọn danh mục;;;Single SKU;
https://res.bigseller.pro/sku/images/merchantsku/944484/889639_1791014677910.jpg?imageView2/1/w/300/h/300;2831;DẠ HƯƠNG DDVS Trà xanh - 120ml;;0.00;0.00;0.00;0.00;VIE GROUP HCM;Default Piling Area;Default Shelf;0;0;0;0;0;0.00;0;0.00;--;0.00;0.00;Còn hàng;Chưa chọn danh mục;;;Single SKU;
https://res.bigseller.pro/sku/images/merchantsku/944484/405424_1789044213903.jpg?imageView2/1/w/300/h/300;2830;Be'Balance Mặt nạ vải vi sợi Salmon Da Micro Fiber Mask 3in1 (1-  hộp 10 miếng ) màu đỏ;;0.00;0.00;0.00;0.00;VIE GROUP HCM;Default Piling Area;Default Shelf;0;0;0;0;0;0.00;0;0.00;--;0.00;0.00;Còn hàng;Chưa chọn danh mục;;;Single SKU;
https://res.bigseller.pro/sku/images/merchantsku/944484/929334_1779196153466.jpg?imageView2/1/w/300/h/300;2829;Be'Balance Mặt Nạ Vải Vi Sợi Be'Balance SSUK MICRO FIBER MASK 1 Hộp 10 Miếng ( Màu Xanh lá  Đậm );;0.00;0.00;0.00;0.00;VIE GROUP HCM;Default Piling Area;Default Shelf;0;0;0;0;0;0.00;0;0.00;--;250244.90;0.00;Còn hàng;Chưa chọn danh mục;;;Single SKU;
https://res.bigseller.pro/sku/images/merchantsku/944484/325813_1779721900206.jpg?imageView2/1/w/300/h/300;2828;Be'Balance Mặt Nạ Vải Vi Sợi Be'Balance AZULENE MICRO FIBER MASK 3in1 Làm Đẹp Da 1 hộp 10 miếng (màu tím);;0.00;0.00;0.00;0.00;VIE GROUP HCM;Default Piling Area;Default Shelf;0;0;0;0;0;0.00;0;0.00;--;250244.90;0.00;Còn hàng;Chưa chọn danh mục;;;Single SKU;
https://res.bigseller.pro/sku/images/merchantsku/944484/391483_1779799430025.jpg?imageView2/1/w/300/h/300;2827;Be'Balance Mặt nạ vải vi sợi Giảm Mụn Acala Micro Fiber Mask 3in1 (1 hộp/ 10 cái) Xanh Lá;;0.00;0.00;0.00;0.00;VIE GROUP HCM;Default Piling Area;Default Shelf;0;0;0;0;0;0.00;0;0.00;--;250244.90;0.00;Còn hàng;Chưa chọn danh mục;;;Single SKU;
https://res.bigseller.pro/sku/images/merchantsku/944484/158908_1779195876953.jpg?imageView2/1/w/300/h/300;2826;Be'Balance Mặt nạ vải vi sợi Salmon Da Micro Fiber Mask 3in1 (1- hộp 10 miếng ) màu VÀNG;;0.00;0.00;0.00;0.00;VIE GROUP HCM;Default Piling Area;Default Shelf;0;0;0;0;0;0.00;0;0.00;--;250244.90;0.00;Còn hàng;Chưa chọn danh mục;;;Single SKU;
https://res.bigseller.pro/sku/images/merchantsku/944484/029940_1791014623402.jpg?imageView2/1/w/300/h/300;2825;Be'Balance Mặt Nạ Vải Vi Sợi Be'Balance PRO B5 MICRO FIBER MASK 3in1 Làm Đẹp Da 1 hộp 10 miếng ( Xanh Dương );;0.00;0.00;0.00;0.00;VIE GROUP HCM;Default Piling Area;Default Shelf;0;0;0;0;0;0.00;0;0.00;--;250244.90;0.00;Còn hàng;Chưa chọn danh mục;;;Single SKU;
https://res.bigseller.pro/sku/images/merchantsku/944484/625780_1789804453534.jpg?imageView2/1/w/300/h/300;2824;CETAPHIL Kem dưỡng ẩm PRO AD Derma Skin Restoring Moisturizer - 145ml;3499320011631;0.00;0.00;0.00;0.00;VIE GROUP HCM;Default Piling Area;Default Shelf;1;0;1;0;0;0.00;0;0.00;--;286250.00;286250.00;Còn hàng;Chưa chọn danh mục;;;Single SKU;
https://res.bigseller.pro/sku/images/merchantsku/944484/029472_1778124481329.jpg?imageView2/1/w/300/h/300;2823;HETRAS Sữa tắm Hetras Hotel Therapy Body Wash No.02 1013ml  - Flower shop;;0.00;0.00;0.00;0.00;VIE GROUP HCM;Default Piling Area;Default Shelf;0;0;0;0;0;0.00;0;0.00;--;235000.00;0.00;Còn hàng;Chưa chọn danh mục;;;Single SKU;
https://res.bigseller.pro/sku/images/merchantsku/944484/164154_1778124491275.jpg?imageView2/1/w/300/h/300;2822;HETRAS Sữa tắm Hetras Hotel Therapy Body Wash No.19 1013ml  - Cactus;;0.00;0.00;0.00;0.00;VIE GROUP HCM;Default Piling Area;Default Shelf;0;0;0;0;0;0.00;0;0.00;--;235476.19;0.00;Còn hàng;Chưa chọn danh mục;;;Single SKU;
https://res.bigseller.pro/sku/images/merchantsku/944484/560082_1778059263900.jpg?imageView2/1/w/300/h/300;2821;PRECIOUS SKIN Sữa dưỡng thể Snail Gold Arbutin Mix Berry Precious Skin - 500ml;;0.00;0.00;0.00;0.00;VIE GROUP HCM;Default Piling Area;Default Shelf;0;0;0;0;0;0.00;0;5.00;0;98300.00;0.00;Còn hàng;Chưa chọn danh mục;;;Single SKU;
https://res.bigseller.pro/sku/images/merchantsku/944484/676403_1778122029596.jpg?imageView2/1/w/300/h/300;2809;TAZORETIN Gel bôi trị mụn trứng cá tuýp 0.1% - 30g;;0.00;0.00;0.00;0.00;VIE GROUP HCM;Default Piling Area;Default Shelf;0;0;0;0;0;0.00;0;0.00;--;99545.45;0.00;Còn hàng;Chưa chọn danh mục;;;Single SKU;
https://res.bigseller.pro/sku/images/merchantsku/944484/550875_1778122195829.jpg?imageView2/1/w/300/h/300;2810;TAZORETIN Gel bôi trị mụn trứng cá tuýp 0.1% - 15g;;0.00;0.00;0.00;0.00;VIE GROUP HCM;Default Piling Area;Default Shelf;0;0;0;0;0;0.00;0;0.00;--;72317.90;0.00;Còn hàng;Chưa chọn danh mục;;;Single SKU;
https://res.bigseller.pro/sku/images/merchantsku/944484/754653_1788425416951.jpg?imageView2/1/w/300/h/300;2811;TAZORETIN Gel bôi trị mụn trứng cá tuýp C GEL - 15g;;0.00;0.00;0.00;0.00;VIE GROUP HCM;Default Piling Area;Default Shelf;0;0;0;0;0;0.00;0;0.00;--;91545.45;0.00;Còn hàng;Chưa chọn danh mục;;;Single SKU;
https://res.bigseller.pro/sku/images/merchantsku/944484/143895_1778124716464.jpg?imageView2/1/w/300/h/300;2812;HETRAS Tinh Dầu Thơm Phòng – SET 2 CHAI x 500ML Hotel Wood;8809508556765;0.00;0.00;0.00;0.00;VIE GROUP HCM;Default Piling Area;Default Shelf;4;0;4;0;0;0.00;0;0.03;133;320000.00;1280000.00;Còn hàng;Chưa chọn danh mục;;;Single SKU;
https://res.bigseller.pro/sku/images/merchantsku/944484/528840_1779978475832.jpg?imageView2/1/w/300/h/300;2820;CARYOPHY Tinh Chất Giảm Mụn Portulaca Ampoule - 30ml;;0.00;0.00;0.00;0.00;VIE GROUP HCM;Default Piling Area;Default Shelf;0;0;0;0;0;0.00;0;0.00;--;277000.00;0.00;Còn hàng;Chưa chọn danh mục;;;Single SKU;
https://res.bigseller.pro/sku/images/merchantsku/944484/564009_1778123493213.jpg?imageView2/1/w/300/h/300;2819;JM SOLUTION - Mặt nạ B5 Whitening hộp 10 miếng - HYDRATING Xanh đậm;8809696356116;0.00;0.00;0.00;0.00;VIE GROUP HCM;Default Piling Area;Default Shelf;5;0;5;0;0;0.00;0;0.00;--;0.00;0.00;Còn hàng;Chưa chọn danh mục;;;Single SKU;
https://res.bigseller.pro/sku/images/merchantsku/944484/133224_1778123385341.jpg?imageView2/1/w/300/h/300;2818;JM SOLUTION - Mặt nạ B5 Whitening hộp 10 miếng - VITA Vàng Cam;;0.00;0.00;0.00;0.00;VIE GROUP HCM;Default Piling Area;Default Shelf;0;0;0;0;0;0.00;0;0.00;--;0.00;0.00;Còn hàng;Chưa chọn danh mục;;;Single SKU;
https://res.bigseller.pro/sku/images/merchantsku/944484/808147_1778123640314.jpg?imageView2/1/w/300/h/300;2817;JM SOLUTION - Mặt nạ B5 Whitening hộp 10 miếng - RETINOL Tím;;0.00;0.00;0.00;0.00;VIE GROUP HCM;Default Piling Area;Default Shelf;0;0;0;0;0;0.00;0;0.00;--;0.00;0.00;Còn hàng;Chưa chọn danh mục;;;Single SKU;
https://res.bigseller.pro/sku/images/merchantsku/944484/644879_1778123610330.jpg?imageView2/1/w/300/h/300;2816;JM SOLUTION - Mặt nạ B5 Whitening hộp 10 miếng - ECTOIN Cam;;0.00;0.00;0.00;0.00;VIE GROUP HCM;Default Piling Area;Default Shelf;0;0;0;0;0;0.00;0;0.00;--;0.00;0.00;Còn hàng;Chưa chọn danh mục;;;Single SKU;
https://res.bigseller.pro/sku/images/merchantsku/944484/085713_1778123520465.jpg?imageView2/1/w/300/h/300;2815;JM SOLUTION - Mặt nạ B5 Whitening hộp 10 miếng - CALMING Xanh lá;;0.00;0.00;0.00;0.00;VIE GROUP HCM;Default Piling Area;Default Shelf;0;0;0;0;0;0.00;0;0.00;--;0.00;0.00;Còn hàng;Chưa chọn danh mục;;;Single SKU;
https://res.bigseller.pro/sku/images/merchantsku/944484/356602_1778123237793.jpg?imageView2/1/w/300/h/300;2814;BALPORO Viên sủi hỗ trợ giảm cân Balporo BBae (3 tuýp x 10 viên);;0.00;0.00;0.00;0.00;VIE GROUP HCM;Default Piling Area;Default Shelf;0;0;0;0;0;0.00;0;0.00;--;405000.00;0.00;Còn hàng;Chưa chọn danh mục;;;Single SKU;
https://res.bigseller.pro/sku/images/merchantsku/944484/067252_1787500762089.jpg?imageView2/1/w/300/h/300;2813;SKIN1004 Tinh chất Madagascar Centella Ampoule - 30ML;;0.00;0.00;0.00;0.00;VIE GROUP HCM;Default Piling Area;Default Shelf;0;0;0;0;0;0.00;0;0.00;--;53818.18;0.00;Còn hàng;Chưa chọn danh mục;;;Single SKU;
https://res.bigseller.pro/sku/images/merchantsku/944484/000278_1777888356897.jpg?imageView2/1/w/300/h/300;2808;ARRAHAN Gel Tẩy Tế Bào Chết Arrahan aloe 180ml;;200.00;0.00;0.00;0.00;VIE GROUP HCM;Default Piling Area;Default Shelf;0;0;0;0;0;0.00;0;6.00;0;47263.16;0.00;Còn hàng;Chưa chọn danh mục;;;Single SKU;
https://res.bigseller.pro/sku/images/merchantsku/944484/593692_1777888316519.jpg?imageView2/1/w/300/h/300;2807;ARRAHAN Gel Tẩy Tế Bào Chết Arrahan lemon 180ml;;200.00;0.00;0.00;0.00;VIE GROUP HCM;Default Piling Area;Default Shelf;0;0;0;0;0;0.00;0;10.00;0;47263.16;0.00;Còn hàng;Chưa chọn danh mục;;;Single SKU;
https://res.bigseller.pro/sku/images/merchantsku/944484/990881_1777888220920.jpg?imageView2/1/w/300/h/300;2806;ARRAHAN Gel Tẩy Tế Bào Chết Arrahan than  180ml;;200.00;0.00;0.00;0.00;VIE GROUP HCM;Default Piling Area;Default Shelf;0;0;0;0;0;0.00;0;11.00;0;47263.16;0.00;Còn hàng;Chưa chọn danh mục;;;Single SKU;
https://res.bigseller.pro/sku/images/merchantsku/944484/519271_1779722217423.jpg?imageView2/1/w/300/h/300;2805;SVR Nước Tẩy Trang Sebiaclear Eau Micellaire - 75ml (xanh lá);3401360201514;100.00;0.00;0.00;0.00;VIE GROUP HCM;Default Piling Area;Default Shelf;12;12;0;0;0;0.00;0;0.96;0;50526.32;606315.84;Còn hàng;Chưa chọn danh mục;;;Single SKU;
https://res.bigseller.pro/sku/images/merchantsku/944484/957862_1777813293055.jpg?imageView2/1/w/300/h/300;2804;CARSLAN PHẤN NÉN BLACK MAGNET SOFT FOCUS POWDER 01 PHẤN NÉN 1.5G;;0.00;0.00;0.00;0.00;VIE GROUP HCM;Default Piling Area;Default Shelf;0;0;0;0;0;0.00;0;0.00;--;0.00;0.00;Còn hàng;Chưa chọn danh mục;;;Single SKU;
https://res.bigseller.pro/sku/images/merchantsku/944484/221745_1777813324839.jpg?imageView2/1/w/300/h/300;2803;CARSLAN PHẤN PHỦ SOFT FOCUS MAKE-UP POWDER 01  PHẤN PHỦ 1G;;0.00;0.00;0.00;0.00;VIE GROUP HCM;Default Piling Area;Default Shelf;0;0;0;0;0;0.00;0;0.00;--;0.00;0.00;Còn hàng;Chưa chọn danh mục;;;Single SKU;
https://res.bigseller.pro/sku/images/merchantsku/944484/396576_1777813421341.jpg?imageView2/1/w/300/h/300;2802;MARVIS Kem đánh răng phiên bản Sinous Lily - 75ml;8004395112814;0.00;0.00;0.00;0.00;VIE GROUP HCM;Default Piling Area;Default Shelf;10;0;10;0;0;0.00;0;0.65;15;144000.00;1440000.00;Còn hàng;Chưa chọn danh mục;;;Single SKU;
https://res.bigseller.pro/sku/images/merchantsku/944484/362642_1777448043945.jpg?imageView2/1/w/300/h/300;2801;JM Solution Derma care vita relax jelly mask viên thuốc - Đỏ;8809696353689;0.00;0.00;0.00;0.00;VIE GROUP HCM;Default Piling Area;Default Shelf;1;0;1;0;0;0.00;0;3.10;0;1000.00;1000.00;Còn hàng;Chưa chọn danh mục;;;Single SKU;
https://res.bigseller.pro/sku/images/merchantsku/944484/190083_1777448036858.jpg?imageView2/1/w/300/h/300;2800;JM Solution Derma care vita relax jelly mask viên thuốc - Xanh lá;;0.00;0.00;0.00;0.00;VIE GROUP HCM;Default Piling Area;Default Shelf;0;0;0;0;0;0.00;0;0.00;--;1000.00;0.00;Còn hàng;Chưa chọn danh mục;;;Single SKU;
https://res.bigseller.pro/sku/images/merchantsku/944484/016680_1777447118584.jpg?imageView2/1/w/300/h/300;2799;Simple Nước Tẩy Trang Purifying Micellar Water Kiềm Dầu, Ngừa Mụn 100ml;8934868192480;100.00;0.00;0.00;0.00;VIE GROUP HCM;Default Piling Area;Default Shelf;0;0;0;0;0;0.00;0;0.00;--;0.00;0.00;Còn hàng;Chưa chọn danh mục;;;Single SKU;
https://res.bigseller.pro/sku/images/merchantsku/944484/797905_1777447125401.jpg?imageView2/1/w/300/h/300;2798;Ganier Bông Tẩy Trang 80 Miếng;8935274664776;0.00;0.00;0.00;0.00;VIE GROUP HCM;Default Piling Area;Default Shelf;0;0;0;0;0;0.00;0;0.00;--;0.00;0.00;Còn hàng;Chưa chọn danh mục;;;Single SKU;
https://res.bigseller.pro/sku/images/merchantsku/944484/940655_1778123614994.jpg?imageView2/1/w/300/h/300;2793;REDWIN Kem dưỡng da Vitamin E & tinh dầu hoa anh thảo - 330g;;0.00;0.00;0.00;0.00;VIE GROUP HCM;Default Piling Area;Default Shelf;0;0;0;0;0;0.00;0;0.00;--;129281.02;0.00;Còn hàng;Chưa chọn danh mục;;;Single SKU;
https://res.bigseller.pro/sku/images/merchantsku/944484/555415_1778123486290.jpg?imageView2/1/w/300/h/300;2797;COLORKEY Mặt nạ dưỡng ẩm, làm dịu da Replenishing Facial 25ml (Vàng);;0.00;0.00;0.00;0.00;VIE GROUP HCM;Default Piling Area;Default Shelf;0;0;0;0;0;0.00;0;0.00;--;7381.02;0.00;Còn hàng;Chưa chọn danh mục;;;Single SKU;
https://res.bigseller.pro/sku/images/merchantsku/944484/309978_1778123465309.jpg?imageView2/1/w/300/h/300;2796;COLORKEY Mặt nạ dưỡng ẩm, ngừa mụn Nourishing Facial 25ml (Tím);;0.00;0.00;0.00;0.00;VIE GROUP HCM;Default Piling Area;Default Shelf;0;0;0;0;0;0.00;0;0.00;--;7381.02;0.00;Còn hàng;Chưa chọn danh mục;;;Single SKU;
https://res.bigseller.pro/sku/images/merchantsku/944484/020376_1778123530118.jpg?imageView2/1/w/300/h/300;2795;COLORKEY Mặt nạ dưỡng ẩm, sáng da Hydrating Facial 25ml (Hồng);;0.00;0.00;0.00;0.00;VIE GROUP HCM;Default Piling Area;Default Shelf;0;0;0;0;0;0.00;0;0.00;--;7381.02;0.00;Còn hàng;Chưa chọn danh mục;;;Single SKU;
https://res.bigseller.pro/album/944484/2026050703130549e75e4b881f18a6a93873882ad8b98b.jpg?imageView2/1/w/300/h/300;2794;COLORKEY Mặt nạ sáng da Brightening Facial 25ml (Xanh lá);;0.00;0.00;0.00;0.00;VIE GROUP HCM;Default Piling Area;Default Shelf;0;0;0;0;0;0.00;0;0.00;--;7381.02;0.00;Còn hàng;Chưa chọn danh mục;;;Single SKU;
https://res.bigseller.pro/sku/images/merchantsku/944484/726708_1787287772057.jpg?imageView2/1/w/300/h/300;2792;Vaseline Sữa Dưỡng Thể Trắng Da Toàn Thân Vaseline Body Lotion 725ml Mẫu Mới - Bảng Mỹ;8901030913013;700.00;0.00;0.00;0.00;VIE GROUP HCM;Default Piling Area;Default Shelf;94;3;91;0;0;0.00;0;1.33;68;108270.84;10177458.96;Còn hàng;Chưa chọn danh mục;;;Single SKU;
https://res.bigseller.pro/sku/images/merchantsku/944484/565021_1787503245368.jpg?imageView2/1/w/300/h/300;2791;Vaseline Sữa Dưỡng Thể Trắng Da Vaseline -  300ml Tuýp Hồng MẪU MỚI;;300.00;0.00;0.00;0.00;VIE GROUP HCM;Default Piling Area;Default Shelf;0;0;0;0;0;0.00;0;1.44;0;89274.49;0.00;Còn hàng;Chưa chọn danh mục;;;Single SKU;
https://res.bigseller.pro/album/944484/202605070322010f109e1e70e4eeabce6d29e68203be41.jpg?imageView2/1/w/300/h/300;2790;Garnier Bông Tẩy Trang Hộp 9 Miếng;;0.00;0.00;0.00;0.00;VIE GROUP HCM;Default Piling Area;Default Shelf;0;0;0;0;0;0.00;0;0.00;--;0.00;0.00;Còn hàng;Chưa chọn danh mục;;;Single SKU;
https://res.bigseller.pro/sku/images/merchantsku/944484/123966_1778124147537.jpg?imageView2/1/w/300/h/300;2789;DAESANG Nước uống giấm lựu - 900ml;;0.00;0.00;0.00;0.00;VIE GROUP HCM;Default Piling Area;Default Shelf;0;0;0;0;0;0.00;0;0.00;--;132645.16;0.00;Còn hàng;Chưa chọn danh mục;;;Single SKU;
https://res.bigseller.pro/sku/images/merchantsku/944484/699156_1778124174041.jpg?imageView2/1/w/300/h/300;2788;SKIN AQUA kem chống nắng Tone up Tím xanh;;0.00;0.00;0.00;0.00;VIE GROUP HCM;Default Piling Area;Default Shelf;0;0;0;0;0;0.00;0;0.00;--;116285.71;0.00;Còn hàng;Chưa chọn danh mục;;;Single SKU;
https://res.bigseller.pro/sku/images/merchantsku/944484/336566_1777092317165.jpg?imageView2/1/w/300/h/300;2787;ARRAHAN Gel Tẩy Tế Bào Chết Arrahan 180ml - Hương Táo;;0.00;0.00;0.00;0.00;VIE GROUP HCM;Default Piling Area;Default Shelf;0;0;0;0;0;0.00;0;0.00;--;47851.06;0.00;Còn hàng;Chưa chọn danh mục;;;Single SKU;
https://res.bigseller.pro/sku/images/merchantsku/944484/870553_1777547864904.jpg?imageView2/1/w/300/h/300;2786;Topicrem Kem Dưỡng Ẩm  Hydra+ Light Moisturizing Radiance Cream Cho Da Thường, Da Hỗn Hợp 40ml;;0.00;0.00;0.00;0.00;VIE GROUP HCM;Default Piling Area;Default Shelf;0;0;0;0;0;0.00;0;0.00;--;0.00;0.00;Còn hàng;Chưa chọn danh mục;;;Single SKU;
https://res.bigseller.pro/sku/images/merchantsku/944484/377694_1779686472122.jpg?imageView2/1/w/300/h/300;2785;EUCERIN Sữa Rửa Mặt pH5 Facial Cleanser - 400ml;;0.00;0.00;0.00;0.00;VIE GROUP HCM;Default Piling Area;Default Shelf;0;0;0;0;0;0.00;0;8.75;0;201590.82;0.00;Còn hàng;Chưa chọn danh mục;;;Single SKU;
https://res.bigseller.pro/sku/images/merchantsku/944484/307087_1777813580836.jpg?imageView2/1/w/300/h/300;2784;DERMACOS Kem dưỡng Anti-Acne Matting Cream 50ml [XT];;0.00;0.00;0.00;0.00;VIE GROUP HCM;Default Piling Area;Default Shelf;0;0;0;0;0;0.00;0;0.00;--;0.00;0.00;Ngừng bán;Chưa chọn danh mục;;;Single SKU;
https://res.bigseller.pro/sku/images/merchantsku/944484/892293_1777004415613.jpg?imageView2/1/w/300/h/300;2783;TOPICREM Kem dưỡng CICA+ Soothing Cream - 40ml;3700281702682;0.00;0.00;0.00;0.00;VIE GROUP HCM;Default Piling Area;Default Shelf;0;0;0;0;0;0.00;0;0.00;--;216000.00;0.00;Còn hàng;Chưa chọn danh mục;;;Single SKU;
https://res.bigseller.pro/sku/images/merchantsku/944484/436744_1780576003186.jpg?imageView2/1/w/300/h/300;2782;CARSLAN PHẤN PHỦ  BLACK  MAGNET SOFT FOCUS  MAKE-UP POWDER 05 Blue  Purple PHẤN PHỦ 1G;6940412461218;0.00;0.00;0.00;0.00;VIE GROUP HCM;Default Piling Area;Default Shelf;0;0;0;0;0;0.00;0;0.00;--;0.00;0.00;Còn hàng;Chưa chọn danh mục;;;Single SKU;
https://res.bigseller.pro/sku/images/merchantsku/944484/165254_1782391188021.jpg?imageView2/1/w/300/h/300;2781;CARSLAN PHẤN NÉN BLACK  MAGNET SOFT FOCUS  POWDER 04 PHẤN NÉN 1,5G;6940412456085;0.00;0.00;0.00;0.00;VIE GROUP HCM;Default Piling Area;Default Shelf;0;0;0;0;0;0.00;0;0.00;--;0.00;0.00;Còn hàng;Chưa chọn danh mục;;;Single SKU;
;2780;CARSLAN Black Magnet Phấn Nén 1G - Màu 04;;0.00;0.00;0.00;0.00;VIE GROUP HCM;Default Piling Area;Default Shelf;0;0;0;0;0;0.00;0;0.00;--;0.00;0.00;Còn hàng;Chưa chọn danh mục;;;Single SKU;
https://res.bigseller.pro/sku/images/merchantsku/944484/136143_1781763918537.jpg?imageView2/1/w/300/h/300;2779;MARVIS Kem Đánh Răng Marvis Chiết Xuất Hoa Nhài - Màu Tím Jasmin Mint 85ml;8004395111756;0.00;0.00;0.00;0.00;VIE GROUP HCM;Default Piling Area;Default Shelf;10;0;10;0;0;0.00;0;0.86;11;135259.26;1352592.60;Còn hàng;Chưa chọn danh mục;;;Single SKU;
https://res.bigseller.pro/sku/images/merchantsku/944484/846684_1778125039554.jpg?imageView2/1/w/300/h/300;2778;BYPHASSE Nước Tẩy Trang Solution Micellaire Hồng - 500ml;;0.00;0.00;0.00;0.00;VIE GROUP HCM;Default Piling Area;Default Shelf;3;0;3;0;0;0.00;0;0.00;--;89163.64;267490.92;Còn hàng;Chưa chọn danh mục;;;Single SKU;
https://res.bigseller.pro/sku/images/merchantsku/944484/889495_1778125070654.jpg?imageView2/1/w/300/h/300;2777;BEPLAIN Kem dưỡng da Cica PDRN Repair Cream - 50ml;8809623945048;0.00;0.00;0.00;0.00;VIE GROUP HCM;Default Piling Area;Default Shelf;2;0;2;0;0;0.00;0;0.00;--;310300.00;620600.00;Còn hàng;Chưa chọn danh mục;;;Single SKU;
https://res.bigseller.pro/sku/images/merchantsku/944484/417643_1778125098619.jpg?imageView2/1/w/300/h/300;2776;SENA DEMAR Toner Pad AHA Glycolic Acid Chính Hãng 150ml/70 miếng;;0.00;0.00;0.00;0.00;VIE GROUP HCM;Default Piling Area;Default Shelf;0;0;0;0;0;0.00;0;0.00;--;253312.50;0.00;Còn hàng;Chưa chọn danh mục;;;Single SKU;
https://res.bigseller.pro/sku/images/merchantsku/944484/889720_1778125154227.jpg?imageView2/1/w/300/h/300;QT02;Quần chip VAGISIL;;0.00;0.00;0.00;0.00;VIE GROUP HCM;Default Piling Area;Default Shelf;41;0;41;0;0;0.00;0;0.63;65;606.15;24852.15;Còn hàng;Chưa chọn danh mục;;;Single SKU;
https://res.bigseller.pro/sku/images/merchantsku/944484/452508_1778125205444.jpg?imageView2/1/w/300/h/300;2775;VOUDIOTY Combo Dầu Gội & Dầu Xả Voudioty Keratin X9 Biotin & Collagen - 1000ml;;0.00;0.00;0.00;0.00;VIE GROUP HCM;Default Piling Area;Default Shelf;0;0;0;0;0;0.00;0;0.00;--;385000.00;0.00;Còn hàng;Chưa chọn danh mục;;;Single SKU;
https://res.bigseller.pro/sku/images/merchantsku/944484/345249_1778125249894.jpg?imageView2/1/w/300/h/300;2774;VOUDIOTY Combo Dầu Gội & Dầu Xả Voudioty Keratin X9 Biotin & Collagen - 500ml;6978073342751;0.00;0.00;0.00;0.00;VIE GROUP HCM;Default Piling Area;Default Shelf;0;0;0;0;0;0.00;0;0.00;--;0.00;0.00;Còn hàng;Chưa chọn danh mục;;;Single SKU;
https://res.bigseller.pro/sku/images/merchantsku/944484/487999_1781747787305.jpg?imageView2/1/w/300/h/300;2773;EIRLY'S Kem Dưỡng Mờ Thâm Nám, Tàn Nhang Eirlys' Glutathione (Hộp Trắng) - 50ml;;0.00;0.00;0.00;0.00;VIE GROUP HCM;Default Piling Area;Default Shelf;0;0;0;0;0;0.00;0;0.00;--;546129.03;0.00;Còn hàng;Chưa chọn danh mục;;;Single SKU;
https://res.bigseller.pro/sku/images/merchantsku/944484/342750_1779448537843.jpg?imageView2/1/w/300/h/300;2721;VAGISIL DDVS Vagisil Scentsitive Scents Daily Intimate Wash White Jasmine - VÀNG 240ml;;0.00;0.00;0.00;0.00;VIE GROUP HCM;Default Piling Area;Default Shelf;0;0;0;0;0;0.00;0;0.00;--;0.00;0.00;Còn hàng;Chưa chọn danh mục;;;Single SKU;
https://res.bigseller.pro/sku/images/merchantsku/944484/640918_1779448272000.jpg?imageView2/1/w/300/h/300;2724;VAGISIL DDVS Vagisil Scentsitive Scents Daily Intimate Wash Coconut Hibiscus - XANH DƯƠNG 354ml;;0.00;0.00;0.00;0.00;VIE GROUP HCM;Default Piling Area;Default Shelf;0;0;0;0;0;0.00;0;0.00;--;0.00;0.00;Còn hàng;Chưa chọn danh mục;;;Single SKU;
https://res.bigseller.pro/sku/images/merchantsku/944484/906230_1778125406641.jpg?imageView2/1/w/300/h/300;2772;BIODERMA Sữa Chống Nắng Photoderm XDefense Ultra-fluid SPF50+ - BEIGE;;0.00;0.00;0.00;0.00;VIE GROUP HCM;Default Piling Area;Default Shelf;0;0;0;0;0;0.00;0;0.00;--;0.00;0.00;Còn hàng;Chưa chọn danh mục;;;Single SKU;
https://res.bigseller.pro/sku/images/merchantsku/944484/002480_1778125451725.jpg?imageView2/1/w/300/h/300;2771;BIODERMA Sữa Chống Nắng Photoderm XDefense Ultra-fluid SPF50+ - INVISIBLE;3701129813614;0.00;0.00;0.00;0.00;VIE GROUP HCM;Default Piling Area;Default Shelf;0;0;0;0;0;0.00;0;0.00;--;0.00;0.00;Còn hàng;Chưa chọn danh mục;;;Single SKU;
https://res.bigseller.pro/sku/images/merchantsku/944484/385477_1778125591696.jpg?imageView2/1/w/300/h/300;2770;ACNE-AID Gel Chấm Mụn Spot Gel Anti-Acne Giúp Giảm Mụn, Mờ Thâm Hiệu Quả - 10g;;0.00;0.00;0.00;0.00;VIE GROUP HCM;Default Piling Area;Default Shelf;0;0;0;0;0;0.00;0;0.00;--;0.00;0.00;Còn hàng;Chưa chọn danh mục;;;Single SKU;
https://res.bigseller.pro/sku/images/merchantsku/944484/251767_1791014538632.jpg?imageView2/1/w/300/h/300;2769;MARVIS Tăm nha khoa Marvis Dental Floss Toothpick (50 cái);;0.00;0.00;0.00;0.00;VIE GROUP HCM;Default Piling Area;Default Shelf;0;0;0;0;0;0.00;0;0.00;--;242.00;0.00;Còn hàng;Chưa chọn danh mục;;;Single SKU;
https://res.bigseller.pro/sku/images/merchantsku/944484/973178_1778125685604.jpg?imageView2/1/w/300/h/300;2768;BATIOUS Sữa tắm Batious - 500ml;;0.00;0.00;0.00;0.00;VIE GROUP HCM;Default Piling Area;Default Shelf;0;0;0;0;0;0.00;0;0.00;--;190000.00;0.00;Còn hàng;Chưa chọn danh mục;;;Single SKU;
https://res.bigseller.pro/sku/images/merchantsku/944484/356676_1778125732788.jpg?imageView2/1/w/300/h/300;2767;MARVIS Kem đánh răng phiên bản Garden Collection 75ml - Kissing Rose ( Hoa Hồng );8004395112807;0.00;0.00;0.00;0.00;VIE GROUP HCM;Default Piling Area;Default Shelf;20;12;8;0;0;0.00;0;2.39;3;144449.28;2888985.60;Còn hàng;Chưa chọn danh mục;;;Single SKU;
https://res.bigseller.pro/sku/images/merchantsku/944484/872922_1787500199433.jpg?imageView2/1/w/300/h/300;2766;AVENE Gel Tẩy Tế Bào Chết Dịu Nhẹ Gentle Exfoliating Gel - 50ml;3282770399929;0.00;0.00;0.00;0.00;VIE GROUP HCM;Default Piling Area;Default Shelf;0;0;0;0;0;0.00;0;0.11;0;220447.00;0.00;Còn hàng;Chưa chọn danh mục;;;Single SKU;
https://res.bigseller.pro/sku/images/merchantsku/944484/026407_1778229696842.jpg?imageView2/1/w/300/h/300;2765;CATRICE Phấn Nhũ Bắt Sáng Catrice Diamond Haze Highlighter - 6g;;0.00;0.00;0.00;0.00;VIE GROUP HCM;Default Piling Area;Default Shelf;0;0;0;0;0;0.00;0;0.00;--;126628.57;0.00;Còn hàng;Chưa chọn danh mục;;;Single SKU;
https://res.bigseller.pro/sku/images/merchantsku/944484/351655_1791014470809.jpg?imageView2/1/w/300/h/300;2764;LOREAL Kem Chống Nắng UV Defender Aquafusion Daily Water Gel Sunscreen SPF50+ PA++++ - 50ML XANH DƯƠNG;;0.00;0.00;0.00;0.00;VIE GROUP HCM;Default Piling Area;Default Shelf;0;0;0;0;0;0.00;0;0.00;--;0.00;0.00;Còn hàng;Chưa chọn danh mục;;;Single SKU;
https://res.bigseller.pro/sku/images/merchantsku/944484/333933_1782467201300.jpg?imageView2/1/w/300/h/300;2763;SO'NATURAL Serum Red Peel Tingle Serum - 11ml ( CHỮ ĐỎ );;0.00;0.00;0.00;0.00;VIE GROUP HCM;Default Piling Area;Default Shelf;0;0;0;0;0;0.00;0;3.33;0;120524.77;0.00;Còn hàng;Chưa chọn danh mục;;;Single SKU;
https://res.bigseller.pro/sku/images/merchantsku/944484/310659_1778125955915.jpg?imageView2/1/w/300/h/300;2762;OLEXRS Tinh dầu dưỡng tóc Hairsalon 80ml;5060808883712;0.00;0.00;0.00;0.00;VIE GROUP HCM;Default Piling Area;Default Shelf;5;0;5;0;0;0.00;0;0.58;8;78868.09;394340.45;Còn hàng;Chưa chọn danh mục;;;Single SKU;
https://res.bigseller.pro/sku/images/merchantsku/944484/066915_1778125987924.jpg?imageView2/1/w/300/h/300;2761;LOREAL Kem Dưỡng L'Oreal Glycolic-Bright Glowing Cream Day SPF 30 Ban Ngày - 50ml;;0.00;0.00;0.00;0.00;VIE GROUP HCM;Default Piling Area;Default Shelf;0;0;0;0;0;0.00;0;0.00;--;255368.66;0.00;Còn hàng;Chưa chọn danh mục;;;Single SKU;
https://res.bigseller.pro/sku/images/merchantsku/944484/135234_1791014062861.jpg?imageView2/1/w/300/h/300;2760;HETRAS Set Nước Hoa Ô Tô Hetras set 2 lọ (77ml x 2) - Hotel Wood;;0.00;0.00;0.00;0.00;VIE GROUP HCM;Default Piling Area;Default Shelf;0;0;0;0;0;0.00;0;0.00;--;206935.48;0.00;Còn hàng;Chưa chọn danh mục;;;Single SKU;
https://res.bigseller.pro/sku/images/merchantsku/944484/126958_1791014016854.jpg?imageView2/1/w/300/h/300;2759;MEDIAN Kem đánh răng Median Dental IQ 93% - ĐEN;;0.00;0.00;0.00;0.00;VIE GROUP HCM;Default Piling Area;Default Shelf;0;0;0;0;0;0.00;0;0.00;--;37592.68;0.00;Còn hàng;Chưa chọn danh mục;;;Single SKU;
https://res.bigseller.pro/sku/images/merchantsku/944484/726692_1790318981739.jpg?imageView2/1/w/300/h/300;2758;JM Nước Hoa Hồng Jmsolution Honey Luminous Black - Nâu 600ml;8809505543386;0.00;0.00;0.00;0.00;VIE GROUP HCM;Default Piling Area;Default Shelf;1;0;1;0;0;0.00;0;0.00;--;0.00;0.00;Còn hàng;Chưa chọn danh mục;;;Single SKU;
https://res.bigseller.pro/sku/images/merchantsku/944484/589429_1790318368870.jpg?imageView2/1/w/300/h/300;2757;JM Nước Hoa Hồng Jmsolution Marine Luminous Pearl - XANH 600ml;8809505543409;0.00;0.00;0.00;0.00;VIE GROUP HCM;Default Piling Area;Default Shelf;1;0;1;0;0;0.00;0;0.00;--;0.00;0.00;Còn hàng;Chưa chọn danh mục;;;Single SKU;
https://res.bigseller.pro/sku/images/merchantsku/944484/790835_1790318503607.jpg?imageView2/1/w/300/h/300;2756;JM Nước Hoa Hồng Jmsolution Glow Luminous Flower Firming - HỒNG 600ml;8809505543393;0.00;0.00;0.00;0.00;VIE GROUP HCM;Default Piling Area;Default Shelf;1;0;1;0;0;0.00;0;0.00;--;0.00;0.00;Còn hàng;Chưa chọn danh mục;;;Single SKU;
https://res.bigseller.pro/sku/images/merchantsku/944484/949113_1778903350077.jpg?imageView2/1/w/300/h/300;2755;FIVE GRAINS Kem Dưỡng Niacinamide, Alpha-Arbutin Ban Ngày - 200ml;;0.00;0.00;0.00;0.00;VIE GROUP HCM;Default Piling Area;Default Shelf;0;0;0;0;0;0.00;0;7.40;0;76666.67;0.00;Còn hàng;Chưa chọn danh mục;;;Single SKU;
https://res.bigseller.pro/sku/images/merchantsku/944484/370506_1783928008885.jpg?imageView2/1/w/300/h/300;2754;AHOHWA Mặt Nạ Ủ Trắng Dạng Kem Tone-Up Brightening Cream Mask - 20g;;0.00;0.00;0.00;0.00;VIE GROUP HCM;Default Piling Area;Default Shelf;0;0;0;0;0;0.00;0;0.86;0;45259.39;0.00;Còn hàng;Chưa chọn danh mục;;;Single SKU;
https://res.bigseller.pro/sku/images/merchantsku/944484/402546_1776409609527.jpg?imageView2/1/w/300/h/300;2753;MIXRS GLARIC Bộ  dầu gội xả  Hồng -  800ML;;1400.00;0.00;0.00;0.00;VIE GROUP HCM;Default Piling Area;Default Shelf;0;0;0;0;0;0.00;0;0.00;--;349058.82;0.00;Còn hàng;Chưa chọn danh mục;;;Single SKU;
https://res.bigseller.pro/sku/images/merchantsku/944484/426212_1791013951163.jpg?imageView2/1/w/300/h/300;2752;ARET Gel Trị Mụn Tre USP Aret  Hỗ Trợ Giảm Mụn, Mờ Thâm - 0.1%;;0.00;0.00;0.00;0.00;VIE GROUP HCM;Default Piling Area;Default Shelf;0;0;0;0;0;0.00;0;0.00;--;74000.00;0.00;Còn hàng;Chưa chọn danh mục;;;Single SKU;
https://res.bigseller.pro/sku/images/merchantsku/944484/030455_1791013557651.jpg?imageView2/1/w/300/h/300;2751;ARET Gel Trị Mụn Tre USP Aret  Hỗ Trợ Giảm Mụn, Mờ Thâm - 0.05%;;0.00;0.00;0.00;0.00;VIE GROUP HCM;Default Piling Area;Default Shelf;0;0;0;0;0;0.00;0;0.00;--;64000.00;0.00;Còn hàng;Chưa chọn danh mục;;;Single SKU;
https://res.bigseller.pro/sku/images/merchantsku/944484/857060_1791013534106.jpg?imageView2/1/w/300/h/300;2750;NARUKO Gel Tẩy Tế Bào Chết Tea Tree Shine Control and Blemish Clear Peeling Gel -120G;;0.00;0.00;0.00;0.00;VIE GROUP HCM;Default Piling Area;Default Shelf;0;0;0;0;0;0.00;0;0.00;--;190090.91;0.00;Còn hàng;Chưa chọn danh mục;;;Single SKU;
https://res.bigseller.pro/sku/images/merchantsku/944484/277933_1791013414519.jpg?imageView2/1/w/300/h/300;2749;KMAS Mặt nạ phục hồi, dưỡng da sau treatment Kmas Ultimate Recovery Mask - hộp 10 miếng;;0.00;0.00;0.00;0.00;VIE GROUP HCM;Default Piling Area;Default Shelf;0;0;0;0;0;0.00;0;0.17;0;262314.13;0.00;Còn hàng;Chưa chọn danh mục;;;Single SKU;
https://res.bigseller.pro/sku/images/merchantsku/944484/189859_1776961232626.jpg?imageView2/1/w/300/h/300;2748;VASELINE Dưỡng môi Lip Therapy UK 20g [XT] - Cocoa Butter;;0.00;0.00;0.00;0.00;VIE GROUP HCM;Default Piling Area;Default Shelf;0;0;0;0;0;0.00;0;0.00;--;0.00;0.00;Ngừng bán;V;VASELINE;;Single SKU;
https://res.bigseller.pro/sku/images/merchantsku/944484/081872_1777465794724.jpg?imageView2/1/w/300/h/300;2747;OEM Mũ Trùm Tóc Khi Tắm Bằng Nilon In Hình Hoạt Họa Dễ Thương, Giúp Ủ Dưỡng Tóc, Spa Tại Nhà;;0.00;0.00;0.00;0.00;VIE GROUP HCM;Default Piling Area;Default Shelf;567;2;565;0;0;0.00;0;0.20;2830;3100.00;1757700.00;Còn hàng;Chưa chọn danh mục;;;Single SKU;
;2746;TOPICREM Gel Tẩy Tế Bào Chết Gentle Scrub Face & Body 200ml;;0.00;0.00;0.00;0.00;VIE GROUP HCM;Default Piling Area;Default Shelf;0;0;0;0;0;0.00;0;0.00;--;0.00;0.00;Còn hàng;Chưa chọn danh mục;;;Single SKU;
https://res.bigseller.pro/sku/images/merchantsku/944484/162208_1776960546988.jpg?imageView2/1/w/300/h/300;2745;URIAGE Sữa Rửa Mặt Depiderm Mousse Nettoyante Éclat - 100ml;;0.00;0.00;0.00;0.00;VIE GROUP HCM;Default Piling Area;Default Shelf;0;0;0;0;0;0.00;0;0.00;--;267392.00;0.00;Còn hàng;Chưa chọn danh mục;;;Single SKU;
https://res.bigseller.pro/sku/images/merchantsku/944484/732483_1782467138160.jpg?imageView2/1/w/300/h/300;2744;SO'NATURAL Serum Red Peel Tingle Serum - 35ml;;0.00;0.00;0.00;0.00;VIE GROUP HCM;Default Piling Area;Default Shelf;0;0;0;0;0;0.00;0;1.00;0;265180.18;0.00;Còn hàng;Chưa chọn danh mục;;;Single SKU;
https://res.bigseller.pro/sku/images/merchantsku/944484/251734_1776961233051.jpg?imageView2/1/w/300/h/300;2743;GOODNDOC Kem chống nắng Sun Repair SPF50+ PA+++ 50ml;;0.00;0.00;0.00;0.00;VIE GROUP HCM;Default Piling Area;Default Shelf;0;0;0;0;0;0.00;0;0.00;--;234000.00;0.00;Còn hàng;Chưa chọn danh mục;;;Single SKU;
https://res.bigseller.pro/sku/images/merchantsku/944484/099751_1791013059486.jpg?imageView2/1/w/300/h/300;2742;HATOMUGI Sữa Dưỡng Thể Chống Nắng Hatomugi SPF31/PA+++ UV Care & Moisturizing - 250ml;;0.00;0.00;0.00;0.00;VIE GROUP HCM;Default Piling Area;Default Shelf;0;0;0;0;0;0.00;0;0.00;--;0.00;0.00;Còn hàng;Chưa chọn danh mục;;;Single SKU;
https://res.bigseller.pro/sku/images/merchantsku/944484/613852_1791012961138.jpg?imageView2/1/w/300/h/300;2741;HATOMUGI Sữa Dưỡng Thể Moisturizing & Conditioning - 400ml;;0.00;0.00;0.00;0.00;VIE GROUP HCM;Default Piling Area;Default Shelf;0;0;0;0;0;0.00;0;5.00;0;74630.43;0.00;Còn hàng;Chưa chọn danh mục;;;Single SKU;
https://res.bigseller.pro/sku/images/merchantsku/944484/400009_1789978222372.jpg?imageView2/1/w/300/h/300;2740;BIOTRADE Viên Uống Trị Mụn Biotrade Acnaut Food Supplement With Brewer’s Yeast 30 Viên;;0.00;0.00;0.00;0.00;VIE GROUP HCM;Default Piling Area;Default Shelf;0;0;0;0;0;0.00;0;0.71;0;401431.27;0.00;Còn hàng;Chưa chọn danh mục;;;Single SKU;
https://res.bigseller.pro/sku/images/merchantsku/944484/241097_1779448272269.jpg?imageView2/1/w/300/h/300;2739;QUICKSTICK Que thử thai One-step Pregnancy Test;674033090101;0.00;0.00;0.00;0.00;VIE GROUP HCM;Default Piling Area;Default Shelf;71;0;71;0;0;0.00;0;0.20;355;18000.00;1278000.00;Còn hàng;Chưa chọn danh mục;;;Single SKU;
https://res.bigseller.pro/sku/images/merchantsku/944484/484083_1776220651928.jpg?imageView2/1/w/300/h/300;2738;KOBAYASHI Lăn khử mùi Kobayashi WAKIGUARD Nhật Bản dạng gel - 50g;4987072070352;0.00;0.00;0.00;0.00;VIE GROUP HCM;Default Piling Area;Default Shelf;0;0;0;0;0;0.00;0;0.07;0;113928.93;0.00;Còn hàng;Chưa chọn danh mục;;;Single SKU;
https://res.bigseller.pro/sku/images/merchantsku/944484/440230_1784205017574.jpg?imageView2/1/w/300/h/300;2737;HATOMUGI Dầu Tẩy Trang Hatomugi Reihaku Hatomugi Cleansing Lotion - 500ml;;0.00;0.00;0.00;0.00;VIE GROUP HCM;Default Piling Area;Default Shelf;0;0;0;0;0;0.00;0;0.00;--;122708.33;0.00;Còn hàng;Chưa chọn danh mục;;;Single SKU;
https://res.bigseller.pro/sku/images/merchantsku/944484/801667_1789051756531.jpg?imageView2/1/w/300/h/300;2736;COCOON Tinh Chất Xịt Dưỡng Sen Hậu Giang Hau Giang Lotus Soothing Serum Mist  - 100ml;;0.00;0.00;0.00;0.00;VIE GROUP HCM;Default Piling Area;Default Shelf;4;0;4;0;0;0.00;0;0.00;--;98000.00;392000.00;Còn hàng;Chưa chọn danh mục;;;Single SKU;
https://res.bigseller.pro/sku/images/merchantsku/944484/999539_1776160374455.jpg?imageView2/1/w/300/h/300;2735;TFIT Bảng Kem Che Khuyết Điểm Ba Màu Che Phủ Quầng Thâm Và Mụn - 01 Neutral;8809751800448;0.00;0.00;0.00;0.00;VIE GROUP HCM;Default Piling Area;Default Shelf;3;0;3;0;0;0.00;0;0.00;--;138000.00;414000.00;Còn hàng;Chưa chọn danh mục;;;Single SKU;
https://res.bigseller.pro/sku/images/merchantsku/944484/554601_1777465794663.jpg?imageView2/1/w/300/h/300;2723;VAGISIL DDVS Vagisil Scentsitive Scents Daily Intimate Wash Coconut Hibiscus - XANH DƯƠNG 240ml;9310379000329;0.00;0.00;0.00;0.00;VIE GROUP HCM;Default Piling Area;Default Shelf;8;0;8;0;0;0.00;0;0.30;26;143570.63;1148565.04;Còn hàng;Chưa chọn danh mục;;;Single SKU;
https://res.bigseller.pro/sku/images/merchantsku/944484/962576_1779448716844.jpg?imageView2/1/w/300/h/300;2719;VAGISIL DDVS Vagisil Scentsitive Scents Daily Intimate Wash Peach Blossom - CAM 240ml;;0.00;0.00;0.00;0.00;VIE GROUP HCM;Default Piling Area;Default Shelf;0;0;0;0;0;0.00;0;0.00;--;153416.67;0.00;Còn hàng;Chưa chọn danh mục;;;Single SKU;
https://res.bigseller.pro/sku/images/merchantsku/944484/148761_1777465259190.jpg?imageView2/1/w/300/h/300;2722;VAGISIL DDVS Vagisil Scentsitive Scents Daily Intimate Wash White Jasmine - VÀNG 354ml;;0.00;0.00;0.00;0.00;VIE GROUP HCM;Default Piling Area;Default Shelf;0;0;0;0;0;0.00;0;0.00;--;205307.69;0.00;Còn hàng;Chưa chọn danh mục;;;Single SKU;
https://res.bigseller.pro/sku/images/merchantsku/944484/424003_1779196153168.jpg?imageView2/1/w/300/h/300;2720;VAGISIL DDVS Vagisil Scentsitive Scents Daily Intimate Wash Peach Blossom - CAM 354ml;11509060341;0.00;0.00;0.00;0.00;VIE GROUP HCM;Default Piling Area;Default Shelf;3;0;3;0;0;0.00;0;0.00;--;208416.67;625250.01;Còn hàng;Chưa chọn danh mục;;;Single SKU;
https://res.bigseller.pro/sku/images/merchantsku/944484/332072_1785807014150.jpg?imageView2/1/w/300/h/300;2734;DR.PEPTI Tinh chất trị nám Centella Dark Sport Solution Ampoule - 30ml;;0.00;0.00;0.00;0.00;VIE GROUP HCM;Default Piling Area;Default Shelf;0;0;0;0;0;0.00;0;0.00;--;266670.89;0.00;Còn hàng;Chưa chọn danh mục;;;Single SKU;
;2733;BIOTIN Viên Uống Mọc Tóc Men Bia Khô - Full Hộp (60 Viên);;0.00;0.00;0.00;0.00;VIE GROUP HCM;Default Piling Area;Default Shelf;0;0;0;0;0;0.00;0;0.00;--;250613.71;0.00;Còn hàng;Chưa chọn danh mục;;;Single SKU;
https://res.bigseller.pro/sku/images/merchantsku/944484/452736_1787496167049.jpg?imageView2/1/w/300/h/300;2732;SUNSHINE Glutathione 10x – Nước uống trắng da set 10;;0.00;0.00;0.00;0.00;VIE GROUP HCM;Default Piling Area;Default Shelf;0;0;0;0;0;0.00;0;0.00;--;295242.92;0.00;Còn hàng;Chưa chọn danh mục;;;Single SKU;
https://res.bigseller.pro/sku/images/merchantsku/944484/520649_1791460016444.jpg?imageView2/1/w/300/h/300;2731;RWIN Mặt Nạ Nhau Thai Cừu Nhật Rwine Beauty Stem Cell Placenta - 1 HỘP 50 MIẾNG;;0.00;0.00;0.00;0.00;VIE GROUP HCM;Default Piling Area;Default Shelf;0;0;0;0;0;0.00;0;0.00;--;92333.33;0.00;Còn hàng;Chưa chọn danh mục;;;Single SKU;
https://res.bigseller.pro/sku/images/merchantsku/944484/014322_1791460016396.jpg?imageView2/1/w/300/h/300;2730;RWIN Mặt Nạ Nhau Thai Cừu Nhật Rwine Beauty Stem Cell Placenta, Lẻ 1 miếng;;0.00;0.00;0.00;0.00;VIE GROUP HCM;Default Piling Area;Default Shelf;0;0;0;0;0;0.00;0;0.00;--;0.00;0.00;Còn hàng;Chưa chọn danh mục;;;Single SKU;
https://res.bigseller.pro/sku/images/merchantsku/944484/460520_1778128001022.jpg?imageView2/1/w/300/h/300;2729;LUCENBASE Sữa Dưỡng Thể 377 Niacinamide Retinol LUCENBASE - 250g;;0.00;0.00;0.00;0.00;VIE GROUP HCM;Default Piling Area;Default Shelf;0;0;0;0;0;0.00;0;0.00;--;120993.29;0.00;Còn hàng;Chưa chọn danh mục;;;Single SKU;
https://res.bigseller.pro/sku/images/merchantsku/944484/175649_1787499029970.jpg?imageView2/1/w/300/h/300;2728;CETAPHIL Sữa rửa mặt Gentle Skin Cleanser - 1000ml;;0.00;0.00;0.00;0.00;VIE GROUP HCM;Default Piling Area;Default Shelf;0;0;0;0;0;0.00;0;0.07;0;544320.00;0.00;Còn hàng;Chưa chọn danh mục;;;Single SKU;
https://res.bigseller.pro/sku/images/merchantsku/944484/792294_1791460017922.jpg?imageView2/1/w/300/h/300;2726;OBAGI Medical Kem Dưỡng Medical Retinol + PHA- 50ml;;0.00;0.00;0.00;0.00;VIE GROUP HCM;Default Piling Area;Default Shelf;0;0;0;0;0;0.00;0;0.00;--;1622500.00;0.00;Còn hàng;Chưa chọn danh mục;;;Single SKU;
https://res.bigseller.pro/sku/images/merchantsku/944484/843168_1789809025202.jpg?imageView2/1/w/300/h/300;2725;OBAGI Kem Dưỡng Ẩm Obagi ELASTIDERM Lift Up & Sculpt Facial Moisturizer - 50ML;362032650524;0.00;0.00;0.00;0.00;VIE GROUP HCM;Default Piling Area;Default Shelf;0;0;0;0;0;0.00;0;0.04;0;1814999.00;0.00;Còn hàng;Chưa chọn danh mục;;;Single SKU;
https://res.bigseller.pro/sku/images/merchantsku/944484/125612_1790317266175.jpg?imageView2/1/w/300/h/300;2727;OBAGI Kem Dưỡng Da Vùng Mắt Obagi Elastiderm Eye Cream - 15g;362032090054;0.00;0.00;0.00;0.00;VIE GROUP HCM;Default Piling Area;Default Shelf;1;0;1;0;0;0.00;0;0.00;--;1402500.00;1402500.00;Còn hàng;Chưa chọn danh mục;;;Single SKU;
https://res.bigseller.pro/sku/images/merchantsku/944484/766655_1754366312088.jpg?imageView2/1/w/300/h/300;1000;Băng đô turban nơ tai thỏ [XT];;0.00;0.00;0.00;0.00;VIE GROUP HCM;Default Piling Area;Default Shelf;0;0;0;0;0;0.00;0;0.00;--;0.00;0.00;Ngừng bán;Chưa chọn danh mục;;;Single SKU;
https://res.bigseller.pro/sku/images/merchantsku/944484/998998_1749535995651.jpg?imageView2/1/w/300/h/300;1003;Cọ trang điểm kèm túi khóa kéo set 8 cọ;;0.00;0.00;0.00;0.00;VIE GROUP HCM;Default Piling Area;Default Shelf;0;0;0;0;0;0.00;0;0.00;--;0.00;0.00;Còn hàng;Chưa chọn danh mục;;;Single SKU;
https://res.bigseller.pro/sku/images/merchantsku/944484/394458_1754365627418.jpg?imageView2/1/w/300/h/300;1009;OEM - Khăn ướt mini tiệt trùng Vie Mart 64 khăn - 8 Gói/bịch;;0.00;0.00;0.00;0.00;VIE GROUP HCM;Default Piling Area;Default Shelf;0;0;0;0;0;0.00;0;0.00;--;0.00;0.00;Còn hàng;Chưa chọn danh mục;;;Single SKU;
https://res.bigseller.pro/sku/images/merchantsku/944484/783839_1754366222623.jpg?imageView2/1/w/300/h/300;1011;OEM Bông Tắm Dạng Tròn 2 Màu [XT];;0.00;0.00;0.00;0.00;VIE GROUP HCM;Default Piling Area;Default Shelf;0;0;0;0;0;0.00;0;0.00;--;0.00;0.00;Ngừng bán;Chưa chọn danh mục;;;Single SKU;
https://res.bigseller.pro/sku/images/merchantsku/944484/705387_1754919948920.jpg?imageView2/1/w/300/h/300;1015;OEM Dũa móng mini hoạt hình [XT];;0.00;0.00;0.00;0.00;VIE GROUP HCM;Default Piling Area;Default Shelf;0;0;0;0;0;0.00;0;0.00;0;0.00;0.00;Ngừng bán;Chưa chọn danh mục;;;Single SKU;
https://res.bigseller.pro/sku/images/merchantsku/944484/832462_1754365725002.jpg?imageView2/1/w/300/h/300;1017;OEM Giấy thấm dầu da mặt gói 50 miếng;;0.00;0.00;0.00;0.00;VIE GROUP HCM;Default Piling Area;Default Shelf;0;0;0;0;0;0.00;0;0.00;--;0.00;0.00;Còn hàng;Chưa chọn danh mục;;;Single SKU;
https://res.bigseller.pro/sku/images/merchantsku/944484/805506_1754365814927.jpg?imageView2/1/w/300/h/300;1021;OEM Khăn Tắm Trùm Đầu vải;;0.00;0.00;0.00;0.00;VIE GROUP HCM;Default Piling Area;Default Shelf;0;0;0;0;0;0.00;0;0.00;--;0.00;0.00;Còn hàng;Chưa chọn danh mục;;;Single SKU;
https://res.bigseller.pro/sku/images/merchantsku/944484/761216_1754365712266.jpg?imageView2/1/w/300/h/300;1022;OEM Khay làm đá 33 viên [XT];;0.00;0.00;0.00;0.00;VIE GROUP HCM;Default Piling Area;Default Shelf;0;0;0;0;0;0.00;0;0.00;--;0.00;0.00;Ngừng bán;Chưa chọn danh mục;;;Single SKU;
https://res.bigseller.pro/sku/images/merchantsku/944484/490934_1754366317843.jpg?imageView2/1/w/300/h/300;1025;OEM Miếng Dán Ngực Hoa - Hộp 60 Miếng [XT];;0.00;0.00;0.00;0.00;VIE GROUP HCM;Default Piling Area;Default Shelf;0;0;0;0;0;0.00;0;0.00;--;0.00;0.00;Ngừng bán;Chưa chọn danh mục;;;Single SKU;
https://res.bigseller.pro/sku/images/merchantsku/944484/417300_1754365913678.jpg?imageView2/1/w/300/h/300;1026;OEM Miếng Dán Ngực Silicon - Hộp 10 Miếng [XT];;0.00;0.00;0.00;0.00;VIE GROUP HCM;Default Piling Area;Default Shelf;0;0;0;0;0;0.00;0;0.00;--;0.00;0.00;Ngừng bán;Chưa chọn danh mục;;;Single SKU;
;1037;ACNEDAP Dapsone Gel IP 5% Acnedap Gel Cipla Gel trị mụn - 15g;;0.00;0.00;0.00;0.00;VIE GROUP HCM;Default Piling Area;Default Shelf;0;0;0;0;0;0.00;0;0.00;--;147280.00;0.00;Còn hàng;Chưa chọn danh mục;;;Single SKU;
https://res.bigseller.pro/sku/images/merchantsku/944484/178168_1754365816502.jpg?imageView2/1/w/300/h/300;1052;ADERMA SỮA TẮM Exomega Control Emollient Shower Oil - 100ml;3282770143393;0.00;0.00;0.00;0.00;VIE GROUP HCM;Default Piling Area;Default Shelf;0;0;0;0;0;0.00;0;0.00;--;0.00;0.00;Ngừng bán;A;ADERMA;;Single SKU;
https://res.bigseller.pro/sku/images/merchantsku/944484/334088_1754365624256.jpg?imageView2/1/w/300/h/300;1053;ADERMA SỮA TẮM Exomega Control Emollient Shower Oil - 200ml;3282770143416;0.00;0.00;0.00;0.00;VIE GROUP HCM;Default Piling Area;Default Shelf;0;0;0;0;0;0.00;0;0.00;--;0.00;0.00;Ngừng bán;A;ADERMA;;Single SKU;
https://res.bigseller.pro/sku/images/merchantsku/944484/707495_1755015058671.jpg?imageView2/1/w/300/h/300;1072;AMORTALS  Cọ Che Khuyết Điểm Hai Đầu Tròn Chuyên Dụng Siêu Mềm Mại;;0.00;0.00;0.00;0.00;VIE GROUP HCM;Default Piling Area;Default Shelf;0;0;0;0;0;0.00;0;0.00;--;0.00;0.00;Còn hàng;Chưa chọn danh mục;;;Single SKU;
https://res.bigseller.pro/sku/images/merchantsku/944484/486878_1767168727968.jpg?imageView2/1/w/300/h/300;1075;AMORTALS  Set 3 mút trang điểm Amortals Black Pink TieTie;;0.00;0.00;0.00;0.00;VIE GROUP HCM;Default Piling Area;Default Shelf;0;0;0;0;0;0.00;0;0.00;--;0.00;0.00;Còn hàng;Chưa chọn danh mục;;;Single SKU;
https://res.bigseller.pro/sku/images/merchantsku/944484/168707_1754365904540.jpg?imageView2/1/w/300/h/300;1078;ACNE ACID LIQUID CLEANSER 100ml;9314057016602;0.00;0.00;0.00;0.00;VIE GROUP HCM;Default Piling Area;Default Shelf;0;0;0;0;0;0.00;0;0.00;--;0.00;0.00;Còn hàng;Chưa chọn danh mục;;;Single SKU;
;1085;ANESSA Serum Dưỡng Da Night Sun Care Serum 12ml ( Nắp xanh );;0.00;0.00;0.00;0.00;VIE GROUP HCM;Default Piling Area;Default Shelf;0;0;0;0;0;0.00;0;0.00;--;0.00;0.00;Còn hàng;Chưa chọn danh mục;;;Single SKU;
https://res.bigseller.pro/sku/images/merchantsku/944484/780974_1754366215987.jpg?imageView2/1/w/300/h/300;1091;ANESSA Sữa Chống Nắng Perfect UV Sunscreen Skincare Milk N SPF50+ PA++++ - 20ml (MÀU VÀNG);4909978122461;0.00;0.00;0.00;0.00;VIE GROUP HCM;Default Piling Area;Default Shelf;0;0;0;0;0;0.00;0;0.00;--;0.00;0.00;Còn hàng;Chưa chọn danh mục;;;Single SKU;
https://res.bigseller.pro/sku/images/merchantsku/944484/588373_1787497206588.jpg?imageView2/1/w/300/h/300;1093;ANESSA Sữa Chống Nắng Perfect UV Sunscreen Skincare Milk SPF50+ - Da Dầu, Hồng 20ml;;0.00;0.00;0.00;0.00;VIE GROUP HCM;Default Piling Area;Default Shelf;0;0;0;0;0;0.00;0;0.00;--;0.00;0.00;Còn hàng;Chưa chọn danh mục;;;Single SKU;
https://res.bigseller.pro/sku/images/merchantsku/944484/385707_1757061133481.jpg?imageView2/1/w/300/h/300;1095;Angel Liquid Kem dưỡng Glutathione Niacinamide Cica - 50ml;;0.00;0.00;0.00;0.00;VIE GROUP HCM;Default Piling Area;Default Shelf;0;0;0;0;0;0.00;0;0.00;--;0.00;0.00;Còn hàng;Chưa chọn danh mục;;;Single SKU;
;1097;ANGEL’S LIQUID Mela Zero Ampoule + Cream Kem Dưỡng - 50ml ( đỏ);;0.00;0.00;0.00;0.00;VIE GROUP HCM;Default Piling Area;Default Shelf;0;0;0;0;0;0.00;0;0.00;--;0.00;0.00;Còn hàng;Chưa chọn danh mục;;;Single SKU;
;1098;ANGEL’S LIQUID Tinh Chất Mela Zero Ampoule + Cream - 30ml ( đỏ );;0.00;0.00;0.00;0.00;VIE GROUP HCM;Default Piling Area;Default Shelf;0;0;0;0;0;0.00;0;0.00;--;0.00;0.00;Còn hàng;Chưa chọn danh mục;;;Single SKU;
https://res.bigseller.pro/sku/images/merchantsku/944484/455927_1754365718356.jpg?imageView2/1/w/300/h/300;1099;ANGEL'S LIQUID Kem Dưỡng Glutathione + Niacinamide 7Day Whitening 700V 50ml;;0.00;0.00;0.00;0.00;VIE GROUP HCM;Default Piling Area;Default Shelf;0;0;0;0;0;0.00;0;0.00;--;0.00;0.00;Còn hàng;Chưa chọn danh mục;;;Single SKU;
;1101;ANGELS LIQUID Kem Dưỡng Trắng 7 Day Whitening Program Glutathione 50ml;;0.00;0.00;0.00;0.00;VIE GROUP HCM;Default Piling Area;Default Shelf;0;0;0;0;0;0.00;0;0.00;--;0.00;0.00;Còn hàng;Chưa chọn danh mục;;;Single SKU;
https://res.bigseller.pro/sku/images/merchantsku/944484/026917_1757060807505.jpg?imageView2/1/w/300/h/300;1103;ANGEL'S LIQUID NƯỚC THẦN LÀM TRẮNG GLUTATHIONE PLUS NIACINAMIDE CICA - 150ml;;0.00;0.00;0.00;0.00;VIE GROUP HCM;Default Piling Area;Default Shelf;0;0;0;0;0;0.00;0;0.00;--;0.00;0.00;Còn hàng;Chưa chọn danh mục;;;Single SKU;
https://res.bigseller.pro/sku/images/merchantsku/944484/054348_1757061050878.jpg?imageView2/1/w/300/h/300;1104;ANGEL'S LIQUID SERUM LÀM TRẮNG GLUTATHIONE PLUS NIACINAMIDE CICA - 45ml;;0.00;0.00;0.00;0.00;VIE GROUP HCM;Default Piling Area;Default Shelf;0;0;0;0;0;0.00;0;0.00;--;0.00;0.00;Còn hàng;Chưa chọn danh mục;;;Single SKU;
;1107;ANGEL'S LIQUID Tinh chất Glutathione + Niacinamide 700 V-ampoule 150ml;;0.00;0.00;0.00;0.00;VIE GROUP HCM;Default Piling Area;Default Shelf;0;0;0;0;0;0.00;0;0.00;--;0.00;0.00;Còn hàng;Chưa chọn danh mục;;;Single SKU;
https://res.bigseller.pro/sku/images/merchantsku/944484/411995_1790317219749.jpg?imageView2/1/w/300/h/300;1108;ANGEL'S LIQUID Tinh chất Glutathione + Niacinamide 700 V-ampoule 30ml;8809418753766;0.00;0.00;0.00;0.00;VIE GROUP HCM;Default Piling Area;Default Shelf;2;0;2;0;0;0.00;0;0.00;--;306000.00;612000.00;Còn hàng;Chưa chọn danh mục;;;Single SKU;
https://res.bigseller.pro/sku/images/merchantsku/944484/364745_1754365821766.jpg?imageView2/1/w/300/h/300;1110;APERIRE CUSHION Day Dream Cover SPF50+ PA++++ 13g - 02 Warm vanilla;;0.00;0.00;0.00;0.00;VIE GROUP HCM;Default Piling Area;Default Shelf;0;0;0;0;0;0.00;0;0.00;--;268000.00;0.00;Còn hàng;Chưa chọn danh mục;;;Single SKU;
https://res.bigseller.pro/sku/images/merchantsku/944484/567840_1787114963126.jpg?imageView2/1/w/300/h/300;1123;ARMAF Lăn Khử Mùi Nước Hoa Nữ Club De Nuit Woman 75G -  Hồng;6294015132922;0.00;0.00;0.00;0.00;VIE GROUP HCM;Default Piling Area;Default Shelf;0;0;0;0;0;0.00;0;7.89;0;259758.23;0.00;Còn hàng;Chưa chọn danh mục;;;Single SKU;
;1124;ARMAF Nước Hoa Nam Club de Nuit Woman EDP 200ml [XT];;0.00;0.00;0.00;0.00;VIE GROUP HCM;Default Piling Area;Default Shelf;0;0;0;0;0;0.00;0;0.00;--;0.00;0.00;Ngừng bán;Chưa chọn danh mục;;;Single SKU;
https://res.bigseller.pro/sku/images/merchantsku/944484/009587_1754365814250.jpg?imageView2/1/w/300/h/300;1125;ARMAF Nước Hoa Nữ Club de Nuit Woman EDP 105ml [XT];;0.00;0.00;0.00;0.00;VIE GROUP HCM;Default Piling Area;Default Shelf;0;0;0;0;0;0.00;0;2.00;0;589068.18;0.00;Ngừng bán;Chưa chọn danh mục;;;Single SKU;
https://res.bigseller.pro/sku/images/merchantsku/944484/932396_1768373789444.jpg?imageView2/1/w/300/h/300;1126;ARMAF Sữa Tắm Armaf Club De Nuit Intense Woman Shower Gel 360ML -  HỒNG;;0.00;0.00;0.00;0.00;VIE GROUP HCM;Default Piling Area;Default Shelf;0;0;0;0;0;0.00;0;0.00;--;0.00;0.00;Còn hàng;Chưa chọn danh mục;;;Single SKU;
https://res.bigseller.pro/sku/images/merchantsku/944484/315929_1767705306142.jpg?imageView2/1/w/300/h/300;1131;Astrid - HỒNG NHỎ - 3G  Son Dưỡng Mỡ Hươu Astrid - Cung cấp ẩm, giảm thâm môi & bảo vệ da môi;;0.00;0.00;0.00;0.00;VIE GROUP HCM;Default Piling Area;Default Shelf;0;0;0;0;0;0.00;0;2.00;--;0.00;0.00;Ngừng bán;Chưa chọn danh mục;;;Single SKU;
https://res.bigseller.pro/sku/images/merchantsku/944484/900340_1754365820020.jpg?imageView2/1/w/300/h/300;1144;AVEENO Sữa dưỡng thể Skin Relief Moisturizing Lotion 354ml;;0.00;0.00;0.00;0.00;VIE GROUP HCM;Default Piling Area;Default Shelf;0;0;0;0;0;0.00;0;0.00;--;0.00;0.00;Còn hàng;Chưa chọn danh mục;;;Single SKU;
https://res.bigseller.pro/sku/images/merchantsku/944484/812356_1754365818101.jpg?imageView2/1/w/300/h/300;1153;AVENE Kem dưỡng Cicalfate Repair Cream - 40ml [XT];XT1277;0.00;0.00;0.00;0.00;VIE GROUP HCM;Default Piling Area;Default Shelf;0;0;0;0;0;0.00;0;0.00;--;0.00;0.00;Ngừng bán;Chưa chọn danh mục;;;Single SKU;
https://res.bigseller.pro/sku/images/merchantsku/944484/981056_1754366220167.jpg?imageView2/1/w/300/h/300;1156;AVENE Sữa rửa mặt Cleanance Cleansing Gel - 100ml;3282770207712;0.00;0.00;0.00;0.00;VIE GROUP HCM;Default Piling Area;Default Shelf;0;0;0;0;0;0.00;0;0.00;--;0.00;0.00;Còn hàng;Chưa chọn danh mục;;;Single SKU;
https://res.bigseller.pro/sku/images/merchantsku/944484/998514_1754365718174.jpg?imageView2/1/w/300/h/300;1157;AVENE Sữa rửa mặt Cleanance Cleansing Gel - 200ml;3282770139204;0.00;0.00;0.00;0.00;VIE GROUP HCM;Default Piling Area;Default Shelf;0;0;0;0;0;0.00;0;0.00;--;0.00;0.00;Còn hàng;Chưa chọn danh mục;;;Single SKU;
https://res.bigseller.pro/sku/images/merchantsku/944484/004616_1754365629590.jpg?imageView2/1/w/300/h/300;1158;AVENE Sữa rửa mặt Cleanance Cleansing Gel - 400ml;;0.00;0.00;0.00;0.00;VIE GROUP HCM;Default Piling Area;Default Shelf;0;0;0;0;0;0.00;0;0.00;--;0.00;0.00;Còn hàng;Chưa chọn danh mục;;;Single SKU;
https://res.bigseller.pro/sku/images/merchantsku/944484/467738_1754366317769.jpg?imageView2/1/w/300/h/300;1159;AVENE Tinh Chất Cicalfate+ Intense Serum Phục Hồi, Cấp Ẩm 30ml;3282770393620;0.00;0.00;0.00;0.00;VIE GROUP HCM;Default Piling Area;Default Shelf;1;0;1;0;0;0.00;0;0.03;33;455505.00;455505.00;Còn hàng;Chưa chọn danh mục;;;Single SKU;
https://res.bigseller.pro/sku/images/merchantsku/944484/209743_1756124845694.jpg?imageView2/1/w/300/h/300;1167;AVENE Xịt Khoáng Thermal Spring Water - 50ml;3282779228305;0.00;0.00;0.00;0.00;VIE GROUP HCM;Default Piling Area;Default Shelf;10;0;10;0;0;0.00;0;1.03;9;112904.41;1129044.10;Còn hàng;Chưa chọn danh mục;;;Single SKU;
;1168;AZANEX Gel Ngừa Mụn Adapalene 0.1 10g;;0.00;0.00;0.00;0.00;VIE GROUP HCM;Default Piling Area;Default Shelf;0;0;0;0;0;0.00;0;0.00;--;0.00;0.00;Còn hàng;Chưa chọn danh mục;;;Single SKU;
https://res.bigseller.pro/sku/images/merchantsku/944484/972442_1754365908210.jpg?imageView2/1/w/300/h/300;1204;BATISTE Dầu Gội Khô 200ml - Bare;26720529836;0.00;0.00;0.00;0.00;VIE GROUP HCM;Default Piling Area;Default Shelf;0;0;0;0;0;0.00;0;0.00;--;0.00;0.00;Còn hàng;Chưa chọn danh mục;;;Single SKU;
https://res.bigseller.pro/sku/images/merchantsku/944484/845340_1754366212044.jpg?imageView2/1/w/300/h/300;1209;BATISTE Dầu Gội Khô 200ml - ROSE GOLD;;0.00;0.00;0.00;0.00;VIE GROUP HCM;Default Piling Area;Default Shelf;0;0;0;0;0;0.00;0;0.00;--;0.00;0.00;Còn hàng;Chưa chọn danh mục;;;Single SKU;
https://res.bigseller.pro/sku/images/merchantsku/944484/202764_1755944888643.jpg?imageView2/1/w/300/h/300;1239;BIELENDA Kem Dưỡng NEURO GLYCOLVITC FACE CREAM 50ML;5902169025533;0.00;0.00;0.00;0.00;VIE GROUP HCM;Default Piling Area;Default Shelf;0;0;0;0;0;0.00;0;0.00;--;0.00;0.00;Còn hàng;Chưa chọn danh mục;;;Single SKU;
https://res.bigseller.pro/sku/images/merchantsku/944484/414883_1755945117039.jpg?imageView2/1/w/300/h/300;1240;BIELENDA Serum Neuro Glycol Vit.C Exfoliating Face Serum Night 30ml;5902169025540;0.00;0.00;0.00;0.00;VIE GROUP HCM;Default Piling Area;Default Shelf;0;0;0;0;0;0.00;0;0.00;--;0.00;0.00;Còn hàng;Chưa chọn danh mục;;;Single SKU;
https://res.bigseller.pro/sku/images/merchantsku/944484/139630_1754364214146.jpg?imageView2/1/w/300/h/300;1245;BIELENDA Kem Dưỡng Neuro Retinol Lifting Anti-wrinkle Face Cream Concentrate 50+ 50ml;5902169025090;0.00;0.00;0.00;0.00;VIE GROUP HCM;Default Piling Area;Default Shelf;0;0;0;0;0;0.00;0;0.00;--;0.00;0.00;Còn hàng;Chưa chọn danh mục;;;Single SKU;
https://res.bigseller.pro/sku/images/merchantsku/944484/111018_1754365616951.jpg?imageView2/1/w/300/h/300;1246;BIELENDA Serum Dr. Medica Anti-acne Dermatological cho da dầu mụn, giảm mụn, mờ thâm 30ML;;0.00;0.00;0.00;0.00;VIE GROUP HCM;Default Piling Area;Default Shelf;0;0;0;0;0;0.00;0;0.00;--;0.00;0.00;Còn hàng;Chưa chọn danh mục;;;Single SKU;
https://res.bigseller.pro/sku/images/merchantsku/944484/320957_1754364221447.jpg?imageView2/1/w/300/h/300;1281;BIODERMA Son Dưỡng Môi Atoderm Stick Lèvres 4g;3701129804957;0.00;0.00;0.00;0.00;VIE GROUP HCM;Default Piling Area;Default Shelf;0;0;0;0;0;0.00;0;1.00;--;0.00;0.00;Ngừng bán;Chưa chọn danh mục;;;Single SKU;
https://res.bigseller.pro/sku/images/merchantsku/944484/126376_1762335319166.jpg?imageView2/1/w/300/h/300;1296;BIOTRADE Kem chấm mụn giảm mụn viêm, mụn nội tiết 5ml;3800221842505;0.00;0.00;0.00;0.00;VIE GROUP HCM;Default Piling Area;Default Shelf;4;0;4;0;0;0.00;0;0.00;--;98050.00;392200.00;Còn hàng;Chưa chọn danh mục;;;Single SKU;
https://res.bigseller.pro/sku/images/merchantsku/944484/581935_1762349478177.jpg?imageView2/1/w/300/h/300;1297;Biotrade Dung dịch chấm mụn Biotrade Acnaut Active Lotion 15ml - Kem chấm mụn BioTrade;3800221842406;0.00;0.00;0.00;0.00;VIE GROUP HCM;Default Piling Area;Default Shelf;6;0;6;0;0;0.00;0;0.03;200;138903.74;833422.44;Còn hàng;Chưa chọn danh mục;;;Single SKU;
https://res.bigseller.pro/sku/images/merchantsku/944484/837650_1754365631435.jpg?imageView2/1/w/300/h/300;1307;Byvibes Wonder Bath Sữa rửa mặt rau củ thải độc tẩy trang 3in1 dưỡng da Hàn Quốc 300ml - ĐỎ -;;0.00;0.00;0.00;0.00;VIE GROUP HCM;Default Piling Area;Default Shelf;0;0;0;0;0;0.00;0;0.00;--;0.00;0.00;Còn hàng;Chưa chọn danh mục;;;Single SKU;
https://res.bigseller.pro/sku/images/merchantsku/944484/198768_1762143866407.jpg?imageView2/1/w/300/h/300;1333;CELL FUSION Kem chống nắng Toning Sunscreen 100 SPF50+/PA++++ 50ml - Hồng Brightening  Tone up Care;;0.00;0.00;0.00;0.00;VIE GROUP HCM;Default Piling Area;Default Shelf;0;0;0;0;0;0.00;0;0.00;--;247307.69;0.00;Còn hàng;Chưa chọn danh mục;;;Single SKU;
https://res.bigseller.pro/sku/images/merchantsku/944484/408384_1754365816617.jpg?imageView2/1/w/300/h/300;1337;CERAVE Kem Dưỡng Ẩm Facial Moisturising Lotion 52ML - AM (Ban Ngày), SPF25+, FRANCE;3337875597487;0.00;0.00;0.00;0.00;VIE GROUP HCM;Default Piling Area;Default Shelf;6;0;6;0;0;0.00;0;0.03;200;220917.85;1325507.10;Còn hàng;Chưa chọn danh mục;;;Single SKU;
https://res.bigseller.pro/sku/images/merchantsku/944484/325728_1754365718199.jpg?imageView2/1/w/300/h/300;1340;CERAVE Kem Dưỡng Da Moisturising Cream Baume Hydratant - 454g FRANCE;3337875597388;0.00;0.00;0.00;0.00;VIE GROUP HCM;Default Piling Area;Default Shelf;0;0;0;0;0;0.00;0;0.00;--;0.00;0.00;Còn hàng;Chưa chọn danh mục;;;Single SKU;
https://res.bigseller.pro/sku/images/merchantsku/944484/258755_1754365914798.jpg?imageView2/1/w/300/h/300;1342;CERAVE Kem Dưỡng Dạng Gel Oil Control Moisturising Gel-Cream - 52ml;3337875814652;0.00;0.00;0.00;0.00;VIE GROUP HCM;Default Piling Area;Default Shelf;0;0;0;0;0;0.00;0;0.00;--;0.00;0.00;Còn hàng;Chưa chọn danh mục;;;Single SKU;
https://res.bigseller.pro/sku/images/merchantsku/944484/112836_1754365908378.jpg?imageView2/1/w/300/h/300;1343;CERAVE Kem Dưỡng SA Smoothing Cream Anti-Roughness - 177ml FRANCE;3337875684095;0.00;0.00;0.00;0.00;VIE GROUP HCM;Default Piling Area;Default Shelf;0;0;0;0;0;0.00;0;0.00;--;0.00;0.00;Còn hàng;Chưa chọn danh mục;;;Single SKU;
https://res.bigseller.pro/sku/images/merchantsku/944484/953763_1754919948996.jpg?imageView2/1/w/300/h/300;1344;CERAVE Kem Dưỡng SA Smoothing Cream Anti-Roughness - 340g FRANCE;3337875684101;0.00;0.00;0.00;0.00;VIE GROUP HCM;Default Piling Area;Default Shelf;0;0;0;0;0;0.00;0;0.00;--;0.00;0.00;Còn hàng;Chưa chọn danh mục;;;Single SKU;
https://res.bigseller.pro/sku/images/merchantsku/944484/566701_1755015056858.jpg?imageView2/1/w/300/h/300;1345;CERAVE Sữa Dưỡng Moisturising Lotion Lait Hydratant - 236ml FRANCE;3337875597210;0.00;0.00;0.00;0.00;VIE GROUP HCM;Default Piling Area;Default Shelf;0;0;0;0;0;0.00;0;0.80;0;237378.38;0.00;Còn hàng;Chưa chọn danh mục;;;Single SKU;
https://res.bigseller.pro/sku/images/merchantsku/944484/199805_1754365816848.jpg?imageView2/1/w/300/h/300;1347;CERAVE Sữa Dưỡng Moisturising Lotion Lait Hydratant - 473ml FRANCE;3337875597395;0.00;0.00;0.00;0.00;VIE GROUP HCM;Default Piling Area;Default Shelf;11;0;11;0;0;0.00;0;0.13;84;340850.66;3749357.26;Còn hàng;Chưa chọn danh mục;;;Single SKU;
https://res.bigseller.pro/sku/images/merchantsku/944484/345144_1749546933301.jpg?imageView2/1/w/300/h/300;1360;CERAVE Sữa Rửa Mặt Cerave Cho Da Dầu Mụn Blemish Control Cleanser - 473ml;;0.00;0.00;0.00;0.00;VIE GROUP HCM;Default Piling Area;Default Shelf;0;0;0;0;0;0.00;0;0.00;--;0.00;0.00;Còn hàng;Chưa chọn danh mục;;;Single SKU;
https://res.bigseller.pro/sku/images/merchantsku/944484/451432_1787498961170.jpg?imageView2/1/w/300/h/300;1394;CETAPHIL Sữa Rửa Mặt Oily Skin Cleanser Cho Da Dầu - 473ml;;0.00;0.00;0.00;0.00;VIE GROUP HCM;Default Piling Area;Default Shelf;0;0;0;0;0;0.00;0;5.00;0;0.00;0.00;Còn hàng;CETAPHIL;;;Single SKU;
https://res.bigseller.pro/sku/images/merchantsku/944484/192241_1754364215233.jpg?imageView2/1/w/300/h/300;1418;CLEANIC Bông Tẩy Trang Soft And Comfort - 133 MIẾNG;;0.00;0.00;0.00;0.00;VIE GROUP HCM;Default Piling Area;Default Shelf;0;0;0;0;0;0.00;0;0.00;--;0.00;0.00;Còn hàng;Chưa chọn danh mục;;;Single SKU;
https://res.bigseller.pro/sku/images/merchantsku/944484/423410_1755687689146.jpg?imageView2/1/w/300/h/300;1419;CLEANIC Bông Tẩy Trang Soft And Comfort - 150 MIẾNG;;0.00;0.00;0.00;0.00;VIE GROUP HCM;Default Piling Area;Default Shelf;0;0;0;0;0;0.00;0;0.00;--;0.00;0.00;Còn hàng;Chưa chọn danh mục;;;Single SKU;
https://res.bigseller.pro/sku/images/merchantsku/944484/732300_1754998314467.jpg?imageView2/1/w/300/h/300;1424;CNP Nước hoa hồng Laboratory Propolis Treatment Ampule Essence – 150ml;;0.00;0.00;0.00;0.00;VIE GROUP HCM;Default Piling Area;Default Shelf;1;0;1;0;0;0.00;0;0.00;--;235200.00;235200.00;Còn hàng;Chưa chọn danh mục;;;Single SKU;
https://res.bigseller.pro/sku/images/merchantsku/944484/843682_1754365819968.jpg?imageView2/1/w/300/h/300;1426;CNP Tinh chất keo ong Laboratory Propolis Energy Ampule - 15ml;;0.00;0.00;0.00;0.00;VIE GROUP HCM;Default Piling Area;Default Shelf;1;0;1;0;0;0.00;0;0.00;--;251000.00;251000.00;Còn hàng;Chưa chọn danh mục;;;Single SKU;
;1447;BIELENDA Gel rửa mặt Bielenda Green Tea 200ml;;0.00;0.00;0.00;0.00;VIE GROUP HCM;Default Piling Area;Default Shelf;0;0;0;0;0;0.00;0;0.00;--;0.00;0.00;Còn hàng;Chưa chọn danh mục;;;Single SKU;
https://res.bigseller.pro/sku/images/merchantsku/944484/274732_1755687785897.jpg?imageView2/1/w/300/h/300;1480;COMPLIMENT Toner 10% Glycolic Acid & Aloe Lô hội - 200ML;4607953917452;0.00;0.00;0.00;0.00;VIE GROUP HCM;Default Piling Area;Default Shelf;129;2;127;0;0;0.00;0;11.30;11;58000.00;7482000.00;Còn hàng;Chưa chọn danh mục;;;Single SKU;
https://res.bigseller.pro/sku/images/merchantsku/944484/527241_1749867307782.jpg?imageView2/1/w/300/h/300;1491;Compliment serum 5% Glycolic Acid & Niacinamide giảm và ngừa mụn, mờ thâm cho da dầu mụn 27ml;;0.00;0.00;0.00;0.00;VIE GROUP HCM;Default Piling Area;Default Shelf;0;0;0;0;0;0.00;0;0.00;--;0.00;0.00;Còn hàng;Chưa chọn danh mục;;;Single SKU;
https://res.bigseller.pro/sku/images/merchantsku/944484/955812_1754365623530.jpg?imageView2/1/w/300/h/300;1514;COSRX Sữa Rửa Mặt Low pH Good Morning Gel Cleanser - 150ml;8809416470511;0.00;0.00;0.00;0.00;VIE GROUP HCM;Default Piling Area;Default Shelf;64;14;50;0;0;0.00;0;1.20;41;119161.95;7626364.80;Còn hàng;Chưa chọn danh mục;;;Single SKU;
https://res.bigseller.pro/sku/images/merchantsku/944484/835800_1754361508032.jpg?imageView2/1/w/300/h/300;1515;COTTAGE Sữa tắm Shower Bath and Moisturising 750ml - Delightful Violet;;0.00;0.00;0.00;0.00;VIE GROUP HCM;Default Piling Area;Default Shelf;0;0;0;0;0;0.00;0;0.00;--;0.00;0.00;Ngừng bán;Chưa chọn danh mục;;;Single SKU;
https://res.bigseller.pro/sku/images/merchantsku/944484/454753_1754365822126.jpg?imageView2/1/w/300/h/300;1516;COTTAGE Sữa tắm Shower Bath and Moisturising 750ml - Hương Vanille 750ml;;0.00;0.00;0.00;0.00;VIE GROUP HCM;Default Piling Area;Default Shelf;0;0;0;0;0;0.00;0;0.00;--;0.00;0.00;Ngừng bán;Chưa chọn danh mục;;;Single SKU;
https://res.bigseller.pro/sku/images/merchantsku/944484/043963_1754365725104.jpg?imageView2/1/w/300/h/300;1518;COTTAGE Sữa tắm Shower Bath and Moisturising 750ml - Smoothies Passion;;0.00;0.00;0.00;0.00;VIE GROUP HCM;Default Piling Area;Default Shelf;0;0;0;0;0;0.00;0;0.00;--;0.00;0.00;Ngừng bán;Chưa chọn danh mục;;;Single SKU;
https://res.bigseller.pro/sku/images/merchantsku/944484/978283_1754366317722.jpg?imageView2/1/w/300/h/300;1519;COTTAGE Sữa tắm Shower Bath and Moisturising 750ml - Strawberry & Mint;;0.00;0.00;0.00;0.00;VIE GROUP HCM;Default Piling Area;Default Shelf;0;0;0;0;0;0.00;0;0.00;--;0.00;0.00;Ngừng bán;Chưa chọn danh mục;;;Single SKU;
https://res.bigseller.pro/sku/images/merchantsku/944484/315006_1755553184658.jpg?imageView2/1/w/300/h/300;1520;COTTAGE Sữa tắm Shower Bath and Moisturising 750ml - Sweet Marshmallow;;0.00;0.00;0.00;0.00;VIE GROUP HCM;Default Piling Area;Default Shelf;0;0;0;0;0;0.00;0;0.00;--;0.00;0.00;Ngừng bán;Chưa chọn danh mục;;;Single SKU;
https://res.bigseller.pro/sku/images/merchantsku/944484/199249_1754366312759.jpg?imageView2/1/w/300/h/300;1522;COW Sữa tắm Milky Body Soap 550ml - HƯƠNG HOA CỎ;4901525011648;0.00;0.00;0.00;0.00;VIE GROUP HCM;Default Piling Area;Default Shelf;0;0;0;0;0;0.00;0;0.00;0;80000.00;0.00;Ngừng bán;Chưa chọn danh mục;;;Single SKU;
https://res.bigseller.pro/sku/images/merchantsku/944484/636393_1754365814499.jpg?imageView2/1/w/300/h/300;1533;DẠ HƯƠNG DDVS Tươi mới - 120ml;;0.00;0.00;0.00;0.00;VIE GROUP HCM;Default Piling Area;Default Shelf;0;0;0;0;0;0.00;0;0.00;--;0.00;0.00;Ngừng bán;Chưa chọn danh mục;;;Single SKU;
https://res.bigseller.pro/sku/images/merchantsku/944484/966027_1754366313669.jpg?imageView2/1/w/300/h/300;1539;D'ALBA Serum DALBA First Spray Serum 50ml [XT];;0.00;0.00;0.00;0.00;VIE GROUP HCM;Default Piling Area;Default Shelf;0;0;0;0;0;0.00;0;0.00;--;0.00;0.00;Ngừng bán;Chưa chọn danh mục;;;Single SKU;
https://res.bigseller.pro/sku/images/merchantsku/944484/832063_1754361510168.jpg?imageView2/1/w/300/h/300;1541;D'alba Kem chống nắng nâng tông da Waterfull Tone-up Sun Cream SPF 50+ 50ml - Tím -;8809971480017;0.00;0.00;0.00;0.00;VIE GROUP HCM;Default Piling Area;Default Shelf;0;0;0;0;0;0.00;0;0.00;--;0.00;0.00;Còn hàng;Chưa chọn danh mục;;;Single SKU;
https://res.bigseller.pro/sku/images/merchantsku/944484/803203_1754366320243.jpg?imageView2/1/w/300/h/300;1542;Bột tẩy vết bẩn cho quần áo trắng Denkmit Oxi Power - 750g;;0.00;0.00;0.00;0.00;VIE GROUP HCM;Default Piling Area;Default Shelf;0;0;0;0;0;0.00;0;0.00;--;0.00;0.00;Ngừng bán;Chưa chọn danh mục;;;Single SKU;
https://res.bigseller.pro/sku/images/merchantsku/944484/054162_1754365617405.jpg?imageView2/1/w/300/h/300;1550;DERMABLOCK Kem Chống Nắng  Sun Cream SPF50+ PA++++ - #Tone Up;8809694625702;0.00;0.00;0.00;0.00;VIE GROUP HCM;Default Piling Area;Default Shelf;12;0;12;0;0;0.00;0;0.00;--;125472.38;1505668.56;Còn hàng;Chưa chọn danh mục;;;Single SKU;
https://res.bigseller.pro/sku/images/merchantsku/944484/689007_1754366306031.jpg?imageView2/1/w/300/h/300;1561;DIANA băng vệ sinh ngày & đêm kháng khuẩn 20 miếng;;0.00;0.00;0.00;0.00;VIE GROUP HCM;Default Piling Area;Default Shelf;9;0;9;0;0;0.00;0;0.00;--;10000.00;90000.00;Còn hàng;Chưa chọn danh mục;;;Single SKU;
https://res.bigseller.pro/sku/images/merchantsku/944484/914783_1754365815522.jpg?imageView2/1/w/300/h/300;1563;DIANA BVS SenSi Cool Fresh Hàng Ngày - 20 miếng;8934755010439;0.00;0.00;0.00;0.00;VIE GROUP HCM;Default Piling Area;Default Shelf;0;0;0;0;0;0.00;0;0.00;--;0.00;0.00;Ngừng bán;Chưa chọn danh mục;;;Single SKU;
https://res.bigseller.pro/sku/images/merchantsku/944484/257422_1754365623596.jpg?imageView2/1/w/300/h/300;1564;DIANA BVS SenSi Cool Fresh Hàng Ngày - 40 miếng;8934755014321;0.00;0.00;0.00;0.00;VIE GROUP HCM;Default Piling Area;Default Shelf;0;0;0;0;0;0.00;0;0.00;--;0.00;0.00;Ngừng bán;Chưa chọn danh mục;;;Single SKU;
https://res.bigseller.pro/sku/images/merchantsku/944484/268285_1755015213098.jpg?imageView2/1/w/300/h/300;1566;DIANA BVS Sensi dạng quần - Size M L (2+1);;0.00;0.00;0.00;0.00;VIE GROUP HCM;Default Piling Area;Default Shelf;0;0;0;0;0;0.00;0;0.00;--;0.00;0.00;Còn hàng;Chưa chọn danh mục;;;Single SKU;
https://res.bigseller.pro/sku/images/merchantsku/944484/162203_1754365718199.jpg?imageView2/1/w/300/h/300;1567;DIANA BVS Sensi dạng quần - Size S M;;0.00;0.00;0.00;0.00;VIE GROUP HCM;Default Piling Area;Default Shelf;0;0;0;0;0;0.00;0;0.00;--;0.00;0.00;Còn hàng;Chưa chọn danh mục;;;Single SKU;
https://res.bigseller.pro/sku/images/merchantsku/944484/255987_1759739568648.jpg?imageView2/1/w/300/h/300;1571;Dnee Dầu Masage Cho Bé 200ml - Hồng;;0.00;0.00;0.00;0.00;VIE GROUP HCM;Default Piling Area;Default Shelf;0;0;0;0;0;0.00;0;0.00;--;0.00;0.00;Còn hàng;Chưa chọn danh mục;;;Single SKU;
https://res.bigseller.pro/sku/images/merchantsku/944484/477996_1759069344486.jpg?imageView2/1/w/300/h/300;1573;DNEE Sữa Dưỡng Thể Cho Bé D-NEE 300mL - Always Happy - XANH;8851989063003;0.00;0.00;0.00;0.00;VIE GROUP HCM;Default Piling Area;Default Shelf;0;0;0;0;0;0.00;0;1.00;0;0.00;0.00;Còn hàng;Chưa chọn danh mục;;;Single SKU;
https://res.bigseller.pro/sku/images/merchantsku/944484/897974_1758198331606.jpg?imageView2/1/w/300/h/300;1574;DNEE Sữa Dưỡng Thể Cho Bé D-NEE 300mL - Sakura - HỒNG;8851989061290;0.00;0.00;0.00;0.00;VIE GROUP HCM;Default Piling Area;Default Shelf;0;0;0;0;0;0.00;0;0.00;--;0.00;0.00;Còn hàng;Chưa chọn danh mục;;;Single SKU;
https://res.bigseller.pro/sku/images/merchantsku/944484/382931_1758198533802.jpg?imageView2/1/w/300/h/300;1575;DNEE Sữa Dưỡng Thể Cho Bé D-NEE 300mL - Sweet Dream - TÍM;8851989066349;0.00;0.00;0.00;0.00;VIE GROUP HCM;Default Piling Area;Default Shelf;0;0;0;0;0;0.00;0;0.00;--;0.00;0.00;Còn hàng;Chưa chọn danh mục;;;Single SKU;
https://res.bigseller.pro/sku/images/merchantsku/944484/616409_1754365630801.jpg?imageView2/1/w/300/h/300;1576;DNEE Tắm gội toàn thân cho bé Từ 0 - 3 tuổi - HỒNG 200ML;8851989060408;0.00;0.00;0.00;0.00;VIE GROUP HCM;Default Piling Area;Default Shelf;0;0;0;0;0;0.00;0;0.00;--;0.00;0.00;Còn hàng;Chưa chọn danh mục;;;Single SKU;
https://res.bigseller.pro/sku/images/merchantsku/944484/493579_1754366221416.jpg?imageView2/1/w/300/h/300;1577;DNEE Tắm gội toàn thân cho bé Từ 0 - 3 tuổi - HỒNG 380ML;8851989060422;0.00;0.00;0.00;0.00;VIE GROUP HCM;Default Piling Area;Default Shelf;0;0;0;0;0;0.00;0;0.00;--;0.00;0.00;Còn hàng;Chưa chọn danh mục;;;Single SKU;
https://res.bigseller.pro/sku/images/merchantsku/944484/989791_1754365725139.jpg?imageView2/1/w/300/h/300;1578;DNEE Tắm gội toàn thân cho bé Từ 0 - 3 tuổi - HỒNG 800ML;;0.00;0.00;0.00;0.00;VIE GROUP HCM;Default Piling Area;Default Shelf;0;0;0;0;0;0.00;0;0.00;--;0.00;0.00;Còn hàng;Chưa chọn danh mục;;;Single SKU;
https://res.bigseller.pro/sku/images/merchantsku/944484/815881_1754366317756.jpg?imageView2/1/w/300/h/300;1579;DNEE Tắm gội toàn thân cho bé Từ 0 - 3 tuổi - TÍM 200ML;8851989066301;0.00;0.00;0.00;0.00;VIE GROUP HCM;Default Piling Area;Default Shelf;0;0;0;0;0;0.00;0;0.00;--;0.00;0.00;Còn hàng;Chưa chọn danh mục;;;Single SKU;
https://res.bigseller.pro/sku/images/merchantsku/944484/848929_1754365913314.jpg?imageView2/1/w/300/h/300;1580;DNEE Tắm gội toàn thân cho bé Từ 0 - 3 tuổi - TÍM 380ML;;0.00;0.00;0.00;0.00;VIE GROUP HCM;Default Piling Area;Default Shelf;0;0;0;0;0;0.00;0;0.00;--;0.00;0.00;Còn hàng;Chưa chọn danh mục;;;Single SKU;
https://res.bigseller.pro/sku/images/merchantsku/944484/604843_1754998313948.jpg?imageView2/1/w/300/h/300;1581;DNEE Tắm gội toàn thân cho bé Từ 0 - 3 tuổi - TÍM 800ML;;0.00;0.00;0.00;0.00;VIE GROUP HCM;Default Piling Area;Default Shelf;1;0;1;0;0;0.00;0;0.00;--;105294.21;105294.21;Còn hàng;Chưa chọn danh mục;;;Single SKU;
https://res.bigseller.pro/sku/images/merchantsku/944484/553482_1754365725097.jpg?imageView2/1/w/300/h/300;1583;DNEE Tắm gội toàn thân cho bé Từ 0 - 3 tuổi - XANH DƯƠNG 380ML;8851989060392;0.00;0.00;0.00;0.00;VIE GROUP HCM;Default Piling Area;Default Shelf;0;0;0;0;0;0.00;0;0.00;--;0.00;0.00;Còn hàng;Chưa chọn danh mục;;;Single SKU;
https://res.bigseller.pro/sku/images/merchantsku/944484/811131_1754366317814.jpg?imageView2/1/w/300/h/300;1584;DNEE Tắm gội toàn thân cho bé Từ 0 - 3 tuổi - XANH DƯƠNG 800ML;8851989061658;0.00;0.00;0.00;0.00;VIE GROUP HCM;Default Piling Area;Default Shelf;0;0;0;0;0;0.00;0;0.00;--;0.00;0.00;Còn hàng;Chưa chọn danh mục;;;Single SKU;
https://res.bigseller.pro/sku/images/merchantsku/944484/899809_1754365913648.jpg?imageView2/1/w/300/h/300;1585;DNEE Tắm gội toàn thân cho bé Từ 0 - 3 tuổi - XANH LÁ 200ML;8851989061832;0.00;0.00;0.00;0.00;VIE GROUP HCM;Default Piling Area;Default Shelf;0;0;0;0;0;0.00;0;0.00;--;0.00;0.00;Còn hàng;Chưa chọn danh mục;;;Single SKU;
https://res.bigseller.pro/sku/images/merchantsku/944484/021838_1756124845686.jpg?imageView2/1/w/300/h/300;1586;DNEE Tắm gội toàn thân cho bé Từ 0 - 3 tuổi - XANH LÁ 380ML;8851989061849;0.00;0.00;0.00;0.00;VIE GROUP HCM;Default Piling Area;Default Shelf;0;0;0;0;0;0.00;0;0.00;--;0.00;0.00;Còn hàng;Chưa chọn danh mục;;;Single SKU;
https://res.bigseller.pro/sku/images/merchantsku/944484/117831_1755553018704.jpg?imageView2/1/w/300/h/300;1587;DNEE Tắm gội toàn thân cho bé Từ 0 - 3 tuổi - XANH LÁ 800ML;8851989062419;0.00;0.00;0.00;0.00;VIE GROUP HCM;Default Piling Area;Default Shelf;0;0;0;0;0;0.00;0;0.00;--;0.00;0.00;Còn hàng;Chưa chọn danh mục;;;Single SKU;
https://res.bigseller.pro/sku/images/merchantsku/944484/724676_1754366212414.jpg?imageView2/1/w/300/h/300;1624;EKSEPTION Tinh Chất Dưỡng Hyaluronic Peptides Mixlab Dưỡng Ẩm Và Giảm Nếp Nhăn 75ml;;0.00;0.00;0.00;0.00;VIE GROUP HCM;Default Piling Area;Default Shelf;0;0;0;0;0;0.00;0;0.00;--;0.00;0.00;Còn hàng;EKSEPTION;;;Single SKU;
https://res.bigseller.pro/sku/images/merchantsku/944484/615852_1754366213576.jpg?imageView2/1/w/300/h/300;1627;ELASTEN Collagen dạng nước chính hãng Đức ống 25ml – 12 ống;;0.00;0.00;0.00;0.00;VIE GROUP HCM;Default Piling Area;Default Shelf;0;0;0;0;0;0.00;0;0.00;--;0.00;0.00;Còn hàng;Chưa chọn danh mục;;;Single SKU;
https://res.bigseller.pro/sku/images/merchantsku/944484/125878_1754365622464.jpg?imageView2/1/w/300/h/300;1628;ELASTEN Collagen dạng nước chính hãng Đức ống 25ml – 6 ống;;0.00;0.00;0.00;0.00;VIE GROUP HCM;Default Piling Area;Default Shelf;0;0;0;0;0;0.00;0;0.00;--;0.00;0.00;Còn hàng;Chưa chọn danh mục;;;Single SKU;
https://res.bigseller.pro/sku/images/merchantsku/944484/826740_1755552877352.jpg?imageView2/1/w/300/h/300;1630;Elasten Nước Uống Collagen Elasten Thủy Phân 28 Ống x 25ml (1 hộp );;0.00;0.00;0.00;0.00;VIE GROUP HCM;Default Piling Area;Default Shelf;0;0;0;0;0;0.00;0;2.00;0;1733214.29;0.00;Còn hàng;Chưa chọn danh mục;;;Single SKU;
https://res.bigseller.pro/sku/images/merchantsku/944484/469942_1754364216626.jpg?imageView2/1/w/300/h/300;1647;ETIAXIL Xịt giảm mụn Déodorant Végétal 24h - Xịt thường 100ml;;0.00;0.00;0.00;0.00;VIE GROUP HCM;Default Piling Area;Default Shelf;0;0;0;0;0;0.00;0;0.00;--;0.00;0.00;Ngừng bán;Chưa chọn danh mục;;;Single SKU;
https://res.bigseller.pro/sku/images/merchantsku/944484/693555_1754365913735.jpg?imageView2/1/w/300/h/300;1660;EVELINE Kem dưỡng da Glycol Therapy 7% 50ml;;0.00;0.00;0.00;0.00;VIE GROUP HCM;Default Piling Area;Default Shelf;0;0;0;0;0;0.00;0;0.00;--;0.00;0.00;Còn hàng;Chưa chọn danh mục;;;Single SKU;
https://res.bigseller.pro/sku/images/merchantsku/944484/55040023_1728291173735.jpg?imageView2/1/w/300/h/300;1673;FLOSLEK Kem dưỡng Anti Acne Mattifying Cream 50ml;;0.00;0.00;0.00;0.00;VIE GROUP HCM;Default Piling Area;Default Shelf;0;0;0;0;0;0.00;0;0.12;0;330100.00;0.00;Còn hàng;Chưa chọn danh mục;;;Single SKU;
https://res.bigseller.pro/sku/images/merchantsku/944484/041655_1754366217629.jpg?imageView2/1/w/300/h/300;1674;FLOSLEK Kem dưỡng Anti Acne Mattifying Cream 50ml [XT];5905043022727;0.00;0.00;0.00;0.00;VIE GROUP HCM;Default Piling Area;Default Shelf;0;0;0;0;0;0.00;0;0.00;--;0.00;0.00;Ngừng bán;Chưa chọn danh mục;;;Single SKU;
https://res.bigseller.pro/sku/images/merchantsku/944484/311577_1754365718099.jpg?imageView2/1/w/300/h/300;1676;FLOSLEK Kem gel chấm mụn FLOSLEK 20ml [XT];;0.00;0.00;0.00;0.00;VIE GROUP HCM;Default Piling Area;Default Shelf;0;0;0;0;0;0.00;0;0.00;--;0.00;0.00;Ngừng bán;Chưa chọn danh mục;;;Single SKU;
https://res.bigseller.pro/sku/images/merchantsku/944484/442066_1754919950061.jpg?imageView2/1/w/300/h/300;1790;INNOSKIN Kem Chống Nắng B3+ Suncream 50g – Tím (da dầu);;0.00;0.00;0.00;0.00;VIE GROUP HCM;Default Piling Area;Default Shelf;1;0;1;0;0;0.00;0;0.00;--;205526.32;205526.32;Còn hàng;Chưa chọn danh mục;;;Single SKU;
https://res.bigseller.pro/sku/images/merchantsku/944484/207122_1754365630684.jpg?imageView2/1/w/300/h/300;1795;INTIMATE Dung Dịch Vệ Sinh Phụ Nữ Ya Samaya 265ml - COMFORT (Xanh);4600999032080;0.00;0.00;0.00;0.00;VIE GROUP HCM;Default Piling Area;Default Shelf;3;0;3;0;0;0.00;0;0.00;--;45340.72;136022.16;Còn hàng;Chưa chọn danh mục;;;Single SKU;
https://res.bigseller.pro/sku/images/merchantsku/944484/575329_1754366222186.jpg?imageView2/1/w/300/h/300;1796;INTIMATE Dung Dịch Vệ Sinh Phụ Nữ Ya Samaya 265ml - DELICATE (Tím);4600999020728;0.00;0.00;0.00;0.00;VIE GROUP HCM;Default Piling Area;Default Shelf;0;0;0;0;0;0.00;0;0.00;--;45070.65;0.00;Còn hàng;Chưa chọn danh mục;;;Single SKU;
https://res.bigseller.pro/sku/images/merchantsku/944484/559834_1754365724899.jpg?imageView2/1/w/300/h/300;1797;INTIMATE Dung Dịch Vệ Sinh Phụ Nữ Ya Samaya 265ml - SENSITIVE (Hồng);4650001689122;0.00;0.00;0.00;0.00;VIE GROUP HCM;Default Piling Area;Default Shelf;0;0;0;0;0;0.00;0;0.00;--;45426.47;0.00;Còn hàng;Chưa chọn danh mục;;;Single SKU;
https://res.bigseller.pro/sku/images/merchantsku/944484/444363_1754366317786.jpg?imageView2/1/w/300/h/300;1799;ISANA Bông Tẩy Trang Wattepads 100% Cotton- 140 miếng [XT];;0.00;0.00;0.00;0.00;VIE GROUP HCM;Default Piling Area;Default Shelf;0;0;0;0;0;0.00;0;0.00;--;0.00;0.00;Ngừng bán;Chưa chọn danh mục;;;Single SKU;
https://res.bigseller.pro/sku/images/merchantsku/944484/650845_1757062412936.jpg?imageView2/1/w/300/h/300;1801;JMSolution Nước Tẩy Trang Hàn Quốc - 500ml Vàng;8809696354976;0.00;0.00;0.00;0.00;VIE GROUP HCM;Default Piling Area;Default Shelf;2;0;2;0;0;0.00;0;0.00;--;105670.89;211341.78;Còn hàng;Chưa chọn danh mục;;;Single SKU;
https://res.bigseller.pro/sku/images/merchantsku/944484/220262_1755553284853.jpg?imageView2/1/w/300/h/300;1802;JMSolution Nước Tẩy Trang Hyaluronic Cleansing Water - Centella 500ml;8809505545120;0.00;0.00;0.00;0.00;VIE GROUP HCM;Default Piling Area;Default Shelf;0;0;0;0;0;0.00;0;0.00;--;0.00;0.00;Còn hàng;Chưa chọn danh mục;;;Single SKU;
https://res.bigseller.pro/sku/images/merchantsku/944484/532753_1774577758657.jpg?imageView2/1/w/300/h/300;1806;JMsolution - Mặt Nạ B5 Whitening Dưỡng Sáng & Cấp Ẩm 30ml - B5+ CICA CALMING XANH LÁ;;0.00;0.00;0.00;0.00;VIE GROUP HCM;Default Piling Area;Default Shelf;0;0;0;0;0;0.00;0;0.00;--;0.00;0.00;Còn hàng;Chưa chọn danh mục;;;Single SKU;
https://res.bigseller.pro/sku/images/merchantsku/944484/421220_1774577700573.jpg?imageView2/1/w/300/h/300;1807;JMsolution - Mặt Nạ B5 Whitening Dưỡng Sáng & Cấp Ẩm 30ml - B5+ ECTOIN CAM;;0.00;0.00;0.00;0.00;VIE GROUP HCM;Default Piling Area;Default Shelf;0;0;0;0;0;0.00;0;0.00;--;0.00;0.00;Còn hàng;Chưa chọn danh mục;;;Single SKU;
https://res.bigseller.pro/sku/images/merchantsku/944484/606001_1774577290541.jpg?imageView2/1/w/300/h/300;1809;JMsolution - Mặt Nạ B5 Whitening Dưỡng Sáng & Cấp Ẩm 30ml - B5+ RETINOL TÍM;;0.00;0.00;0.00;0.00;VIE GROUP HCM;Default Piling Area;Default Shelf;0;0;0;0;0;0.00;0;0.00;--;0.00;0.00;Còn hàng;Chưa chọn danh mục;;;Single SKU;
https://res.bigseller.pro/sku/images/merchantsku/944484/932002_1774577225599.jpg?imageView2/1/w/300/h/300;1810;JMsolution - Mặt Nạ B5 Whitening Dưỡng Sáng & Cấp Ẩm 30ml - B5+ VITA CAM;;0.00;0.00;0.00;0.00;VIE GROUP HCM;Default Piling Area;Default Shelf;0;0;0;0;0;0.00;0;0.00;--;0.00;0.00;Còn hàng;Chưa chọn danh mục;;;Single SKU;
https://res.bigseller.pro/sku/images/merchantsku/944484/249131_1765779348913.jpg?imageView2/1/w/300/h/300;1813;Jmella  Sữa Tắm Hương Nước Hoa Jmella In France Body Wash 1000ml NO.5;;0.00;0.00;0.00;0.00;VIE GROUP HCM;Default Piling Area;Default Shelf;0;0;0;0;0;0.00;0;0.00;--;113337.35;0.00;Còn hàng;Chưa chọn danh mục;;;Single SKU;
https://res.bigseller.pro/sku/images/merchantsku/944484/946646_1768471385087.jpg?imageView2/1/w/300/h/300;1814;JMELLA Kem Dưỡng Da Tay Hương Nước Hoa Perfume Hand Cream 50ml - No.1 Blooming Peony;;0.00;0.00;0.00;0.00;VIE GROUP HCM;Default Piling Area;Default Shelf;0;0;0;0;0;0.00;0;0.00;--;0.00;0.00;Còn hàng;Chưa chọn danh mục;;;Single SKU;
https://res.bigseller.pro/sku/images/merchantsku/944484/107962_1768483791341.jpg?imageView2/1/w/300/h/300;1815;JMELLA Kem Dưỡng Da Tay Hương Nước Hoa Perfume Hand Cream 50ml - No.2 Femme Fatale;;0.00;0.00;0.00;0.00;VIE GROUP HCM;Default Piling Area;Default Shelf;0;0;0;0;0;0.00;0;0.00;--;0.00;0.00;Còn hàng;Chưa chọn danh mục;;;Single SKU;
https://res.bigseller.pro/sku/images/merchantsku/944484/659065_1768482256988.jpg?imageView2/1/w/300/h/300;1816;JMELLA Kem Dưỡng Da Tay Hương Nước Hoa Perfume Hand Cream 50ml - No.3 Lime & Basil;;0.00;0.00;0.00;0.00;VIE GROUP HCM;Default Piling Area;Default Shelf;0;0;0;0;0;0.00;0;0.00;--;0.00;0.00;Còn hàng;Chưa chọn danh mục;;;Single SKU;
https://res.bigseller.pro/sku/images/merchantsku/944484/766571_1768483457520.jpg?imageView2/1/w/300/h/300;1817;JMELLA Kem Dưỡng Da Tay Hương Nước Hoa Perfume Hand Cream 50ml - No.4 Queen 5;;0.00;0.00;0.00;0.00;VIE GROUP HCM;Default Piling Area;Default Shelf;0;0;0;0;0;0.00;0;0.00;--;0.00;0.00;Còn hàng;Chưa chọn danh mục;;;Single SKU;
https://res.bigseller.pro/sku/images/merchantsku/944484/878474_1768691635426.jpg?imageView2/1/w/300/h/300;1818;JMELLA Kem Dưỡng Da Tay Hương Nước Hoa Perfume Hand Cream 50ml - No.5 Sparkling Rose;;0.00;0.00;0.00;0.00;VIE GROUP HCM;Default Piling Area;Default Shelf;0;0;0;0;0;0.00;0;0.00;--;0.00;0.00;Còn hàng;Chưa chọn danh mục;;;Single SKU;
https://res.bigseller.pro/sku/images/merchantsku/944484/892845_1763346883326.jpg?imageView2/1/w/300/h/300;1819;Jmella SET Sữa Tắm Hương Nước Hoa Jmella In France Body Wash 1000ml NO.5 + Bông tắm;;0.00;0.00;0.00;0.00;VIE GROUP HCM;Default Piling Area;Default Shelf;5;0;5;0;0;0.00;0;6.83;0;132386.79;661933.95;Còn hàng;Chưa chọn danh mục;;;Single SKU;
https://res.bigseller.pro/sku/images/merchantsku/944484/252843_1763346786961.jpg?imageView2/1/w/300/h/300;1820;Jmella SET Sữa Tắm Hương Nước Hoa Jmella In France Body Wash 500ml -  NO.2 + Bông tắm;;0.00;0.00;0.00;0.00;VIE GROUP HCM;Default Piling Area;Default Shelf;0;0;0;0;0;0.00;0;1.75;0;91075.00;0.00;Còn hàng;Chưa chọn danh mục;;;Single SKU;
https://res.bigseller.pro/sku/images/merchantsku/944484/766445_1766418061810.jpg?imageView2/1/w/300/h/300;1822;Jmella Sữa Tắm Hương Nước Hoa Jmella In France Body Wash  - No.1 Blooming Peony 1000ml;;0.00;0.00;0.00;0.00;VIE GROUP HCM;Default Piling Area;Default Shelf;0;0;0;0;0;0.00;0;0.00;--;0.00;0.00;Còn hàng;Chưa chọn danh mục;;;Single SKU;
https://res.bigseller.pro/sku/images/merchantsku/944484/380658_1766418015549.jpg?imageView2/1/w/300/h/300;1823;Jmella Sữa Tắm Hương Nước Hoa Jmella In France Body Wash  - No.1 Blooming Peony 500ml;;0.00;0.00;0.00;0.00;VIE GROUP HCM;Default Piling Area;Default Shelf;0;0;0;0;0;0.00;0;0.00;--;0.00;0.00;Còn hàng;Chưa chọn danh mục;;;Single SKU;
https://res.bigseller.pro/sku/images/merchantsku/944484/532528_1766418018557.jpg?imageView2/1/w/300/h/300;1824;Jmella Sữa Tắm Hương Nước Hoa Jmella In France Body Wash  - No.2 Femme Fatale 1000ml;;0.00;0.00;0.00;0.00;VIE GROUP HCM;Default Piling Area;Default Shelf;0;0;0;0;0;0.00;0;0.00;--;133693.07;0.00;Còn hàng;Chưa chọn danh mục;;;Single SKU;
https://res.bigseller.pro/sku/images/merchantsku/944484/619530_1766418017566.jpg?imageView2/1/w/300/h/300;1825;Jmella Sữa Tắm Hương Nước Hoa Jmella In France Body Wash  - No.2 Femme Fatale 500ml;;0.00;0.00;0.00;0.00;VIE GROUP HCM;Default Piling Area;Default Shelf;0;0;0;0;0;0.00;0;0.00;--;0.00;0.00;Còn hàng;Chưa chọn danh mục;;;Single SKU;
https://res.bigseller.pro/sku/images/merchantsku/944484/909373_1754365810649.jpg?imageView2/1/w/300/h/300;1828;Johnson's Baby Sữa Tắm Gội toàn thân Cho Bé - Dành cho trẻ sơ sinh và trẻ nhỏ Cotton Touch Trắng - 200ml -;;0.00;0.00;0.00;0.00;VIE GROUP HCM;Default Piling Area;Default Shelf;0;0;0;0;0;0.00;0;0.00;--;0.00;0.00;Còn hàng;Chưa chọn danh mục;;;Single SKU;
https://res.bigseller.pro/sku/images/merchantsku/944484/718827_1754365623792.jpg?imageView2/1/w/300/h/300;1834;JOHNSON'S Dầu gội Baby Tangle Shampoo Tím - 200ml;4801010525103;0.00;0.00;0.00;0.00;VIE GROUP HCM;Default Piling Area;Default Shelf;0;0;0;0;0;0.00;0;0.00;--;0.00;0.00;Còn hàng;Chưa chọn danh mục;;;Single SKU;
https://res.bigseller.pro/sku/images/merchantsku/944484/941964_1754365817126.jpg?imageView2/1/w/300/h/300;1858;JOHNSON'S Sữa tắm gội Baby Top-To-Toe Hair & Body (Vàng) - 200ml;9556006012093;0.00;0.00;0.00;0.00;VIE GROUP HCM;Default Piling Area;Default Shelf;105;9;96;0;0;0.00;0;3.90;24;58452.40;6137502.00;Còn hàng;Chưa chọn danh mục;;;Single SKU;
https://res.bigseller.pro/sku/images/merchantsku/944484/738968_1755552876873.jpg?imageView2/1/w/300/h/300;1871;KAI Bộ 3 Dao Cạo Lông Mày & Mặt PRETTY;4901331012860;0.00;0.00;0.00;0.00;VIE GROUP HCM;Default Piling Area;Default Shelf;0;0;0;0;0;0.00;0;0.00;--;0.00;0.00;Còn hàng;Chưa chọn danh mục;;;Single SKU;
https://res.bigseller.pro/sku/images/merchantsku/944484/060860_1775269375340.jpg?imageView2/1/w/300/h/300;1888;KEYSHU TRIKI PLUS Chấm Mụn 20ml;;0.00;0.00;0.00;0.00;VIE GROUP HCM;Default Piling Area;Default Shelf;0;0;0;0;0;0.00;0;0.00;--;0.00;0.00;Còn hàng;Chưa chọn danh mục;;;Single SKU;
https://res.bigseller.pro/sku/images/merchantsku/944484/514073_1772177989909.jpg?imageView2/1/w/300/h/300;1890;KLAIR Nước Hoa Hồng Dear, Klairs Freshly Juiced Vitamin 30ml;;0.00;0.00;0.00;0.00;VIE GROUP HCM;Default Piling Area;Default Shelf;0;0;0;0;0;0.00;0;0.00;--;0.00;0.00;Còn hàng;KLAIRS;;;Single SKU;
https://res.bigseller.pro/sku/images/merchantsku/944484/986612_1754366307157.jpg?imageView2/1/w/300/h/300;1908;KPEM Kem Phục Hồi Nứt Nẻ Gót Chân - Fullsize 50mL;;0.00;0.00;0.00;0.00;VIE GROUP HCM;Default Piling Area;Default Shelf;0;0;0;0;0;0.00;0;0.00;--;33764.71;0.00;Còn hàng;Chưa chọn danh mục;;;Single SKU;
https://res.bigseller.pro/sku/images/merchantsku/944484/714923_1754365912375.jpg?imageView2/1/w/300/h/300;1966;LISTERINE Nước Súc Miệng Total Care Sensitive - 750ML;8850007816645;0.00;0.00;0.00;0.00;VIE GROUP HCM;Default Piling Area;Default Shelf;0;0;0;0;0;0.00;0;0.00;--;0.00;0.00;Còn hàng;LISTERINE;;;Single SKU;
https://res.bigseller.pro/sku/images/merchantsku/944484/961738_1754365720625.jpg?imageView2/1/w/300/h/300;1994;LRP Gel Tẩy Tế Bào Chết Ultra Fine Scrub Sensitive Skin 50ml;3337872411403;0.00;0.00;0.00;0.00;VIE GROUP HCM;Default Piling Area;Default Shelf;0;0;0;0;0;0.00;0;0.00;--;0.00;0.00;Còn hàng;Chưa chọn danh mục;;;Single SKU;
https://res.bigseller.pro/sku/images/merchantsku/944484/512260_1754366312266.jpg?imageView2/1/w/300/h/300;1995;LRP Kem Chống Nắng Anthelios Oil Correct Daily Gel-Cream SPF50+ 50ml;3337875797467;0.00;0.00;0.00;0.00;VIE GROUP HCM;Default Piling Area;Default Shelf;0;0;0;0;0;0.00;0;0.00;--;0.00;0.00;Còn hàng;Chưa chọn danh mục;;;Single SKU;
https://res.bigseller.pro/sku/images/merchantsku/944484/684915_1754919949820.jpg?imageView2/1/w/300/h/300;1998;LRP Kem Chống Nắng Anthelios UVMUNE400 Invisible Fluid SPF50+ 50ml - VẠCH VÀNG;3337875797597;0.00;0.00;0.00;0.00;VIE GROUP HCM;Default Piling Area;Default Shelf;10;0;10;0;0;0.00;0;0.00;--;369983.23;3699832.30;Còn hàng;Chưa chọn danh mục;;;Single SKU;
https://res.bigseller.pro/sku/images/merchantsku/944484/026938_1754365820493.jpg?imageView2/1/w/300/h/300;2001;LRP Kem dưỡng Cicaplast B5 Ultra Repair Light Cream 40ml;;0.00;0.00;0.00;0.00;VIE GROUP HCM;Default Piling Area;Default Shelf;0;0;0;0;0;0.00;0;0.00;--;238520.00;0.00;Còn hàng;Chưa chọn danh mục;;;Single SKU;
https://res.bigseller.pro/sku/images/merchantsku/944484/122309_1754366217791.jpg?imageView2/1/w/300/h/300;2002;LRP Kem Dưỡng Cicaplast Baume B5+ Soothing Repairing Balm - 100ML;3337875816847;0.00;0.00;0.00;0.00;VIE GROUP HCM;Default Piling Area;Default Shelf;78;0;78;0;0;0.00;30;0.23;339;489941.97;38215473.66;Còn hàng;Chưa chọn danh mục;;;Single SKU;
https://res.bigseller.pro/sku/images/merchantsku/944484/931777_1790731583832.jpg?imageView2/1/w/300/h/300;2013;LRP Kem giảm mụn Effaclar A.I. 15ml;3337875609593;0.00;0.00;0.00;0.00;VIE GROUP HCM;Default Piling Area;Default Shelf;0;0;0;0;0;0.00;0;5.00;0;0.00;0.00;Còn hàng;Chưa chọn danh mục;;;Single SKU;
https://res.bigseller.pro/sku/images/merchantsku/944484/557798_1754366310423.jpg?imageView2/1/w/300/h/300;2020;LRP Sữa dưỡng Toleriane Sensitive Fluide Moisturiser 40ml;3337875588676;0.00;0.00;0.00;0.00;VIE GROUP HCM;Default Piling Area;Default Shelf;0;0;0;0;0;0.00;0;0.00;--;0.00;0.00;Còn hàng;Chưa chọn danh mục;;;Single SKU;
https://res.bigseller.pro/sku/images/merchantsku/944484/603714_1756125167504.jpg?imageView2/1/w/300/h/300;2029;LRP Sữa tắm Lipikar Soothing Protecting Shower Gel - 200ml;3337872418778;0.00;0.00;0.00;0.00;VIE GROUP HCM;Default Piling Area;Default Shelf;0;0;0;0;0;0.00;0;0.00;--;0.00;0.00;Còn hàng;Chưa chọn danh mục;;;Single SKU;
https://res.bigseller.pro/sku/images/merchantsku/944484/832829_1754365625509.jpg?imageView2/1/w/300/h/300;2032;LRP Xịt Khoáng Serozinc Zinc Sulfate Solution Cleansing, Soothing - 300ml;3337875565783;0.00;0.00;0.00;0.00;VIE GROUP HCM;Default Piling Area;Default Shelf;0;0;0;0;0;0.00;0;0.00;--;0.00;0.00;Còn hàng;Chưa chọn danh mục;;;Single SKU;
https://res.bigseller.pro/sku/images/merchantsku/944484/310156_1754366217782.jpg?imageView2/1/w/300/h/300;2033;LRP Xịt Khoáng Thermal Spring Water - 150ml;3433422404397;0.00;0.00;0.00;0.00;VIE GROUP HCM;Default Piling Area;Default Shelf;35;0;35;0;0;0.00;0;0.17;205;189962.63;6648692.05;Còn hàng;Chưa chọn danh mục;;;Single SKU;
https://res.bigseller.pro/sku/images/merchantsku/944484/992043_1754365720785.jpg?imageView2/1/w/300/h/300;2034;LRP Xịt Khoáng Thermal Spring Water - 300ml;3433422404403;0.00;0.00;0.00;0.00;VIE GROUP HCM;Default Piling Area;Default Shelf;28;0;28;0;0;0.00;0;0.03;933;295119.15;8263336.20;Còn hàng;Chưa chọn danh mục;;;Single SKU;
https://res.bigseller.pro/sku/images/merchantsku/944484/932919_1749284071311.jpg?imageView2/1/w/300/h/300;2038;LRP Kem Chống Nắng LA ROCHE-POSAY Anthelios UV Mune 400 Oil Control Gel Cream Cho Da Dầu 15ml;;0.00;0.00;0.00;0.00;VIE GROUP HCM;Default Piling Area;Default Shelf;0;0;0;0;0;0.00;0;0.00;--;0.00;0.00;Còn hàng;Chưa chọn danh mục;;;Single SKU;
https://res.bigseller.pro/sku/images/merchantsku/944484/286576_1754365913565.jpg?imageView2/1/w/300/h/300;2046;MAKE PREM Kem Chống Nắng Dành Cho Da Khô 50ml - Xanh Dương;;0.00;0.00;0.00;0.00;VIE GROUP HCM;Default Piling Area;Default Shelf;0;0;0;0;0;0.00;0;0.00;--;215454.55;0.00;Còn hàng;Chưa chọn danh mục;;;Single SKU;
https://res.bigseller.pro/sku/images/merchantsku/944484/305292_1754361508267.jpg?imageView2/1/w/300/h/300;2047;MAKE PREM Kem Chống Nắng Make Prem Nâng Tone 50ml - Hồng;;0.00;0.00;0.00;0.00;VIE GROUP HCM;Default Piling Area;Default Shelf;5;0;5;0;0;0.00;0;0.00;--;0.00;0.00;Còn hàng;Chưa chọn danh mục;;;Single SKU;
https://res.bigseller.pro/sku/images/merchantsku/944484/098352_1773047739854.jpg?imageView2/1/w/300/h/300;2048;Manhae Viên Uống Nội Tiết - 30 Viên;;0.00;0.00;0.00;0.00;VIE GROUP HCM;Default Piling Area;Default Shelf;0;0;0;0;0;0.00;0;0.00;--;0.00;0.00;Còn hàng;Chưa chọn danh mục;;;Single SKU;
https://res.bigseller.pro/sku/images/merchantsku/944484/982041_1771829700440.jpg?imageView2/1/w/300/h/300;2049;Manhae Viên Uống Nội Tiết - 90 Viên;;0.00;0.00;0.00;0.00;VIE GROUP HCM;Default Piling Area;Default Shelf;0;0;0;0;0;0.00;0;0.00;--;0.00;0.00;Còn hàng;Chưa chọn danh mục;;;Single SKU;
https://res.bigseller.pro/sku/images/merchantsku/944484/785025_1754366210762.jpg?imageView2/1/w/300/h/300;2097;MINHO Bông Tẩy Trang Minho Cho Da Nhạy Cảm - 230 Miếng;;0.00;0.00;0.00;0.00;VIE GROUP HCM;Default Piling Area;Default Shelf;4;0;4;0;0;0.00;0;0.00;--;35000.00;140000.00;Còn hàng;Chưa chọn danh mục;;;Single SKU;
https://res.bigseller.pro/sku/images/merchantsku/944484/060984_1764252051510.jpg?imageView2/1/w/300/h/300;2098;MINHO Bông tẩy trang - 150m;;0.00;0.00;0.00;0.00;VIE GROUP HCM;Default Piling Area;Default Shelf;9;0;9;0;0;0.00;0;0.00;--;24000.00;216000.00;Còn hàng;Chưa chọn danh mục;;;Single SKU;
https://res.bigseller.pro/sku/images/merchantsku/944484/383432_1754365903109.jpg?imageView2/1/w/300/h/300;2111;MLEN DIARY Keo Dán Mi Giả -  Fullsize 4ml;19743196;0.00;0.00;0.00;0.00;VIE GROUP HCM;Default Piling Area;Default Shelf;1;0;1;0;0;0.00;0;0.00;--;0.00;0.00;Còn hàng;Chưa chọn danh mục;;;Single SKU;
https://res.bigseller.pro/sku/images/merchantsku/944484/210990_1754366305857.jpg?imageView2/1/w/300/h/300;2113;MLEN DIARY Mascara Keo Dán - 2IN1;6974319679391;0.00;0.00;0.00;0.00;VIE GROUP HCM;Default Piling Area;Default Shelf;0;0;0;0;0;0.00;0;0.00;--;0.00;0.00;Còn hàng;Chưa chọn danh mục;;;Single SKU;
https://res.bigseller.pro/sku/images/merchantsku/944484/756527_1755687785397.jpg?imageView2/1/w/300/h/300;2115;MLEN DIARY Mi Giả Cụm Tự Dính - H.Dương Lớn (Bản Trung);6974319679537;0.00;0.00;0.00;0.00;VIE GROUP HCM;Default Piling Area;Default Shelf;0;0;0;0;0;0.00;0;0.00;--;0.00;0.00;Còn hàng;Chưa chọn danh mục;;;Single SKU;
https://res.bigseller.pro/sku/images/merchantsku/944484/807557_1754365810905.jpg?imageView2/1/w/300/h/300;2117;MLEN DIARY Mi Giả Cụm Tự Dính - Hướng Dương Hộp Nhỏ;6974319679544;0.00;0.00;0.00;0.00;VIE GROUP HCM;Default Piling Area;Default Shelf;0;0;0;0;0;0.00;0;0.00;--;0.00;0.00;Còn hàng;Chưa chọn danh mục;;;Single SKU;
https://res.bigseller.pro/sku/images/merchantsku/944484/492350_1754365716437.jpg?imageView2/1/w/300/h/300;2149;NEUTROGENA Sữa Rửa Mặt Facial Cleanser Deep Clean 150ml;8850007540151;0.00;0.00;0.00;0.00;VIE GROUP HCM;Default Piling Area;Default Shelf;0;0;0;0;0;0.00;0;0.00;--;0.00;0.00;Còn hàng;NEUTROGENA;;;Single SKU;
https://res.bigseller.pro/sku/images/merchantsku/944484/748120_1754366209254.jpg?imageView2/1/w/300/h/300;2153;NEUTROGENA Toner Alcohol Free Không Chứa Cồn 150ml;;0.00;0.00;0.00;0.00;VIE GROUP HCM;Default Piling Area;Default Shelf;0;0;0;0;0;0.00;0;0.00;--;0.00;0.00;Ngừng bán;NEUTROGENA;;;Single SKU;
https://res.bigseller.pro/sku/images/merchantsku/944484/003433_1754365912209.jpg?imageView2/1/w/300/h/300;2172;NGUYÊN XUÂN Dầu gội Dược liệu Cổ Truyền Giúp Tóc Bồng Bềnh - Vàng 450ml;;0.00;0.00;0.00;0.00;VIE GROUP HCM;Default Piling Area;Default Shelf;0;0;0;0;0;0.00;0;0.00;--;0.00;0.00;Còn hàng;Chưa chọn danh mục;;;Single SKU;
https://res.bigseller.pro/sku/images/merchantsku/944484/576555_1754365619417.jpg?imageView2/1/w/300/h/300;2186;Tampon Ob - Băng vệ sinh từ 100% cotton siêu nhỏ siêu thấm hút - 2G - 64C Comfort;;0.00;0.00;0.00;0.00;VIE GROUP HCM;Default Piling Area;Default Shelf;0;0;0;0;0;0.00;0;0.00;--;0.00;0.00;Còn hàng;Chưa chọn danh mục;;;Single SKU;
https://res.bigseller.pro/sku/images/merchantsku/944484/889181_1754365818054.jpg?imageView2/1/w/300/h/300;2194;OBAGI Tẩy Tế Bào Chết BHA 2% Clenziderm MD Pore Therapy USA - 148ml;362032612041;0.00;0.00;0.00;0.00;VIE GROUP HCM;Default Piling Area;Default Shelf;0;0;0;0;0;0.00;0;0.00;--;0.00;0.00;Ngừng bán;Chưa chọn danh mục;;;Single SKU;
https://res.bigseller.pro/sku/images/merchantsku/944484/216266_1754366315784.jpg?imageView2/1/w/300/h/300;2215;OLAY Kem dưỡng 7in1 Total Effect 50ml – Kem Đêm [XT];4084500476929;0.00;0.00;0.00;0.00;VIE GROUP HCM;Default Piling Area;Default Shelf;0;0;0;0;0;0.00;0;0.00;--;0.00;0.00;Ngừng bán;Chưa chọn danh mục;;;Single SKU;
https://res.bigseller.pro/sku/images/merchantsku/944484/803909_1754365819975.jpg?imageView2/1/w/300/h/300;2216;OLAY Kem dưỡng 7in1 Total Effect 50ml – Kem Ngày SPF15 [XT];;0.00;0.00;0.00;0.00;VIE GROUP HCM;Default Piling Area;Default Shelf;0;0;0;0;0;0.00;0;0.00;--;0.00;0.00;Ngừng bán;Chưa chọn danh mục;;;Single SKU;
https://res.bigseller.pro/sku/images/merchantsku/944484/061682_1754365723286.jpg?imageView2/1/w/300/h/300;2217;OLAY Kem dưỡng 7in1 Total Effect 50ml – Kem Ngày SPF30 [XT];;0.00;0.00;0.00;0.00;VIE GROUP HCM;Default Piling Area;Default Shelf;0;0;0;0;0;0.00;0;0.00;--;0.00;0.00;Ngừng bán;Chưa chọn danh mục;;;Single SKU;
https://res.bigseller.pro/sku/images/merchantsku/944484/758865_1754366313652.jpg?imageView2/1/w/300/h/300;2253;ORGANIC SHOP Tẩy tế bào chết cà phê [XT] Nga 75ml;;0.00;0.00;0.00;0.00;VIE GROUP HCM;Default Piling Area;Default Shelf;0;0;0;0;0;0.00;0;0.00;--;0.00;0.00;Còn hàng;Chưa chọn danh mục;;;Single SKU;
https://res.bigseller.pro/sku/images/merchantsku/944484/550754_1754365715867.jpg?imageView2/1/w/300/h/300;2258;PENATEN Sữa tắm gội trẻ em Penaten Bad & Shampoo 400ml;;0.00;0.00;0.00;0.00;VIE GROUP HCM;Default Piling Area;Default Shelf;0;0;0;0;0;0.00;0;0.00;--;0.00;0.00;Ngừng bán;Chưa chọn danh mục;;;Single SKU;
https://res.bigseller.pro/sku/images/merchantsku/944484/470610_1754365720528.jpg?imageView2/1/w/300/h/300;2275;PRETTYSKIN Nước tẩy trang Cleansing Water Rau Má Jeju Cica 500ml;;0.00;0.00;0.00;0.00;VIE GROUP HCM;Default Piling Area;Default Shelf;0;0;0;0;0;0.00;0;0.00;--;0.00;0.00;Còn hàng;Chưa chọn danh mục;;;Single SKU;
https://res.bigseller.pro/sku/images/merchantsku/944484/164989_1762594074652.jpg?imageView2/1/w/300/h/300;2283;ROGE CAVAILLES Anti-Bacterien Dung Dịch Vệ Sinh Ngăn Mùi Ngừa Khuẩn 12H - Hồng;3596490007140;0.00;0.00;0.00;0.00;VIE GROUP HCM;Default Piling Area;Default Shelf;25;0;25;0;0;0.00;0;0.40;62;175000.00;4375000.00;Còn hàng;Chưa chọn danh mục;;;Single SKU;
https://res.bigseller.pro/sku/images/merchantsku/944484/699627_1762594015194.jpg?imageView2/1/w/300/h/300;2284;ROGE CAVAILLES Anti-Bacterien Dung Dịch Vệ Sinh Ngăn Mùi Ngừa Khuẩn 12H - Xanh Dương;3596490007072;0.00;0.00;0.00;0.00;VIE GROUP HCM;Default Piling Area;Default Shelf;22;0;22;0;0;0.00;0;0.20;110;175000.00;3850000.00;Còn hàng;Chưa chọn danh mục;;;Single SKU;
https://res.bigseller.pro/sku/images/merchantsku/944484/531822_1762593930075.jpg?imageView2/1/w/300/h/300;2285;ROGE CAVAILLES Anti-Bacterien Dung Dịch Vệ Sinh Ngăn Mùi Ngừa Khuẩn 12H - Xanh Lá;3596490007065;0.00;0.00;0.00;0.00;VIE GROUP HCM;Default Piling Area;Default Shelf;32;0;32;0;0;0.00;0;0.00;--;0.00;0.00;Còn hàng;Chưa chọn danh mục;;;Single SKU;
https://res.bigseller.pro/sku/images/merchantsku/944484/772430_1762593876609.jpg?imageView2/1/w/300/h/300;2286;ROGE CAVAILLES Anti-Bacterien Dung Dịch Vệ Sinh Ngăn Mùi Ngừa Khuẩn 12H - Xanh Mint;3596490007096;0.00;0.00;0.00;0.00;VIE GROUP HCM;Default Piling Area;Default Shelf;18;0;18;0;0;0.00;0;0.06;300;175000.00;3150000.00;Còn hàng;Chưa chọn danh mục;;;Single SKU;
https://res.bigseller.pro/sku/images/merchantsku/944484/622195_1773906876328.jpg?imageView2/1/w/300/h/300;2362;Silcot Khăn Khô Lau Mặt 7 Miếng;4903111487110;0.00;0.00;0.00;0.00;VIE GROUP HCM;Default Piling Area;Default Shelf;0;0;0;0;0;0.00;0;0.00;--;0.00;0.00;Còn hàng;Chưa chọn danh mục;;;Single SKU;
https://res.bigseller.pro/sku/images/merchantsku/944484/252890_1754365724661.jpg?imageView2/1/w/300/h/300;2374;SIMPLE Tẩy Trang Purifying Micellar Water 400ml (XANH DƯƠNG Trắng);8934868188988;0.00;0.00;0.00;0.00;VIE GROUP HCM;Default Piling Area;Default Shelf;3;0;3;0;0;0.00;0;0.30;10;116427.59;349282.77;Còn hàng;Chưa chọn danh mục;;;Single SKU;
https://res.bigseller.pro/sku/images/merchantsku/944484/917856_1754364219099.jpg?imageView2/1/w/300/h/300;2411;SUNPLAY Kem Chống nắng Sunplay Skin Aqua Clear White SPF50+ PA++++ - 25g;8935006533288;0.00;0.00;0.00;0.00;VIE GROUP HCM;Default Piling Area;Default Shelf;1;0;1;0;0;0.00;0;0.00;--;80700.00;80700.00;Còn hàng;Chưa chọn danh mục;;;Single SKU;
https://res.bigseller.pro/sku/images/merchantsku/944484/224524_1754366313674.jpg?imageView2/1/w/300/h/300;2419;SVR Kem chống nắng Clairial Crème SPF 50+ Anti-Taches Eclat 40ml;3662361003037;0.00;0.00;0.00;0.00;VIE GROUP HCM;Default Piling Area;Default Shelf;0;0;0;0;0;0.00;0;0.00;--;0.00;0.00;Còn hàng;Chưa chọn danh mục;;;Single SKU;
https://res.bigseller.pro/sku/images/merchantsku/944484/122789_1754366217777.jpg?imageView2/1/w/300/h/300;2425;SVR Kem Dưỡng Da Xerial 30 Crème 75ml;3662361002696;0.00;0.00;0.00;0.00;VIE GROUP HCM;Default Piling Area;Default Shelf;5;0;5;0;0;0.00;0;0.03;166;326668.00;1633340.00;Còn hàng;Chưa chọn danh mục;;;Single SKU;
https://res.bigseller.pro/sku/images/merchantsku/944484/833173_1754366310166.jpg?imageView2/1/w/300/h/300;2435;SVR Sữa Dưỡng Da Xerial 10 Lait 200ml;3662361002412;0.00;0.00;0.00;0.00;VIE GROUP HCM;Default Piling Area;Default Shelf;4;0;4;0;0;0.00;0;0.03;133;386000.00;1544000.00;Còn hàng;Chưa chọn danh mục;;;Single SKU;
https://res.bigseller.pro/sku/images/merchantsku/944484/029046_1754366308483.jpg?imageView2/1/w/300/h/300;2454;TAHITI Sữa Tắm Palmolive Tiaré – Orichidée Relaxante Pháp 250ml;;0.00;0.00;0.00;0.00;VIE GROUP HCM;Default Piling Area;Default Shelf;0;0;0;0;0;0.00;0;0.00;--;0.00;0.00;Ngừng bán;Chưa chọn danh mục;;;Single SKU;
https://res.bigseller.pro/sku/images/merchantsku/944484/470640_1755015212865.jpg?imageView2/1/w/300/h/300;2456;TAHITI Sữa Tắm Pháp 250ml -  ORCHIDÉE - 250ML;;0.00;0.00;0.00;0.00;VIE GROUP HCM;Default Piling Area;Default Shelf;0;0;0;0;0;0.00;0;0.00;--;0.00;0.00;Ngừng bán;Chưa chọn danh mục;;;Single SKU;
https://res.bigseller.pro/sku/images/merchantsku/944484/851060_1754365901851.jpg?imageView2/1/w/300/h/300;2457;TAHITI Sữa Tắm Pháp 250ml - CITRON - 250ML;;0.00;0.00;0.00;0.00;VIE GROUP HCM;Default Piling Area;Default Shelf;0;0;0;0;0;0.00;0;0.00;--;0.00;0.00;Ngừng bán;Chưa chọn danh mục;;;Single SKU;
https://res.bigseller.pro/sku/images/merchantsku/944484/329400_1754364213759.jpg?imageView2/1/w/300/h/300;2458;TAHITI Sữa Tắm Pháp 250ml- MANGUE - 250ML;;0.00;0.00;0.00;0.00;VIE GROUP HCM;Default Piling Area;Default Shelf;0;0;0;0;0;0.00;0;0.00;--;0.00;0.00;Ngừng bán;Chưa chọn danh mục;;;Single SKU;
https://res.bigseller.pro/sku/images/merchantsku/944484/951857_1754365632391.jpg?imageView2/1/w/300/h/300;2463;Dầu gội dược liệu Thái Dương 7 Plus Gold 250ml;;0.00;0.00;0.00;0.00;VIE GROUP HCM;Default Piling Area;Default Shelf;0;0;0;0;0;0.00;0;0.00;--;0.00;0.00;Ngừng bán;Chưa chọn danh mục;;;Single SKU;
https://res.bigseller.pro/sku/images/merchantsku/944484/513778_1754366306394.jpg?imageView2/1/w/300/h/300;2464;THÁI DƯƠNG Nước súc miệng Valentine Kiddy Thái Dương - 250ML;;0.00;0.00;0.00;0.00;VIE GROUP HCM;Default Piling Area;Default Shelf;0;0;0;0;0;0.00;0;0.00;--;0.00;0.00;Ngừng bán;Chưa chọn danh mục;;;Single SKU;
https://res.bigseller.pro/sku/images/merchantsku/944484/117096_1754365710707.jpg?imageView2/1/w/300/h/300;2466;The Face Shop Bông Rửa Mặt Bọt Biển 2 Miếng;;0.00;0.00;0.00;0.00;VIE GROUP HCM;Default Piling Area;Default Shelf;0;0;0;0;0;0.00;0;0.00;--;0.00;0.00;Ngừng bán;Chưa chọn danh mục;;;Single SKU;
https://res.bigseller.pro/sku/images/merchantsku/944484/785878_1769697477363.jpg?imageView2/1/w/300/h/300;2469;THE SAEM D114 - SAEM - CHE KHUYẾT ĐIỂM - 0.5 (ICE BEIGE);8806164151327;0.00;0.00;0.00;0.00;VIE GROUP HCM;Default Piling Area;Default Shelf;0;0;0;0;0;0.00;0;0.00;--;0.00;0.00;Còn hàng;Chưa chọn danh mục;;;Single SKU;
https://res.bigseller.pro/sku/images/merchantsku/944484/029352_1772251754469.jpg?imageView2/1/w/300/h/300;2473;THE SAEM D114 - SAEM - CHE KHUYẾT ĐIỂM - Brightener;8806164136782;0.00;0.00;0.00;0.00;VIE GROUP HCM;Default Piling Area;Default Shelf;10;0;10;0;0;0.00;0;0.00;--;0.00;0.00;Còn hàng;Chưa chọn danh mục;;;Single SKU;
https://res.bigseller.pro/sku/images/merchantsku/944484/256516_1755553510667.jpg?imageView2/1/w/300/h/300;2479;TIMELESS Hyaluronic Acid Serum 100% Pure - 30ml;;0.00;0.00;0.00;0.00;VIE GROUP HCM;Default Piling Area;Default Shelf;0;0;0;0;0;0.00;0;0.00;--;0.00;0.00;Ngừng bán;TIMELESS;;;Single SKU;
https://res.bigseller.pro/sku/images/merchantsku/944484/572961_1754365626987.jpg?imageView2/1/w/300/h/300;2504;TORRIDEN Kem Dưỡng Cấp Ẩm Dive in Soothing Cream 100ml [XT];8809784600183;0.00;0.00;0.00;0.00;VIE GROUP HCM;Default Piling Area;Default Shelf;0;0;0;0;0;0.00;0;0.00;--;223000.00;0.00;Ngừng bán;Chưa chọn danh mục;;;Single SKU;
https://res.bigseller.pro/sku/images/merchantsku/944484/366196_1755015058549.jpg?imageView2/1/w/300/h/300;2505;TORRIDEN Serum Balanceful Centella Asiatica Extract - Xanh lá 50ml [XT];8809784600978;0.00;0.00;0.00;0.00;VIE GROUP HCM;Default Piling Area;Default Shelf;4;0;4;0;0;0.00;0;0.10;40;204800.00;819200.00;Còn hàng;Chưa chọn danh mục;;;Single SKU;
https://res.bigseller.pro/sku/images/merchantsku/944484/467351_1756125277158.jpg?imageView2/1/w/300/h/300;2518;ULTRA MILD Dung Dịch Vệ Sinh Phụ Nữ - Hương Tender Touch 280ml;;0.00;0.00;0.00;0.00;VIE GROUP HCM;Default Piling Area;Default Shelf;0;0;0;0;0;0.00;0;0.00;--;51408.00;0.00;Còn hàng;Chưa chọn danh mục;;;Single SKU;
;2527;VAGISIL DUNG DỊCH VỆ SINH PHỤ NỮ DAILY INTIMATE WASH SCENTSITIVE SCENTS - HỒNG;;0.00;0.00;0.00;0.00;VIE GROUP HCM;Default Piling Area;Default Shelf;0;0;0;0;0;0.00;0;0.00;--;0.00;0.00;Còn hàng;Chưa chọn danh mục;;;Single SKU;
https://res.bigseller.pro/sku/images/merchantsku/944484/523263_1768915339619.jpg?imageView2/1/w/300/h/300;2537;VASELINE Son Dưỡng Môi  Therapy Lip Balm Dạng Tuýt 10g - ROSY HỒNG;;0.00;0.00;0.00;0.00;VIE GROUP HCM;Default Piling Area;Default Shelf;0;0;0;0;0;0.00;0;5.00;0;59000.00;0.00;Còn hàng;Chưa chọn danh mục;;;Single SKU;
https://res.bigseller.pro/sku/images/merchantsku/944484/260948_1754366219996.jpg?imageView2/1/w/300/h/300;2539;VASELINE Dưỡng môi Lip Therapy UK 20g [XT] - Aloe Vera;8714100597347;0.00;0.00;0.00;0.00;VIE GROUP HCM;Default Piling Area;Default Shelf;0;0;0;0;0;0.00;0;1.00;--;0.00;0.00;Ngừng bán;Chưa chọn danh mục;;;Single SKU;
https://res.bigseller.pro/sku/images/merchantsku/944484/909098_1754365722670.jpg?imageView2/1/w/300/h/300;2540;VASELINE Dưỡng môi Lip Therapy UK 20g [XT] - Original;5099802150117;0.00;0.00;0.00;0.00;VIE GROUP HCM;Default Piling Area;Default Shelf;0;0;0;0;0;0.00;0;0.00;--;0.00;0.00;Ngừng bán;Chưa chọn danh mục;;;Single SKU;
https://res.bigseller.pro/sku/images/merchantsku/944484/136048_1754366223582.jpg?imageView2/1/w/300/h/300;2546;VASELINE Lẻ 1 vàng 30ML - Sữa Dưỡng Thể VASELINE;;0.00;0.00;0.00;0.00;VIE GROUP HCM;Default Piling Area;Default Shelf;0;0;0;0;0;0.00;0;0.00;--;0.00;0.00;Còn hàng;Chưa chọn danh mục;;;Single SKU;
https://res.bigseller.pro/sku/images/merchantsku/944484/802720_1788446664882.jpg?imageView2/1/w/300/h/300;2550;VASELINE Sáp Dưỡng Môi Lip Care KOREA 7g - Cocoa butter;305210317079;0.00;0.00;0.00;0.00;VIE GROUP HCM;Default Piling Area;Default Shelf;75;0;75;0;0;0.00;0;0.00;--;36927.41;2769555.75;Còn hàng;Chưa chọn danh mục;;;Single SKU;
https://res.bigseller.pro/sku/images/merchantsku/944484/199392_1754365721196.jpg?imageView2/1/w/300/h/300;2592;VICHY Kem Dưỡng Dạng Gel Sữa Normaderm Phytosolution Double Correction Daily Care 50ml;3337875660617;0.00;0.00;0.00;0.00;VIE GROUP HCM;Default Piling Area;Default Shelf;0;0;0;0;0;0.00;0;0.00;--;0.00;0.00;Còn hàng;Chưa chọn danh mục;;;Single SKU;
https://res.bigseller.pro/sku/images/merchantsku/944484/107966_1789106976852.jpg?imageView2/1/w/300/h/300;2601;VICHY Kem Dưỡng LIFTACTIV COLLAGEN SPECIALIST 16 CREME NIGHT Ngừa Lão Hóa 15ml - Kem Đêm;3337875722544;0.00;0.00;0.00;0.00;VIE GROUP HCM;Default Piling Area;Default Shelf;1053;4;1049;0;0;0.00;0;3.77;278;50000.00;52650000.00;Còn hàng;Chưa chọn danh mục;;;Single SKU;
https://res.bigseller.pro/sku/images/merchantsku/944484/856161_1785845277532.jpg?imageView2/1/w/300/h/300;2602;VICHY Kem Dưỡng LIFTACTIV Ngừa Lão Hóa 15ml - Kem Ngày;;0.00;0.00;0.00;0.00;VIE GROUP HCM;Default Piling Area;Default Shelf;0;0;0;0;0;0.00;0;20.00;0;57400.00;0.00;Còn hàng;Chưa chọn danh mục;;;Single SKU;
https://res.bigseller.pro/sku/images/merchantsku/944484/664435_1790675715995.jpg?imageView2/1/w/300/h/300;2627;CHANTELLE Sydney - Mặt Nạ Dưỡng Da Sheep Placenta Hỗ Trợ Cấp Ẩm & Dưỡng Da Mềm Mịn 1 Miếng;;0.00;0.00;0.00;0.00;VIE GROUP HCM;Default Piling Area;Default Shelf;0;0;0;0;0;0.00;0;0.00;--;0.00;0.00;Còn hàng;Chưa chọn danh mục;;;Single SKU;
https://res.bigseller.pro/sku/images/merchantsku/944484/741988_1790675742306.jpg?imageView2/1/w/300/h/300;2628;Kiehl's Nước Cân Bằng Hoa Cúc Kiehl's Calendula Herbal Extract Alcohol-Free Toner - Midsize 75ml;;0.00;0.00;0.00;0.00;VIE GROUP HCM;Default Piling Area;Default Shelf;13;0;13;0;0;0.00;0;0.00;--;0.00;0.00;Còn hàng;Chưa chọn danh mục;;;Single SKU;
https://res.bigseller.pro/sku/images/merchantsku/944484/768595_1790675773671.jpg?imageView2/1/w/300/h/300;2629;Kiehl's Nước Cân Bằng Hoa Cúc Kiehl's Calendula Herbal Extract Alcohol-Free Toner - Minisize 40ml;;0.00;0.00;0.00;0.00;VIE GROUP HCM;Default Piling Area;Default Shelf;3;0;3;0;0;0.00;0;0.00;--;65229.30;195687.90;Còn hàng;Chưa chọn danh mục;;;Single SKU;
https://res.bigseller.pro/sku/images/merchantsku/944484/536032_1791460017897.jpg?imageView2/1/w/300/h/300;2637;JM solution Nước Hoa Hồng Cân Bằng Da  Marine Luminous Pearl Moisture Toner - 600;;0.00;0.00;0.00;0.00;VIE GROUP HCM;Default Piling Area;Default Shelf;0;0;0;0;0;0.00;0;0.00;--;115464.29;0.00;Còn hàng;Chưa chọn danh mục;;;Single SKU;
https://res.bigseller.pro/sku/images/merchantsku/944484/400409_1787574968364.jpg?imageView2/1/w/300/h/300;2640;MAXCLINIC Kem Dưỡng 5% Melatonin Liposome Melatoninshot Cream - 25gr;8809525243068;0.00;0.00;0.00;0.00;VIE GROUP HCM;Default Piling Area;Default Shelf;1;0;1;0;0;0.00;0;0.00;--;0.00;0.00;Còn hàng;Chưa chọn danh mục;;;Single SKU;
https://res.bigseller.pro/sku/images/merchantsku/944484/083110_1788421839623.jpg?imageView2/1/w/300/h/300;2641;HASOL Xịt Mọc Tóc Anagen Active Tonic 100ML;;0.00;0.00;0.00;0.00;VIE GROUP HCM;Default Piling Area;Default Shelf;0;0;0;0;0;0.00;0;5.00;0;200823.53;0.00;Còn hàng;Chưa chọn danh mục;;;Single SKU;
https://res.bigseller.pro/sku/images/merchantsku/944484/334096_1790675625868.jpg?imageView2/1/w/300/h/300;2642;VASELINE Son Dưỡng Môi Có Màu Colour +Care Kissing 4.2g;;0.00;0.00;0.00;0.00;VIE GROUP HCM;Default Piling Area;Default Shelf;0;0;0;0;0;0.00;0;0.00;--;0.00;0.00;Còn hàng;Chưa chọn danh mục;;;Single SKU;
https://res.bigseller.pro/sku/images/merchantsku/944484/429101_1776389750743.jpg?imageView2/1/w/300/h/300;2643;HALLS XS Kẹo ngậm Không Đường Giúp Thơm Miệng, Giảm Ho, Đau Họng 12.6g - Cola ĐỎ;;0.00;0.00;0.00;0.00;VIE GROUP HCM;Default Piling Area;Default Shelf;0;0;0;0;0;0.00;0;0.00;--;17600.00;0.00;Còn hàng;Chưa chọn danh mục;;;Single SKU;
https://res.bigseller.pro/sku/images/merchantsku/944484/382390_1788485590665.jpg?imageView2/1/w/300/h/300;2644;VICHY Serum Liftactiv Collagen Specialist 16 Bonding 30ml;;0.00;0.00;0.00;0.00;VIE GROUP HCM;Default Piling Area;Default Shelf;0;0;0;0;0;0.00;0;0.00;--;0.00;0.00;Còn hàng;Chưa chọn danh mục;;;Single SKU;
https://res.bigseller.pro/sku/images/merchantsku/944484/738775_1777548036783.jpg?imageView2/1/w/300/h/300;2645;OBAGI Toner Nu-Derm Không Cồn Cân Bằng pH Hỗ Trợ Làm Dịu, Giảm Dầu Nhờn Cho Da 198ml;;0.00;0.00;0.00;0.00;VIE GROUP HCM;Default Piling Area;Default Shelf;0;0;0;0;0;0.00;0;0.00;--;660000.00;0.00;Còn hàng;Chưa chọn danh mục;;;Single SKU;
https://res.bigseller.pro/sku/images/merchantsku/944484/756233_1779799545631.jpg?imageView2/1/w/300/h/300;2646;OBAGI Sữa Rửa Mặt Gentle Cleanser Làm Sạch Dịu Nhẹ, Dưỡng Ẩm Cho Da 200ml;362032085128;0.00;0.00;0.00;0.00;VIE GROUP HCM;Default Piling Area;Default Shelf;6;0;6;0;0;0.00;0;0.10;60;482267.83;2893606.98;Còn hàng;Chưa chọn danh mục;;;Single SKU;
https://res.bigseller.pro/sku/images/merchantsku/944484/821448_1779977223791.jpg?imageView2/1/w/300/h/300;2647;OBAGI Sữa Rửa Mặt Tạo Bọt Medical Foaming Gel Làm Sạch Da, Giảm Dầu Nhờn Cho Da Dầu Mụn 200ml;;0.00;0.00;0.00;0.00;VIE GROUP HCM;Default Piling Area;Default Shelf;0;0;0;0;0;0.00;0;0.00;--;0.00;0.00;Còn hàng;Chưa chọn danh mục;;;Single SKU;
https://res.bigseller.pro/sku/images/merchantsku/944484/394607_1776857855656.jpg?imageView2/1/w/300/h/300;2648;GLATIKA Hair Dầu Xả Technique Conditioner Dưỡng Ẩm, Giảm Khô Xơ Cho Tóc Mềm Mượt 50ml;;0.00;0.00;0.00;0.00;VIE GROUP HCM;Default Piling Area;Default Shelf;0;0;0;0;0;0.00;0;0.00;--;0.00;0.00;Ngừng bán;Chưa chọn danh mục;;;Single SKU;
https://res.bigseller.pro/sku/images/merchantsku/944484/947655_1779799111261.jpg?imageView2/1/w/300/h/300;2649;GLATIKA Hair Dầu Xả Technique Conditioner Dưỡng Ẩm, Giảm Khô Xơ Cho Tóc Mềm Mượt 200ml;;0.00;0.00;0.00;0.00;VIE GROUP HCM;Default Piling Area;Default Shelf;0;0;0;0;0;0.00;0;0.00;--;0.00;0.00;Ngừng bán;Chưa chọn danh mục;;;Single SKU;
https://res.bigseller.pro/sku/images/merchantsku/944484/923341_1776857959891.jpg?imageView2/1/w/300/h/300;2650;GLATIKA Paris Dầu Gội Hair Technique Shampoo Làm Sạch Sâu Da Đầu 50ml;;0.00;0.00;0.00;0.00;VIE GROUP HCM;Default Piling Area;Default Shelf;0;0;0;0;0;0.00;0;0.00;--;0.00;0.00;Ngừng bán;Chưa chọn danh mục;;;Single SKU;
https://res.bigseller.pro/sku/images/merchantsku/944484/080806_1776857414789.jpg?imageView2/1/w/300/h/300;2651;GLATIKA Paris Dầu Gội Hair Technique Shampoo Làm Sạch Sâu Da Đầu 200ml;;0.00;0.00;0.00;0.00;VIE GROUP HCM;Default Piling Area;Default Shelf;0;0;0;0;0;0.00;0;0.00;--;0.00;0.00;Ngừng bán;Chưa chọn danh mục;;;Single SKU;
https://res.bigseller.pro/sku/images/merchantsku/944484/814333_1790675444322.jpg?imageView2/1/w/300/h/300;2652;INTIMATE Dung dịch vệ sinh Intimate Ziaja 200ml - Hoa Lan Chuông;;0.00;0.00;0.00;0.00;VIE GROUP HCM;Default Piling Area;Default Shelf;0;0;0;0;0;0.00;0;1.00;--;0.00;0.00;Ngừng bán;Chưa chọn danh mục;;;Single SKU;
https://res.bigseller.pro/sku/images/merchantsku/944484/728006_1790675515303.jpg?imageView2/1/w/300/h/300;2653;Alucos bông tẩy trang 150 miếng;;0.00;0.00;0.00;0.00;VIE GROUP HCM;Default Piling Area;Default Shelf;0;0;0;0;0;0.00;0;0.00;--;0.00;0.00;Ngừng bán;Chưa chọn danh mục;;;Single SKU;
https://res.bigseller.pro/sku/images/merchantsku/944484/068376_1776960690695.jpg?imageView2/1/w/300/h/300;2655;MARVIS Nước Súc Miệng Collutorio Hương Bạc Hà Thơm Mát, Hỗ Trợ Làm Sạch Khoang Miệng Strong Mint 400ml;;0.00;0.00;0.00;0.00;VIE GROUP HCM;Default Piling Area;Default Shelf;0;0;0;0;0;0.00;0;0.27;0;179777.78;0.00;Còn hàng;Chưa chọn danh mục;;;Single SKU;
https://res.bigseller.pro/sku/images/merchantsku/944484/694324_1776960921829.jpg?imageView2/1/w/300/h/300;2656;MARVIS Nước Súc Miệng Collutorio Hương Bạc Hà Thơm Mát, Hỗ Trợ Làm Sạch Khoang Miệng Sensitive 400ml;8004395113521;0.00;0.00;0.00;0.00;VIE GROUP HCM;Default Piling Area;Default Shelf;1;1;0;0;0;0.00;0;0.46;0;178449.28;178449.28;Còn hàng;Chưa chọn danh mục;;;Single SKU;
https://res.bigseller.pro/sku/images/merchantsku/944484/650611_1784700459221.jpg?imageView2/1/w/300/h/300;2657;MEDIPEEL Kem Dưỡng Trắng Glutathione White Cream 50g;;0.00;0.00;0.00;0.00;VIE GROUP HCM;Default Piling Area;Default Shelf;0;0;0;0;0;0.00;0;1.17;0;180504.76;0.00;Còn hàng;Chưa chọn danh mục;;;Single SKU;
https://res.bigseller.pro/sku/images/merchantsku/944484/965956_1779799430196.jpg?imageView2/1/w/300/h/300;2658;SENSILIS Kem Chống Nắng Phổ Rộng Photocorrection HA SPF50+ Hỗ Trợ Giảm Lão Hóa, Mỏng Nhẹ Cho Da 50ml;;0.00;0.00;0.00;0.00;VIE GROUP HCM;Default Piling Area;Default Shelf;0;0;0;0;0;0.00;0;0.00;--;0.00;0.00;Còn hàng;Chưa chọn danh mục;;;Single SKU;
https://res.bigseller.pro/sku/images/merchantsku/944484/326565_1779977874083.jpg?imageView2/1/w/300/h/300;2659;SENSILIS Kem Chống Nắng Pure Age Perfection SPF50+ Kiềm Dầu, Giảm Bóng Nhờn Cho Da Dầu Mụn 40ml;8428749945802;0.00;0.00;0.00;0.00;VIE GROUP HCM;Default Piling Area;Default Shelf;44;0;44;0;0;0.00;0;0.10;440;339139.00;14922116.00;Còn hàng;Chưa chọn danh mục;;;Single SKU;
https://res.bigseller.pro/sku/images/merchantsku/944484/732314_1778172897743.jpg?imageView2/1/w/300/h/300;2660;SENSILIS Sữa Chống Nắng Water Fluid SPF50+ Mỏng Nhẹ, Thấm Nhanh, Không Bết Dính 40ml;8428749913504;0.00;0.00;0.00;0.00;VIE GROUP HCM;Default Piling Area;Default Shelf;20;0;20;0;0;0.00;0;0.07;285;286957.00;5739140.00;Còn hàng;Chưa chọn danh mục;;;Single SKU;
https://res.bigseller.pro/sku/images/merchantsku/944484/579877_1776857961244.jpg?imageView2/1/w/300/h/300;2661;SENSILIS Gel Chống Nắng Matt Gel SPF50 Invisible Bảo Vệ, Hạn Chế Oxy Hóa Da Và Kiềm Dầu 40ml;;0.00;0.00;0.00;0.00;VIE GROUP HCM;Default Piling Area;Default Shelf;0;0;0;0;0;0.00;0;0.00;--;0.00;0.00;Còn hàng;Chưa chọn danh mục;;;Single SKU;
https://res.bigseller.pro/sku/images/merchantsku/944484/974636_1776857415019.jpg?imageView2/1/w/300/h/300;2662;SENSILIS Kem Dưỡng Skin Rescue [Barrier] Hỗ Trợ Làm Dịu Và Củng Cố Hàng Rào Bảo Vệ Da 50ml;;0.00;0.00;0.00;0.00;VIE GROUP HCM;Default Piling Area;Default Shelf;0;0;0;0;0;0.00;0;0.00;--;0.00;0.00;Còn hàng;Chưa chọn danh mục;;;Single SKU;
https://res.bigseller.pro/sku/images/merchantsku/944484/893375_1790675351933.jpg?imageView2/1/w/300/h/300;2664;Torriden Kem Chống Nắng Dive In Tone Up Sun Cream Purple SPF50+ PA++++ 60ml;;0.00;0.00;0.00;0.00;VIE GROUP HCM;Default Piling Area;Default Shelf;0;0;0;0;0;0.00;0;0.00;--;0.00;0.00;Còn hàng;Chưa chọn danh mục;;;Single SKU;
https://res.bigseller.pro/sku/images/merchantsku/944484/731859_1776857559639.jpg?imageView2/1/w/300/h/300;2665;GOODNDOC Serum PDRN Multi-molecule HA Exosome Cica 30ml;8809083978853;0.00;0.00;0.00;0.00;VIE GROUP HCM;Default Piling Area;Default Shelf;1;0;1;0;0;0.00;0;0.00;--;253110.00;253110.00;Còn hàng;GOODNDOC;;;Single SKU;
https://res.bigseller.pro/sku/images/merchantsku/944484/714357_1781535474412.jpg?imageView2/1/w/300/h/300;2666;COSMEDICA Serum B5 Hyaluronic Acid 30ml - Xanh dương;;0.00;0.00;0.00;0.00;VIE GROUP HCM;Default Piling Area;Default Shelf;0;0;0;0;0;0.00;0;0.00;--;0.00;0.00;Ngừng bán;Chưa chọn danh mục;;;Single SKU;
https://res.bigseller.pro/sku/images/merchantsku/944484/353846_1790675065938.jpg?imageView2/1/w/300/h/300;2667;Beplain Phấn Phủ Chống Nắng Sunmuse Oil Cut Sun Powder SPF 45+ PA+++ 75g;;0.00;0.00;0.00;0.00;VIE GROUP HCM;Default Piling Area;Default Shelf;0;0;0;0;0;0.00;0;0.00;--;0.00;0.00;Còn hàng;Chưa chọn danh mục;;;Single SKU;
https://res.bigseller.pro/sku/images/merchantsku/944484/804642_1790675288892.jpg?imageView2/1/w/300/h/300;2668;Bath and Body Works - A THOUSAND WISHES- 295ml;;0.00;0.00;0.00;0.00;VIE GROUP HCM;Default Piling Area;Default Shelf;0;0;0;0;0;0.00;0;0.00;--;0.00;0.00;Còn hàng;Chưa chọn danh mục;;;Single SKU;
https://res.bigseller.pro/sku/images/merchantsku/944484/725711_1790674926954.jpg?imageView2/1/w/300/h/300;2669;MEDICUBE - Mặt Nạ Thạch Gel 28g - VÀNG;;0.00;0.00;0.00;0.00;VIE GROUP HCM;Default Piling Area;Default Shelf;4;0;4;0;0;0.00;0;0.00;--;0.00;0.00;Còn hàng;Chưa chọn danh mục;;;Single SKU;
https://res.bigseller.pro/sku/images/merchantsku/944484/945720_1790674959884.jpg?imageView2/1/w/300/h/300;2670;ROSEMINE Bộ dầu gội Rosemine Repair phục hồi tóc hư tổn - 1000ml;;0.00;0.00;0.00;0.00;VIE GROUP HCM;Default Piling Area;Default Shelf;0;0;0;0;0;0.00;0;0.00;--;0.00;0.00;Còn hàng;Chưa chọn danh mục;;;Single SKU;
https://res.bigseller.pro/sku/images/merchantsku/944484/694671_1790674987522.jpg?imageView2/1/w/300/h/300;2671;Kyung Lab Serum căng bóng da HA PLUS tinh chất cấp nước [HA+B5] HYDRA AMPOULE - 50ml;;0.00;0.00;0.00;0.00;VIE GROUP HCM;Default Piling Area;Default Shelf;0;0;0;0;0;0.00;0;0.00;--;0.00;0.00;Còn hàng;Chưa chọn danh mục;;;Single SKU;
https://res.bigseller.pro/sku/images/merchantsku/944484/358603_1779349220713.jpg?imageView2/1/w/300/h/300;2672;Goodal Kem Ốc Sên Premium Toner Up Cream - 30ml;8809644499919;0.00;0.00;0.00;0.00;VIE GROUP HCM;Default Piling Area;Default Shelf;356;0;356;0;0;0.00;0;2.20;161;184251.63;65593580.28;Còn hàng;Chưa chọn danh mục;;;Single SKU;
https://res.bigseller.pro/sku/images/merchantsku/944484/326070_1777547865326.jpg?imageView2/1/w/300/h/300;2673;NEOGEN Serm Real Vitamin C 22% Serum 32g - Xanh;8809653247495;0.00;0.00;0.00;0.00;VIE GROUP HCM;Default Piling Area;Default Shelf;0;0;0;0;0;0.00;0;0.05;0;280312.50;0.00;Còn hàng;Chưa chọn danh mục;;;Single SKU;
;2674;Biotin Kem Hấp Xả Ủ Tóc Collagen Phục Hồi Tái Sinh Tóc Giúp Tóc Siêu Mềm Mượt 500ml;;0.00;0.00;0.00;0.00;VIE GROUP HCM;Default Piling Area;Default Shelf;0;0;0;0;0;0.00;0;0.00;--;0.00;0.00;Còn hàng;Chưa chọn danh mục;;;Single SKU;
;2675;Kyung Lab Serum HA+B5 cấp ẩm phục hồi da dưỡng ẩm - 100ml;;0.00;0.00;0.00;0.00;VIE GROUP HCM;Default Piling Area;Default Shelf;0;0;0;0;0;0.00;0;0.00;--;0.00;0.00;Còn hàng;Chưa chọn danh mục;;;Single SKU;
https://res.bigseller.pro/sku/images/merchantsku/944484/086200_1790908926388.jpg?imageView2/1/w/300/h/300;2676;CNP Set Tinh chất keo ong ( chai 50ml + túi 50 ml + tặng 1 đôi tất);;0.00;0.00;0.00;0.00;VIE GROUP HCM;Default Piling Area;Default Shelf;0;0;0;0;0;0.00;0;0.00;--;0.00;0.00;Còn hàng;Chưa chọn danh mục;;;Single SKU;
https://res.bigseller.pro/sku/images/merchantsku/944484/210141_1790908275595.jpg?imageView2/1/w/300/h/300;2677;VASELINE Set son dưỡng môi hồng xinh - 4.8g x 2;;0.00;0.00;0.00;0.00;VIE GROUP HCM;Default Piling Area;Default Shelf;0;0;0;0;0;0.00;0;0.00;--;0.00;0.00;Ngừng bán;Chưa chọn danh mục;;;Single SKU;
https://res.bigseller.pro/sku/images/merchantsku/944484/143404_1790908156008.jpg?imageView2/1/w/300/h/300;2678;CANDID RETINOL 0.3 Hoạt Chất Chống Lão Hoá Retinol 30ml;;0.00;0.00;0.00;0.00;VIE GROUP HCM;Default Piling Area;Default Shelf;0;0;0;0;0;0.00;0;0.00;--;615375.00;0.00;Ngừng bán;CANDID;;;Single SKU;
https://res.bigseller.pro/sku/images/merchantsku/944484/456468_1779448716891.jpg?imageView2/1/w/300/h/300;2679;COMPLIMENT Mặt Nạ Dưỡng Da Retinol Active 75ml;;0.00;0.00;0.00;0.00;VIE GROUP HCM;Default Piling Area;Default Shelf;0;0;0;0;0;0.00;0;0.00;--;0.00;0.00;Còn hàng;Chưa chọn danh mục;;;Single SKU;
https://res.bigseller.pro/sku/images/merchantsku/944484/213678_1779196153175.jpg?imageView2/1/w/300/h/300;2680;COMPLIMENT Mặt Nạ Dưỡng Da Vitamin C Active 75ml;;0.00;0.00;0.00;0.00;VIE GROUP HCM;Default Piling Area;Default Shelf;0;0;0;0;0;0.00;0;0.00;--;0.00;0.00;Còn hàng;Chưa chọn danh mục;;;Single SKU;
;2681;Loccitane Dầu dưỡng thể body hạnh nhân - 100ml;;0.00;0.00;0.00;0.00;VIE GROUP HCM;Default Piling Area;Default Shelf;0;0;0;0;0;0.00;0;0.00;--;0.00;0.00;Còn hàng;Chưa chọn danh mục;;;Single SKU;
https://res.bigseller.pro/sku/images/merchantsku/944484/333982_1779448272156.jpg?imageView2/1/w/300/h/300;2682;CREST Kem Đánh Răng Crest 3D Advanced Charcoal 187g;30772125595;0.00;0.00;0.00;0.00;VIE GROUP HCM;Default Piling Area;Default Shelf;5;0;5;0;0;0.00;0;0.00;--;191862.00;959310.00;Còn hàng;Chưa chọn danh mục;;;Single SKU;
https://res.bigseller.pro/sku/images/merchantsku/944484/634021_1779799545620.jpg?imageView2/1/w/300/h/300;2683;CREST Kem Đánh Răng Crest 3D White Brilliance Charcoal Mint 130g;30772112793;0.00;0.00;0.00;0.00;VIE GROUP HCM;Default Piling Area;Default Shelf;3;0;3;0;0;0.00;0;0.00;--;152928.00;458784.00;Còn hàng;Chưa chọn danh mục;;;Single SKU;
https://res.bigseller.pro/sku/images/merchantsku/944484/701578_1779448404940.jpg?imageView2/1/w/300/h/300;2684;CREST Kem Đánh Răng Crest 3D White Brilliance Blast 130g;30772112656;0.00;0.00;0.00;0.00;VIE GROUP HCM;Default Piling Area;Default Shelf;2;0;2;0;0;0.00;0;0.00;--;152928.00;305856.00;Còn hàng;Chưa chọn danh mục;;;Single SKU;
https://res.bigseller.pro/sku/images/merchantsku/944484/364403_1779721733826.jpg?imageView2/1/w/300/h/300;2685;CREST Kem Đánh Răng Crest 3D White Brilliance Vibrant Peppermint - Pack 2 Total 260.8g;;0.00;0.00;0.00;0.00;VIE GROUP HCM;Default Piling Area;Default Shelf;0;0;0;0;0;0.00;0;0.00;--;0.00;0.00;Còn hàng;Chưa chọn danh mục;;;Single SKU;
https://res.bigseller.pro/sku/images/merchantsku/944484/625817_1790908388265.jpg?imageView2/1/w/300/h/300;2686;Beplain Kem Chống Nắng Nâng Tone Sunmuse Sunscreen SPF 50+ PA++++ Xanh lá mới - 50ml;;0.00;0.00;0.00;0.00;VIE GROUP HCM;Default Piling Area;Default Shelf;0;0;0;0;0;0.00;0;0.00;--;229800.00;0.00;Còn hàng;Chưa chọn danh mục;;;Single SKU;
https://res.bigseller.pro/sku/images/merchantsku/944484/312802_1790908416767.jpg?imageView2/1/w/300/h/300;2687;CNP  SET Tinh Chất PDRN Derma Answer Active Boost Ampule 30ML + 15ML;;0.00;0.00;0.00;0.00;VIE GROUP HCM;Default Piling Area;Default Shelf;0;0;0;0;0;0.00;0;0.00;--;0.00;0.00;Còn hàng;Chưa chọn danh mục;;;Single SKU;
https://res.bigseller.pro/sku/images/merchantsku/944484/983173_1779977753231.jpg?imageView2/1/w/300/h/300;2688;OXICLEAN Bột Tẩy Quần Áo - Tẩy Trắng Vết Bẩn Gói 30g5760;;0.00;0.00;0.00;0.00;VIE GROUP HCM;Default Piling Area;Default Shelf;0;0;0;0;0;0.00;0;0.00;--;0.00;0.00;Còn hàng;Chưa chọn danh mục;;;Single SKU;
https://res.bigseller.pro/sku/images/merchantsku/944484/198008_1790909157084.jpg?imageView2/1/w/300/h/300;2689;DOVE Tẩy tế bào chết Dove Exfoliating Body Polish 425g - cafe latte;;0.00;0.00;0.00;0.00;VIE GROUP HCM;Default Piling Area;Default Shelf;0;0;0;0;0;0.00;0;0.00;--;0.00;0.00;Còn hàng;Chưa chọn danh mục;;;Single SKU;
https://res.bigseller.pro/sku/images/merchantsku/944484/254633_1790909197242.jpg?imageView2/1/w/300/h/300;2690;DOVE Tẩy tế bào chết Dove Exfoliating Body Polish 425g - Quế & Bí đỏ;;0.00;0.00;0.00;0.00;VIE GROUP HCM;Default Piling Area;Default Shelf;0;0;0;0;0;0.00;0;0.00;--;0.00;0.00;Ngừng bán;Chưa chọn danh mục;;;Single SKU;
https://res.bigseller.pro/sku/images/merchantsku/944484/261485_1790909263319.jpg?imageView2/1/w/300/h/300;2691;INNER Gel đũa thần phụ khoa - Full Hộp 60 Ống;;0.00;0.00;0.00;0.00;VIE GROUP HCM;Default Piling Area;Default Shelf;0;0;0;0;0;0.00;0;0.00;--;0.00;0.00;Còn hàng;Chưa chọn danh mục;;;Single SKU;
;2692;Kem Đánh Răng SENSODYNE Giúp Trắng Răng, Nướu Khỏe Bảo Vệ Toàn Diện - Gum Care 100g;;0.00;0.00;0.00;0.00;VIE GROUP HCM;Default Piling Area;Default Shelf;11;0;11;0;0;0.00;0;0.00;--;0.00;0.00;Còn hàng;Chưa chọn danh mục;;;Single SKU;
https://res.bigseller.pro/sku/images/merchantsku/944484/739357_1754365821733.jpg?imageView2/1/w/300/h/300;2699;BELIF Mặt nạ ngủ Belif Multi Vitamin Mask - Unbox 75ml;;0.00;0.00;0.00;0.00;VIE GROUP HCM;Default Piling Area;Default Shelf;0;0;0;0;0;0.00;0;0.00;--;0.00;0.00;Còn hàng;Chưa chọn danh mục;;;Single SKU;
https://res.bigseller.pro/sku/images/merchantsku/944484/837739_1754365908198.jpg?imageView2/1/w/300/h/300;2701;CERAVE Sữa Rửa Mặt Foaming Cleanser - 88ml FRANCE;3337875597340;0.00;0.00;0.00;0.00;VIE GROUP HCM;Default Piling Area;Default Shelf;60;0;60;0;0;0.00;0;3.90;15;122911.27;7374676.20;Còn hàng;Chưa chọn danh mục;;;Single SKU;
https://res.bigseller.pro/sku/images/merchantsku/944484/447114_1754365712368.jpg?imageView2/1/w/300/h/300;2704;CNP Ủ dưỡng môi CNP Laboratory Propolis Lipcerin dung tích 15ml;8801051288483;0.00;0.00;0.00;0.00;VIE GROUP HCM;Default Piling Area;Default Shelf;7;0;7;0;0;0.00;0;0.00;--;160416.67;1122916.69;Còn hàng;Chưa chọn danh mục;;;Single SKU;
https://res.bigseller.pro/sku/images/merchantsku/944484/820095_1769698958489.jpg?imageView2/1/w/300/h/300;2716;THE SAEM D114 - SAEM - CHE KHUYẾT ĐIỂM - 02;8806164107997;0.00;0.00;0.00;0.00;VIE GROUP HCM;Default Piling Area;Default Shelf;0;0;0;0;0;0.00;0;0.00;--;0.00;0.00;Còn hàng;Chưa chọn danh mục;;;Single SKU;
https://res.bigseller.pro/sku/images/merchantsku/944484/887446_1755687785070.jpg?imageView2/1/w/300/h/300;1061;AJONA Kem đánh răng giúp giảm cao răng và chống viêm lợi 25ml;4009903011119;0.00;0.00;0.00;0.00;VIE GROUP HCM;Default Piling Area;Default Shelf;0;0;0;0;0;0.00;0;0.00;--;47500.00;0.00;Còn hàng;Chưa chọn danh mục;;;Single SKU;
https://res.bigseller.pro/sku/images/merchantsku/944484/072543_1785844504871.jpg?imageView2/1/w/300/h/300;1081;Anessa Gel Chống Nắng Brightening Uv Sunscreen Gel N SPF50+ PA++++ 15ML (HỒNG);;0.00;0.00;0.00;0.00;VIE GROUP HCM;Default Piling Area;Default Shelf;0;0;0;0;0;0.00;0;0.00;--;0.00;0.00;Còn hàng;Chưa chọn danh mục;;;Single SKU;
https://res.bigseller.pro/sku/images/merchantsku/944484/160878_1754366212062.jpg?imageView2/1/w/300/h/300;1083;Anessa Gel Chống Nắng Perfect UV Sunscreen - 15ml (VÀNG);194841062652;0.00;0.00;0.00;0.00;VIE GROUP HCM;Default Piling Area;Default Shelf;1;0;1;0;0;0.00;0;0.00;--;0.00;0.00;Còn hàng;Chưa chọn danh mục;;;Single SKU;
https://res.bigseller.pro/sku/images/merchantsku/944484/643314_1754365816211.jpg?imageView2/1/w/300/h/300;1196;BANOBAGI Mặt nạ Super Collagen Mask 30g - Vitamin C Whitening, BẠC;8809486363591;0.00;0.00;0.00;0.00;VIE GROUP HCM;Default Piling Area;Default Shelf;0;0;0;0;0;0.00;0;0.00;--;0.00;0.00;Còn hàng;Chưa chọn danh mục;;;Single SKU;
https://res.bigseller.pro/sku/images/merchantsku/944484/816893_1754365908109.jpg?imageView2/1/w/300/h/300;1193;BANOBAGI Mặt nạ Super Collagen Mask 30g - Peptide Repair, TÍM NHẠT;8809486364215;0.00;0.00;0.00;0.00;VIE GROUP HCM;Default Piling Area;Default Shelf;0;0;0;0;0;0.00;0;0.00;--;0.00;0.00;Còn hàng;Chưa chọn danh mục;;;Single SKU;
https://res.bigseller.pro/sku/images/merchantsku/944484/707912_1756125358230.jpg?imageView2/1/w/300/h/300;1242;BIELENDA Serum Super Power Mezo Clinic 30ml – Moisturizing (Xanh dương);;0.00;0.00;0.00;0.00;VIE GROUP HCM;Default Piling Area;Default Shelf;0;0;0;0;0;0.00;0;0.00;--;0.00;0.00;Ngừng bán;Chưa chọn danh mục;;;Single SKU;
https://res.bigseller.pro/sku/images/merchantsku/944484/904361_1754365912791.jpg?imageView2/1/w/300/h/300;1241;BIELENDA Serum Super Power Mezo Clinic 30ml – Corrective (Xanh lá);;0.00;0.00;0.00;0.00;VIE GROUP HCM;Default Piling Area;Default Shelf;0;0;0;0;0;0.00;0;0.00;--;0.00;0.00;Ngừng bán;Chưa chọn danh mục;;;Single SKU;
https://res.bigseller.pro/sku/images/merchantsku/944484/491934_1762329181677.jpg?imageView2/1/w/300/h/300;1316;CARSLAN PHẤN PHỦ  BLACK  MAGNET SOFT FOCUS  MAKE-UP POWDER 01  PHẤN PHỦ 1G;6940412461812;0.00;0.00;0.00;0.00;VIE GROUP HCM;Default Piling Area;Default Shelf;1;0;1;0;0;0.00;0;0.00;--;29999.78;29999.78;Còn hàng;Chưa chọn danh mục;;;Single SKU;
https://res.bigseller.pro/sku/images/merchantsku/944484/248120_1755015056369.jpg?imageView2/1/w/300/h/300;2130;MOMMY CARE Serum Dưỡng Sáng Da, Hỗ Trợ Giảm Thâm Nám 50ml;;0.00;0.00;0.00;0.00;VIE GROUP HCM;Default Piling Area;Default Shelf;0;0;0;0;0;0.00;0;0.00;--;0.00;0.00;Ngừng bán;Chưa chọn danh mục;;;Single SKU;
https://res.bigseller.pro/sku/images/merchantsku/944484/072097_1754365625534.jpg?imageView2/1/w/300/h/300;2368;SIMPLE Nước Tẩy Trang Micellar Cleansing Water - 400ml;8710908371509;0.00;0.00;0.00;0.00;VIE GROUP HCM;Default Piling Area;Default Shelf;0;0;0;0;0;0.00;20;0.00;--;0.00;0.00;Còn hàng;Chưa chọn danh mục;;;Single SKU;
https://res.bigseller.pro/sku/images/merchantsku/944484/757032_1754365712876.jpg?imageView2/1/w/300/h/300;2375;SIMPLE Tẩy Trang Water boost Hydrating 400ml (XANH DƯƠNG);8710908711619;0.00;0.00;0.00;0.00;VIE GROUP HCM;Default Piling Area;Default Shelf;10;0;10;0;0;0.00;20;0.33;30;117163.64;1171636.40;Còn hàng;Chưa chọn danh mục;;;Single SKU;
https://res.bigseller.pro/sku/images/merchantsku/944484/869390_1754365813057.jpg?imageView2/1/w/300/h/300;2436;SVR Sữa Rửa Mặt Dạng Sữa Sebiaclear Creme Lavante - 55ml;3662361003358;0.00;0.00;0.00;0.00;VIE GROUP HCM;Default Piling Area;Default Shelf;0;0;0;0;0;0.00;0;0.14;0;0.00;0.00;Còn hàng;Chưa chọn danh mục;;;Single SKU;
https://res.bigseller.pro/sku/images/merchantsku/944484/634430_1787501948967.jpg?imageView2/1/w/300/h/300;1269;BIODERMA Nước tẩy trang cho da nhạy cảm - Xanh 100ml [XT];;0.00;0.00;0.00;0.00;VIE GROUP HCM;Default Piling Area;Default Shelf;0;0;0;0;0;0.00;0;0.00;--;0.00;0.00;Ngừng bán;Chưa chọn danh mục;;;Single SKU;
https://res.bigseller.pro/sku/images/merchantsku/944484/726417_1754365715904.jpg?imageView2/1/w/300/h/300;2035;LRP Xịt Khoáng Thermal Spring Water - 50ml;3337875665582;0.00;0.00;0.00;0.00;VIE GROUP HCM;Default Piling Area;Default Shelf;0;0;0;0;0;0.00;0;0.00;--;0.00;0.00;Còn hàng;Chưa chọn danh mục;;;Single SKU;
https://res.bigseller.pro/sku/images/merchantsku/944484/695931_1783327939023.jpg?imageView2/1/w/300/h/300;2462;TETRA Bông Tẩy Trang Pháp LE SOIN A L’ÉTAT PUR - 600 miếng;3156260035515;0.00;0.00;0.00;0.00;VIE GROUP HCM;Default Piling Area;Default Shelf;0;0;0;0;0;0.00;50;0.00;--;0.00;0.00;Còn hàng;Chưa chọn danh mục;;;Single SKU;
https://res.bigseller.pro/sku/images/merchantsku/944484/285258_1754366306783.jpg?imageView2/1/w/300/h/300;2455;TAHITI Sữa Tắm Pháp 250ml - Tiaré [XT];;0.00;0.00;0.00;0.00;VIE GROUP HCM;Default Piling Area;Default Shelf;0;0;0;0;0;0.00;0;0.00;--;0.00;0.00;Ngừng bán;Chưa chọn danh mục;;;Single SKU;
https://res.bigseller.pro/sku/images/merchantsku/944484/061226_1754364214944.jpg?imageView2/1/w/300/h/300;2465;THE BODY SHOP Dầu gội gừng Ginger Scalp Care Shampoo 400ml;5028197425500;0.00;0.00;0.00;0.00;VIE GROUP HCM;Default Piling Area;Default Shelf;0;0;0;0;0;0.00;0;0.00;--;0.00;0.00;Còn hàng;Chưa chọn danh mục;;;Single SKU;
https://res.bigseller.pro/sku/images/merchantsku/944484/165892_1754365726604.jpg?imageView2/1/w/300/h/300;2544;VASELINE Lẻ 1 Túi Hồng 30ML -  Sữa Dưỡng Thể VASELINE;;0.00;0.00;0.00;0.00;VIE GROUP HCM;Default Piling Area;Default Shelf;0;0;0;0;0;0.00;0;0.00;--;0.00;0.00;Còn hàng;Chưa chọn danh mục;;;Single SKU;
https://res.bigseller.pro/sku/images/merchantsku/944484/457433_1753240595992.jpg?imageView2/1/w/300/h/300;2545;VASELINE Lẻ 1 Túi Vàng 30ML - Sữa Dưỡng Thể VASELINE;8851932404105;0.00;0.00;0.00;0.00;VIE GROUP HCM;Default Piling Area;Default Shelf;0;0;0;0;0;0.00;0;0.00;--;0.00;0.00;Còn hàng;Chưa chọn danh mục;;;Single SKU;
https://res.bigseller.pro/sku/images/merchantsku/944484/666856_1754365627904.jpg?imageView2/1/w/300/h/300;1427;CNP Tinh chất keo ong Laboratory Propolis Energy Ampule - 30ml [XT];;0.00;0.00;0.00;0.00;VIE GROUP HCM;Default Piling Area;Default Shelf;0;0;0;0;0;0.00;0;0.00;--;0.00;0.00;Ngừng bán;Chưa chọn danh mục;;;Single SKU;
https://res.bigseller.pro/sku/images/merchantsku/944484/117455_1754361508817.jpg?imageView2/1/w/300/h/300;1479;COMPLIMENT Toner  AHA BHA làm sạch sâu 200ml - XANH NHẠT;4607953917421;0.00;0.00;0.00;0.00;VIE GROUP HCM;Default Piling Area;Default Shelf;0;0;0;0;0;0.00;0;0.00;--;63437.96;0.00;Còn hàng;Chưa chọn danh mục;;;Single SKU;
https://res.bigseller.pro/sku/images/merchantsku/944484/803279_1754366221410.jpg?imageView2/1/w/300/h/300;1517;COTTAGE Sữa tắm Shower Bath and Moisturising 750ml - Pineapple & Coconut;;0.00;0.00;0.00;0.00;VIE GROUP HCM;Default Piling Area;Default Shelf;0;0;0;0;0;0.00;0;0.00;--;0.00;0.00;Ngừng bán;Chưa chọn danh mục;;;Single SKU;
https://res.bigseller.pro/sku/images/merchantsku/944484/456092_1754365813845.jpg?imageView2/1/w/300/h/300;1596;Dr.G Kem chống nắng Brightening Up Sun+ SPF50+ PA+++ (vạch cam) - 10ml;;0.00;0.00;0.00;0.00;VIE GROUP HCM;Default Piling Area;Default Shelf;0;0;0;0;0;0.00;0;0.00;--;0.00;0.00;Ngừng bán;DR.G;;;Single SKU;
https://res.bigseller.pro/sku/images/merchantsku/944484/360120_1754366313721.jpg?imageView2/1/w/300/h/300;1603;Dr.G Kem dưỡng R.E.D Blemish Clear Soothing Cream - tuýp 30ml;;0.00;0.00;0.00;0.00;VIE GROUP HCM;Default Piling Area;Default Shelf;0;0;0;0;0;0.00;0;0.00;--;63626.39;0.00;Còn hàng;DR.G;;;Single SKU;
https://res.bigseller.pro/sku/images/merchantsku/944484/290101_1754365726180.jpg?imageView2/1/w/300/h/300;1632;Bông Tẩy Trang Emalia Pháp 201 Miếng;8938550146027;0.00;0.00;0.00;0.00;VIE GROUP HCM;Default Piling Area;Default Shelf;0;0;0;0;0;0.00;0;0.00;--;0.00;0.00;Còn hàng;Chưa chọn danh mục;;;Single SKU;
https://res.bigseller.pro/sku/images/merchantsku/944484/595748_1754366224453.jpg?imageView2/1/w/300/h/300;1635;EMBRYOLISSE Kem dưỡng Lait CONCENTRE - 5ml;3350900001186;0.00;0.00;0.00;0.00;VIE GROUP HCM;Default Piling Area;Default Shelf;0;0;0;0;0;0.00;0;0.00;--;0.00;0.00;Còn hàng;EMBRYOLISSE;;;Single SKU;
https://res.bigseller.pro/sku/images/merchantsku/944484/657457_1754364214921.jpg?imageView2/1/w/300/h/300;1692;FRESSI CARE ALL Khăn Ướt Face 20 Miếng - XANH DƯƠNG;8934755035036;0.00;0.00;0.00;0.00;VIE GROUP HCM;Default Piling Area;Default Shelf;2;0;2;0;0;0.00;0;0.03;66;0.00;0.00;Còn hàng;Chưa chọn danh mục;;;Single SKU;
https://res.bigseller.pro/sku/images/merchantsku/944484/760910_1754365913888.jpg?imageView2/1/w/300/h/300;1693;FRESSI CARE Khăn Ướt Face 20 Miếng - XANH LÁ;;0.00;0.00;0.00;0.00;VIE GROUP HCM;Default Piling Area;Default Shelf;0;0;0;0;0;0.00;0;0.00;--;0.00;0.00;Ngừng bán;Chưa chọn danh mục;;;Single SKU;
https://res.bigseller.pro/sku/images/merchantsku/944484/348598_1762421438991.jpg?imageView2/1/w/300/h/300;1698;Garnier - LẺ 1 TUÝP Kem Dưỡng Garnier Mỏng Nhẹ Cấp Ẩm & Sáng Da 20ml ( Hộp Móp );;0.00;0.00;0.00;0.00;VIE GROUP HCM;Default Piling Area;Default Shelf;0;0;0;0;0;0.00;0;0.00;--;0.00;0.00;Còn hàng;GARNIER;;;Single SKU;
https://res.bigseller.pro/sku/images/merchantsku/944484/145615_1754365621747.jpg?imageView2/1/w/300/h/300;1703;GARNIER Nước Tẩy Trang Micellar Cleansing Water 125ml - Xanh da hỗn hợp;8935274659246;0.00;0.00;0.00;0.00;VIE GROUP HCM;Default Piling Area;Default Shelf;0;0;0;0;0;0.00;0;0.00;--;21451.15;0.00;Còn hàng;GARNIER;;;Single SKU;
https://res.bigseller.pro/sku/images/merchantsku/944484/254482_1754366308304.jpg?imageView2/1/w/300/h/300;1354;CERAVE Sữa Rửa Mặt HYDRATING Cleanser - 30ml;30159839;0.00;0.00;0.00;0.00;VIE GROUP HCM;Default Piling Area;Default Shelf;0;0;0;0;0;0.00;0;0.00;--;5035.51;0.00;Còn hàng;Chưa chọn danh mục;;;Single SKU;
https://res.bigseller.pro/sku/images/merchantsku/944484/247899_1754365810827.jpg?imageView2/1/w/300/h/300;1739;Gofress  Kẹo lá ngậm thơm miệng Indonesia vỉ 24 lá ngậm 4 vị sảng khoái _ VỊ DÂU;8997009070177;0.00;0.00;0.00;0.00;VIE GROUP HCM;Default Piling Area;Default Shelf;0;0;0;0;0;0.00;0;0.00;--;0.00;0.00;Ngừng bán;Chưa chọn danh mục;;;Single SKU;
https://res.bigseller.pro/sku/images/merchantsku/944484/104062_1754365617526.jpg?imageView2/1/w/300/h/300;1740;Gofress  Kẹo lá ngậm thơm miệng Indonesia vỉ 24 lá ngậm 4 vị sảng khoái _ VỊ NHO;8997009070351;0.00;0.00;0.00;0.00;VIE GROUP HCM;Default Piling Area;Default Shelf;0;0;0;0;0;0.00;0;0.00;--;0.00;0.00;Ngừng bán;Chưa chọn danh mục;;;Single SKU;
https://res.bigseller.pro/sku/images/merchantsku/944484/666042_1754365817658.jpg?imageView2/1/w/300/h/300;1788;INNER Gel inner Wettrust Inner Disposable Multicare Feminine Essence Gel;;0.00;0.00;0.00;0.00;VIE GROUP HCM;Default Piling Area;Default Shelf;0;0;0;0;0;0.00;0;0.00;--;16833.33;0.00;Ngừng bán;Chưa chọn danh mục;;;Single SKU;
https://res.bigseller.pro/sku/images/merchantsku/944484/879418_1755015211663.jpg?imageView2/1/w/300/h/300;1791;INNOSKIN CELL RENEWAL COLLAGEN MASK - lẻ 1 miếng -;;0.00;0.00;0.00;0.00;VIE GROUP HCM;Default Piling Area;Default Shelf;10;0;10;0;0;0.00;0;0.00;--;0.00;0.00;Còn hàng;Chưa chọn danh mục;;;Single SKU;
https://res.bigseller.pro/sku/images/merchantsku/944484/952562_1765876547249.jpg?imageView2/1/w/300/h/300;1884;KEYSHU mặt nạ dưỡng da - 1 Miếng ( madecassoside );8938559960860;0.00;0.00;0.00;0.00;VIE GROUP HCM;Default Piling Area;Default Shelf;650;0;650;0;0;0.00;0;2.00;325;12953.60;8419840.00;Còn hàng;Chưa chọn danh mục;;;Single SKU;
https://res.bigseller.pro/sku/images/merchantsku/944484/874816_1765875748632.jpg?imageView2/1/w/300/h/300;1887;KEYSHU mặt nạ dưỡng da - 1 Miếng ( Vitamin C );8938559960136;0.00;0.00;0.00;0.00;VIE GROUP HCM;Default Piling Area;Default Shelf;35;30;5;0;0;0.00;0;10.97;0;12945.01;453075.35;Còn hàng;Chưa chọn danh mục;;;Single SKU;
https://res.bigseller.pro/sku/images/merchantsku/944484/677563_1754365912466.jpg?imageView2/1/w/300/h/300;1901;KLORANE BEBE Sữa tắm gội Pháp 500ml – Dạng vòi;;0.00;0.00;0.00;0.00;VIE GROUP HCM;Default Piling Area;Default Shelf;0;0;0;0;0;0.00;0;0.00;--;0.00;0.00;Ngừng bán;Chưa chọn danh mục;;;Single SKU;
https://res.bigseller.pro/sku/images/merchantsku/944484/829885_1755015213000.jpg?imageView2/1/w/300/h/300;1900;KLORANE BEBE Sữa tắm gội Pháp 500ml – Dạng nắp;;0.00;0.00;0.00;0.00;VIE GROUP HCM;Default Piling Area;Default Shelf;0;0;0;0;0;0.00;0;0.00;--;0.00;0.00;Ngừng bán;Chưa chọn danh mục;;;Single SKU;
https://res.bigseller.pro/sku/images/merchantsku/944484/500194_1755552875025.jpg?imageView2/1/w/300/h/300;1391;CETAPHIL Sữa rửa mặt Gentle Skin Cleanser - 59ml;3499320013246;0.00;0.00;0.00;0.00;VIE GROUP HCM;Default Piling Area;Default Shelf;0;0;0;0;0;0.00;0;6.78;0;18000.00;0.00;Còn hàng;CETAPHIL;;;Single SKU;
https://res.bigseller.pro/sku/images/merchantsku/944484/207444_1754365631594.jpg?imageView2/1/w/300/h/300;1066;Alucos bông tẩy trang 222 miếng 100% Cotton Tự Nhiên - Siêu Dày, Siêu Mềm Mịn;6977451630831;0.00;0.00;0.00;0.00;VIE GROUP HCM;Default Piling Area;Default Shelf;0;0;0;0;0;0.00;0;0.00;--;0.00;0.00;Ngừng bán;Chưa chọn danh mục;;;Single SKU;
https://res.bigseller.pro/sku/images/merchantsku/944484/210370_1754365811861.jpg?imageView2/1/w/300/h/300;2004;LRP Kem Dưỡng Cicaplast Baume B5+ Soothing Repairing Balm - 15ML;3337875816779;0.00;0.00;0.00;0.00;VIE GROUP HCM;Default Piling Area;Default Shelf;0;0;0;0;0;0.00;0;0.00;--;0.00;0.00;Còn hàng;Chưa chọn danh mục;;;Single SKU;
https://res.bigseller.pro/sku/images/merchantsku/944484/835072_1754365912390.jpg?imageView2/1/w/300/h/300;2008;LRP Kem Dưỡng Effaclar Duo+ M - 40ml;3337875863377;0.00;0.00;0.00;0.00;VIE GROUP HCM;Default Piling Area;Default Shelf;7;5;2;0;0;0.00;0;0.40;5;300919.15;2106434.05;Còn hàng;Chưa chọn danh mục;;;Single SKU;
https://res.bigseller.pro/sku/images/merchantsku/944484/768139_1754365627958.jpg?imageView2/1/w/300/h/300;2589;VICHY Kem dưỡng chống lão hóa Liftactiv Collagen Specialist - 15ML;;0.00;0.00;0.00;0.00;VIE GROUP HCM;Default Piling Area;Default Shelf;0;0;0;0;0;0.00;0;0.00;--;54000.00;0.00;Ngừng bán;Chưa chọn danh mục;;;Single SKU;
https://res.bigseller.pro/sku/images/merchantsku/944484/137863_1775010259082.jpg?imageView2/1/w/300/h/300;VT03;Hộp Giấy  13x7x4 cm;;0.00;0.00;0.00;0.00;VIE GROUP HCM;Default Piling Area;Default Shelf;0;0;0;0;0;0.00;0;0.00;--;0.00;0.00;Còn hàng;#MÃ VẬT TƯ;;;Single SKU;
https://res.bigseller.pro/sku/images/merchantsku/944484/846686_1775010054547.jpg?imageView2/1/w/300/h/300;VT05;Hộp Giấy  đóng mặt nạ 20X20X5 cm;;0.00;0.00;0.00;0.00;VIE GROUP HCM;Default Piling Area;Default Shelf;0;0;0;0;0;0.00;0;0.00;--;0.00;0.00;Còn hàng;#MÃ VẬT TƯ;;;Single SKU;
https://res.bigseller.pro/sku/images/merchantsku/944484/804307_1754365914883.jpg?imageView2/1/w/300/h/300;VT10;HỘP GIẤY 20x8x8;;0.00;0.00;0.00;0.00;VIE GROUP HCM;Default Piling Area;Default Shelf;0;0;0;0;0;0.00;0;0.00;--;0.00;0.00;Còn hàng;#MÃ VẬT TƯ;;;Single SKU;
https://res.bigseller.pro/sku/images/merchantsku/944484/369581_1754366305507.jpg?imageView2/1/w/300/h/300;VT12;HỘP GIẤY 25x10x10 HỘP INTIMA;;0.00;0.00;0.00;0.00;VIE GROUP HCM;Default Piling Area;Default Shelf;500;0;500;0;0;0.00;0;0.00;--;1566.00;783000.00;Còn hàng;#MÃ VẬT TƯ;;;Single SKU;
https://res.bigseller.pro/sku/images/merchantsku/944484/194709_1754366209021.jpg?imageView2/1/w/300/h/300;VT13;HỘP GIẤY 25X10X10 HỘP DÀI ST IVES 650;;0.00;0.00;0.00;0.00;VIE GROUP HCM;Default Piling Area;Default Shelf;0;0;0;0;0;0.00;0;0.00;--;1380.00;0.00;Còn hàng;#MÃ VẬT TƯ;;;Single SKU;
https://res.bigseller.pro/sku/images/merchantsku/944484/654474_1754365617389.jpg?imageView2/1/w/300/h/300;VT14;HỘP GIẤY 25X12X17 HỘP 2 BÔNG;;0.00;0.00;0.00;0.00;VIE GROUP HCM;Default Piling Area;Default Shelf;500;0;500;0;0;0.00;0;0.00;--;2214.00;1107000.00;Còn hàng;#MÃ VẬT TƯ;;;Single SKU;
https://res.bigseller.pro/sku/images/merchantsku/944484/387240_1754365710716.jpg?imageView2/1/w/300/h/300;VT15;HỘP GIẤY 25X20X18 HỘP 4 BÔNG;;0.00;0.00;0.00;0.00;VIE GROUP HCM;Default Piling Area;Default Shelf;0;0;0;0;0;0.00;0;0.00;--;0.00;0.00;Còn hàng;#MÃ VẬT TƯ;;;Single SKU;
https://res.bigseller.pro/sku/images/merchantsku/944484/426756_1775010349763.jpg?imageView2/1/w/300/h/300;VT16;Hộp Giấy18x10x8 cm;;0.00;0.00;0.00;0.00;VIE GROUP HCM;Default Piling Area;Default Shelf;0;0;0;0;0;0.00;0;0.00;--;0.00;0.00;Còn hàng;#MÃ VẬT TƯ;;;Single SKU;
https://res.bigseller.pro/sku/images/merchantsku/944484/036296_1754998487990.jpg?imageView2/1/w/300/h/300;VT11;HỘP GIẤY 25x10x10;;0.00;0.00;0.00;0.00;VIE GROUP HCM;Default Piling Area;Default Shelf;0;0;0;0;0;0.00;0;0.00;--;0.00;0.00;Còn hàng;#MÃ VẬT TƯ;;;Single SKU;
https://res.bigseller.pro/sku/images/merchantsku/944484/438830_1754365810606.jpg?imageView2/1/w/300/h/300;VT09;HỘP GIẤY 20x20x10 HỘP MẶT NẠ VIE;;0.00;0.00;0.00;0.00;VIE GROUP HCM;Default Piling Area;Default Shelf;0;0;0;0;0;0.00;0;0.00;--;0.00;0.00;Còn hàng;#MÃ VẬT TƯ;;;Single SKU;
https://res.bigseller.pro/sku/images/merchantsku/944484/289464_1754364214045.jpg?imageView2/1/w/300/h/300;VT08;HỘP GIẤY 20X12X8 HỘP 1 HOP BÔNG;;0.00;0.00;0.00;0.00;VIE GROUP HCM;Default Piling Area;Default Shelf;5000;0;5000;0;0;0.00;0;0.00;--;1317.60;6588000.00;Còn hàng;#MÃ VẬT TƯ;;;Single SKU;
https://res.bigseller.pro/sku/images/merchantsku/944484/631855_1754998313815.jpg?imageView2/1/w/300/h/300;VT07;HỘP GIẤY 20X12X10 HỘP 1 BÔNG PLUS;;0.00;0.00;0.00;0.00;VIE GROUP HCM;Default Piling Area;Default Shelf;0;0;0;0;0;0.00;0;0.00;--;1573.68;0.00;Còn hàng;#MÃ VẬT TƯ;;;Single SKU;
https://res.bigseller.pro/sku/images/merchantsku/944484/220086_1754366305243.jpg?imageView2/1/w/300/h/300;VT06;HỘP GIẤY 13x6x6 Hộp Mini Faki;;0.00;0.00;0.00;0.00;VIE GROUP HCM;Default Piling Area;Default Shelf;8000;0;8000;0;0;0.00;0;0.00;--;518.40;4147200.00;Còn hàng;#MÃ VẬT TƯ;;;Single SKU;
https://res.bigseller.pro/sku/images/merchantsku/944484/060587_1754365901549.jpg?imageView2/1/w/300/h/300;VT04;HỘP GIẤY  18X8X6 HỘP NHỎ;;0.00;0.00;0.00;0.00;VIE GROUP HCM;Default Piling Area;Default Shelf;15000;0;15000;0;0;0.00;0;0.00;--;799.20;11988000.00;Còn hàng;#MÃ VẬT TƯ;;;Single SKU;
https://res.bigseller.pro/sku/images/merchantsku/944484/105279_1755553018476.jpg?imageView2/1/w/300/h/300;VT02;Chống sốc 20x100 (CM) Chống sốc, bóng nổ 1 CÂY 7  CUỘN NHỎ;;0.00;0.00;0.00;0.00;VIE GROUP HCM;Default Piling Area;Default Shelf;35;0;35;0;0;0.00;0;0.00;--;53760.00;1881600.00;Còn hàng;Chưa chọn danh mục;;;Single SKU;
https://res.bigseller.pro/sku/images/merchantsku/944484/353996_1754365901653.jpg?imageView2/1/w/300/h/300;VT01;Băng keo 200ya  Cây 6 cuộn (1 BAO 20 CÂY);;0.00;0.00;0.00;0.00;VIE GROUP HCM;Default Piling Area;Default Shelf;120;0;120;0;0;0.00;0;0.00;--;13623.06;1634767.20;Còn hàng;Chưa chọn danh mục;;;Single SKU;
https://res.bigseller.pro/sku/images/merchantsku/944484/579510_1787274960075.jpg?imageView2/1/w/300/h/300;QT01;Dr.Sera tây tế bào chết da đầu;;0.00;0.00;0.00;0.00;VIE GROUP HCM;Default Piling Area;Default Shelf;0;0;0;0;0;0.00;0;0.00;--;22.75;0.00;Còn hàng;Chưa chọn danh mục;;;Single SKU;
;GT01;MÃ GIAO THIẾU, BỎ MÃ ĐẨY TỒN;;0.00;0.00;0.00;0.00;VIE GROUP HCM;Default Piling Area;Default Shelf;0;0;0;0;0;0.00;0;0.00;--;1.00;0.00;Ngừng bán;Chưa chọn danh mục;;;Single SKU;
;CP02;PHÍ ĐÓNG GÓI TEAM SỈ ĐÓNG HỘ;;0.00;0.00;0.00;0.00;VIE GROUP HCM;Default Piling Area;Default Shelf;0;0;0;0;0;0.00;0;0.00;--;0.00;0.00;Còn hàng;Chưa chọn danh mục;;;Single SKU;
https://res.bigseller.pro/sku/images/merchantsku/944484/745812_1772762614479.jpg?imageView2/1/w/300/h/300;CP01;PHÍ PHÍ SHIP;;0.00;0.00;0.00;0.00;VIE GROUP HCM;Default Piling Area;Default Shelf;0;0;0;0;0;0.00;0;0.00;--;0.00;0.00;Còn hàng;Chưa chọn danh mục;;;Single SKU;
https://res.bigseller.pro/sku/images/merchantsku/944484/341199_1754365621739.jpg?imageView2/1/w/300/h/300;2718;SULWHASOO Sữa rửa mặt Gentle Cleansing Foam 200ml;;0.00;0.00;0.00;0.00;VIE GROUP HCM;Default Piling Area;Default Shelf;0;0;0;0;0;0.00;0;0.00;--;311190.48;0.00;Còn hàng;Chưa chọn danh mục;;;Single SKU;
https://res.bigseller.pro/sku/images/merchantsku/944484/671595_1754998314148.jpg?imageView2/1/w/300/h/300;2717;ST.IVES Sữa Tắm Tẩy Tế Bào Chết 700ml - Cam Chanh;77043002162;0.00;0.00;0.00;0.00;VIE GROUP HCM;Default Piling Area;Default Shelf;0;0;0;0;0;0.00;0;0.00;--;125221.00;0.00;Còn hàng;Chưa chọn danh mục;;;Single SKU;
https://res.bigseller.pro/sku/images/merchantsku/944484/785418_1774231516476.jpg?imageView2/1/w/300/h/300;2715;PRETTYSKIN Nước tẩy trang B5 Prettyskin Cleansing Water Pretty Skin 500ml (Xanh dương);;0.00;0.00;0.00;0.00;VIE GROUP HCM;Default Piling Area;Default Shelf;0;0;0;0;0;0.00;0;0.00;--;158895.35;0.00;Còn hàng;Chưa chọn danh mục;;;Single SKU;
https://res.bigseller.pro/sku/images/merchantsku/944484/166262_1754919949229.jpg?imageView2/1/w/300/h/300;2714;OLEXRS Dầu Xả Olexrs Argan Oil Collagen Hair Salon - 500ml;5060808885280;0.00;0.00;0.00;0.00;VIE GROUP HCM;Default Piling Area;Default Shelf;8;0;8;0;0;0.00;0;1.40;5;107186.02;857488.16;Còn hàng;Chưa chọn danh mục;;;Single SKU;
https://res.bigseller.pro/sku/images/merchantsku/944484/502903_1754364218301.jpg?imageView2/1/w/300/h/300;2713;OLEXRS Dầu Gội Olexrs Argan Oil Collagen Hair Salon - 500ml;5060808885273;0.00;0.00;0.00;0.00;VIE GROUP HCM;Default Piling Area;Default Shelf;0;0;0;0;0;0.00;0;4.22;0;107166.67;0.00;Còn hàng;Chưa chọn danh mục;;;Single SKU;
https://res.bigseller.pro/sku/images/merchantsku/944484/463633_1755687689262.jpg?imageView2/1/w/300/h/300;2712;OLD SPICE Dầu Gội & Xả 2in1 Hương Nước Hoa Nam Tính 650ml - Bearglove;12044046074;0.00;0.00;0.00;0.00;VIE GROUP HCM;Default Piling Area;Default Shelf;0;0;0;0;0;0.00;0;0.00;--;166680.00;0.00;Còn hàng;Chưa chọn danh mục;;;Single SKU;
https://res.bigseller.pro/sku/images/merchantsku/944484/174409_1754366210948.jpg?imageView2/1/w/300/h/300;2711;OH!OH! Sáp Tẩy Trang Làm oh!oh! Divine Blue Cleansing & Massaging Balm - 150ML;8809089366753;0.00;0.00;0.00;0.00;VIE GROUP HCM;Default Piling Area;Default Shelf;0;0;0;0;0;0.00;0;0.00;--;322500.00;0.00;Còn hàng;Chưa chọn danh mục;;;Single SKU;
https://res.bigseller.pro/sku/images/merchantsku/944484/588749_1754365818066.jpg?imageView2/1/w/300/h/300;2710;LRP Xịt Khoáng Serozinc Zinc Sulfate Solution Cleansing, Soothing - 150ml;3433422406728;0.00;0.00;0.00;0.00;VIE GROUP HCM;Default Piling Area;Default Shelf;26;0;26;0;0;0.00;50;0.17;152;217686.47;5659848.22;Còn hàng;Chưa chọn danh mục;;;Single SKU;
https://res.bigseller.pro/sku/images/merchantsku/944484/842868_1754365910912.jpg?imageView2/1/w/300/h/300;2709;LRP Toner Effaclar Astringent Lotion 200ml (da dầu);3433422408159;0.00;0.00;0.00;0.00;VIE GROUP HCM;Default Piling Area;Default Shelf;20;0;20;0;0;0.00;0;0.13;153;274775.62;5495512.40;Còn hàng;Chưa chọn danh mục;;;Single SKU;
https://res.bigseller.pro/sku/images/merchantsku/944484/722426_1755553018484.jpg?imageView2/1/w/300/h/300;2708;KIEHL'S Toner hoa cúc 75ml [XT];;0.00;0.00;0.00;0.00;VIE GROUP HCM;Default Piling Area;Default Shelf;0;0;0;0;0;0.00;0;0.00;--;135848.84;0.00;Ngừng bán;Chưa chọn danh mục;;;Single SKU;
;2707;KIEHL'S Toner hoa cúc - 40ml [XT];;0.00;0.00;0.00;0.00;VIE GROUP HCM;Default Piling Area;Default Shelf;0;0;0;0;0;0.00;0;0.00;--;65848.84;0.00;Ngừng bán;Chưa chọn danh mục;;;Single SKU;
https://res.bigseller.pro/sku/images/merchantsku/944484/259627_1776131045400.jpg?imageView2/1/w/300/h/300;2706;KIEHL'S Sữa Rửa Mặt Calendula Deep Cleansing Foaming Face Wash Hoa Cúc - 30ml;;0.00;0.00;0.00;0.00;VIE GROUP HCM;Default Piling Area;Default Shelf;0;0;0;0;0;0.00;0;0.00;--;65280.45;0.00;Còn hàng;Chưa chọn danh mục;;;Single SKU;
https://res.bigseller.pro/sku/images/merchantsku/944484/886515_1754366210510.jpg?imageView2/1/w/300/h/300;2705;D'ALBA Kem chống nắng nâng tone Waterfull Tone-up Sunscreen- 50ML - TÍM;;0.00;0.00;0.00;0.00;VIE GROUP HCM;Default Piling Area;Default Shelf;0;0;0;0;0;0.00;0;0.00;--;325277.78;0.00;Còn hàng;Chưa chọn danh mục;;;Single SKU;
https://res.bigseller.pro/sku/images/merchantsku/944484/169456_1754365626373.jpg?imageView2/1/w/300/h/300;2703;CARYOPHY Sữa Rửa Mặt Portulaca Cleansing Foam 150ml;8809501250967;0.00;0.00;0.00;0.00;VIE GROUP HCM;Default Piling Area;Default Shelf;4;0;4;0;0;0.00;0;0.13;30;178000.00;712000.00;Còn hàng;Chưa chọn danh mục;;;Single SKU;
https://res.bigseller.pro/sku/images/merchantsku/944484/175841_1756125546711.jpg?imageView2/1/w/300/h/300;2702;NEOGEN Serum Dermalogy Real Vita C 22% + 5% Niacinamide - 10g [XT];;0.00;0.00;0.00;0.00;VIE GROUP HCM;Default Piling Area;Default Shelf;0;0;0;0;0;0.00;0;0.75;0;27668.68;0.00;Ngừng bán;Chưa chọn danh mục;;;Single SKU;
https://res.bigseller.pro/sku/images/merchantsku/944484/115583_1754366220055.jpg?imageView2/1/w/300/h/300;2700;BUBCHEN Dầu Massage Baby Ol An Toàn Cho trẻ sơ sinh 200ml;;0.00;0.00;0.00;0.00;VIE GROUP HCM;Default Piling Area;Default Shelf;0;0;0;0;0;0.00;0;0.00;--;96750.00;0.00;Còn hàng;Chưa chọn danh mục;;;Single SKU;
https://res.bigseller.pro/sku/images/merchantsku/944484/465368_1754365812054.jpg?imageView2/1/w/300/h/300;2698;Khăn mặt nén Hàn Quốc 25x31cm - COMBO 5 VIÊN [XT];;0.00;0.00;0.00;0.00;VIE GROUP HCM;Default Piling Area;Default Shelf;111;0;111;0;0;0.00;0;0.00;--;2033.00;225663.00;Ngừng bán;Chưa chọn danh mục;;;Single SKU;
https://res.bigseller.pro/sku/images/merchantsku/944484/138669_1754365724978.jpg?imageView2/1/w/300/h/300;2697;OEM Cọ Tán Kem Nền Chuyên Nghiệp Foundation;;0.00;0.00;0.00;0.00;VIE GROUP HCM;Default Piling Area;Default Shelf;2;0;2;0;0;0.00;0;0.00;--;13000.00;26000.00;Còn hàng;Chưa chọn danh mục;;;Single SKU;
https://res.bigseller.pro/sku/images/merchantsku/944484/533900_1754365819936.jpg?imageView2/1/w/300/h/300;2696;Bông Tắm Tẩy Tế Bào Chết Tròn Cao Cấp;;0.00;0.00;0.00;0.00;VIE GROUP HCM;Default Piling Area;Default Shelf;24;0;24;0;0;0.00;0;0.00;--;8274.00;198576.00;Còn hàng;Chưa chọn danh mục;;;Single SKU;
https://res.bigseller.pro/sku/images/merchantsku/944484/396941_1754364213851.jpg?imageView2/1/w/300/h/300;2695;Silky Kem Dưỡng Da Tay Silky Oil Elixir Nga 80ml - Macca Đêm;;0.00;0.00;0.00;0.00;VIE GROUP HCM;Default Piling Area;Default Shelf;0;0;0;0;0;0.00;0;0.00;--;28871.73;0.00;Ngừng bán;Chưa chọn danh mục;;;Single SKU;
https://res.bigseller.pro/sku/images/merchantsku/944484/413293_1757512962056.jpg?imageView2/1/w/300/h/300;2694;Silky  Kem Dưỡng Da Tay Silky Oil Elixir Nga 80ml - Da Khô;;0.00;0.00;0.00;0.00;VIE GROUP HCM;Default Piling Area;Default Shelf;0;0;0;0;0;0.00;0;0.00;--;25500.00;0.00;Còn hàng;Chưa chọn danh mục;;;Single SKU;
https://res.bigseller.pro/sku/images/merchantsku/944484/395266_1763109737802.jpg?imageView2/1/w/300/h/300;2693;OEM Cọ tán son môi Silicon;;0.00;0.00;0.00;0.00;VIE GROUP HCM;Default Piling Area;Default Shelf;88;0;88;0;0;0.00;0;0.00;--;1.92;168.96;Còn hàng;Chưa chọn danh mục;;;Single SKU;
https://res.bigseller.pro/sku/images/merchantsku/944484/262091_1776864698079.jpg?imageView2/1/w/300/h/300;2663;SENSILIS Skin Rescue Serum S.O.S. Hỗ Trợ Làm Dịu, Giảm Mẩn Đỏ Và Duy Trì Độ Ẩm Cho Da 30ml;8428749905608;0.00;0.00;0.00;0.00;VIE GROUP HCM;Default Piling Area;Default Shelf;1;0;1;0;0;0.00;0;0.00;--;747500.00;747500.00;Còn hàng;Chưa chọn danh mục;;;Single SKU;
https://res.bigseller.pro/sku/images/merchantsku/944484/614206_1777463944389.jpg?imageView2/1/w/300/h/300;2654;MARVIS Nước Súc Miệng Collutorio Hương Bạc Hà Thơm Mát, Hỗ Trợ Làm Sạch Khoang Miệng Whitening Mint - 400ml;8004395113514;0.00;0.00;0.00;0.00;VIE GROUP HCM;Default Piling Area;Default Shelf;5;1;4;0;0;0.00;0;0.17;23;179777.78;898888.90;Còn hàng;Chưa chọn danh mục;;;Single SKU;
https://res.bigseller.pro/sku/images/merchantsku/944484/253582_1790909321319.jpg?imageView2/1/w/300/h/300;2639;JM solution Nước hoa hồng 600ml - Đen;;0.00;0.00;0.00;0.00;VIE GROUP HCM;Default Piling Area;Default Shelf;0;0;0;0;0;0.00;0;0.00;--;115464.29;0.00;Còn hàng;Chưa chọn danh mục;;;Single SKU;
https://res.bigseller.pro/sku/images/merchantsku/944484/385880_1790312166499.jpg?imageView2/1/w/300/h/300;2638;JM solution Toner  Hoa Hồng Dưỡng Ẩm Sáng Da 600ml - Hồng;;0.00;0.00;0.00;0.00;VIE GROUP HCM;Default Piling Area;Default Shelf;0;0;0;0;0;0.00;0;0.00;--;115464.29;0.00;Còn hàng;Chưa chọn danh mục;;;Single SKU;
https://res.bigseller.pro/sku/images/merchantsku/944484/820347_1790909406328.jpg?imageView2/1/w/300/h/300;2636;BỘ GỘI MIXRS GLARIC - 500ml XANH LÁ;;0.00;0.00;0.00;0.00;VIE GROUP HCM;Default Piling Area;Default Shelf;0;0;0;0;0;0.00;0;0.00;--;207000.00;0.00;Còn hàng;Chưa chọn danh mục;;;Single SKU;
https://res.bigseller.pro/sku/images/merchantsku/944484/756827_1789618547370.jpg?imageView2/1/w/300/h/300;2635;BỘ GỘI MIXRS GLARIC - 500ml XANH DƯƠNG;;0.00;0.00;0.00;0.00;VIE GROUP HCM;Default Piling Area;Default Shelf;0;0;0;0;0;0.00;0;1.00;0;209080.00;0.00;Còn hàng;Chưa chọn danh mục;;;Single SKU;
https://res.bigseller.pro/sku/images/merchantsku/944484/001610_1790909568140.jpg?imageView2/1/w/300/h/300;2634;BỘ GỘI MIXRS GLARIC - 500ml TÍM;;0.00;0.00;0.00;0.00;VIE GROUP HCM;Default Piling Area;Default Shelf;0;0;0;0;0;0.00;0;0.00;--;207329.95;0.00;Còn hàng;Chưa chọn danh mục;;;Single SKU;
https://res.bigseller.pro/sku/images/merchantsku/944484/539317_1790909536862.jpg?imageView2/1/w/300/h/300;2633;BỘ GỘI MIXRS GLARIC - 500ml HỒNG;;0.00;0.00;0.00;0.00;VIE GROUP HCM;Default Piling Area;Default Shelf;0;0;0;0;0;0.00;0;0.00;--;252005.54;0.00;Còn hàng;Chưa chọn danh mục;;;Single SKU;
https://res.bigseller.pro/sku/images/merchantsku/944484/941532_1782736961196.jpg?imageView2/1/w/300/h/300;2631;SENSILIS Gel Rửa Mặt Purify Essential Cleanser - 50ml;;0.00;0.00;0.00;0.00;VIE GROUP HCM;Default Piling Area;Default Shelf;9;0;9;0;0;0.00;0;0.10;90;88666.00;797994.00;Còn hàng;Chưa chọn danh mục;;;Single SKU;
https://res.bigseller.pro/sku/images/merchantsku/944484/017205_1754365627012.jpg?imageView2/1/w/300/h/300;2626;YUEJIN Mặt nạ cấp ẩm YUEJIN B5 REPAIR CONTROL EGF 25ml 1 MIẾNG;8809874451077;0.00;0.00;0.00;0.00;VIE GROUP HCM;Default Piling Area;Default Shelf;275;90;185;0;0;0.00;0;3.33;55;10441.46;2871401.50;Còn hàng;Chưa chọn danh mục;;;Single SKU;
https://res.bigseller.pro/sku/images/merchantsku/944484/871597_1754365818331.jpg?imageView2/1/w/300/h/300;2625;YUEJIN Mặt nạ cấp ẩm B5 MELASMA SOS 25ml 1 MIẾNG (BẠC);;0.00;0.00;0.00;0.00;VIE GROUP HCM;Default Piling Area;Default Shelf;15;0;15;0;0;0.00;0;0.00;--;18794.12;281911.80;Còn hàng;Chưa chọn danh mục;;;Single SKU;
https://res.bigseller.pro/sku/images/merchantsku/944484/594492_1754364218322.jpg?imageView2/1/w/300/h/300;2624;WONJIN Mặt Nạ Effect Mask Lẻ 1 Miếng – Xanh Lá;8809544631372;0.00;0.00;0.00;0.00;VIE GROUP HCM;Default Piling Area;Default Shelf;11;0;11;0;0;0.00;0;0.33;33;19898.85;218887.35;Còn hàng;Chưa chọn danh mục;;;Single SKU;
https://res.bigseller.pro/sku/images/merchantsku/944484/627018_1754365904060.jpg?imageView2/1/w/300/h/300;2623;WONJIN Mặt Nạ Effect Mask Lẻ 1 Miếng – Xanh Dương;8809544630498;0.00;0.00;0.00;0.00;VIE GROUP HCM;Default Piling Area;Default Shelf;6;0;6;0;0;0.00;0;0.00;--;19623.23;117739.38;Còn hàng;Chưa chọn danh mục;;;Single SKU;
https://res.bigseller.pro/sku/images/merchantsku/944484/341001_1755015212603.jpg?imageView2/1/w/300/h/300;2622;WONJIN Mặt Nạ Effect Mask Lẻ 1 Miếng – Vàng;8809544632171;0.00;0.00;0.00;0.00;VIE GROUP HCM;Default Piling Area;Default Shelf;0;0;0;0;0;0.00;0;0.00;--;20079.17;0.00;Còn hàng;Chưa chọn danh mục;;;Single SKU;
https://res.bigseller.pro/sku/images/merchantsku/944484/814466_1754998487722.jpg?imageView2/1/w/300/h/300;2621;WONJIN Mặt Nạ Effect Mask Lẻ 1 Miếng – Hồng;8809544631297;0.00;0.00;0.00;0.00;VIE GROUP HCM;Default Piling Area;Default Shelf;40;0;40;0;0;0.00;0;0.87;45;19734.58;789383.20;Còn hàng;Chưa chọn danh mục;;;Single SKU;
https://res.bigseller.pro/sku/images/merchantsku/944484/046610_1754998488432.jpg?imageView2/1/w/300/h/300;2620;WONJIN Mặt nạ Ampoule Edition Fill Air Mask 27g - 1 Miếng Xanh dương;8809544632119;0.00;0.00;0.00;0.00;VIE GROUP HCM;Default Piling Area;Default Shelf;3;0;3;0;0;0.00;0;0.60;5;13600.00;40800.00;Còn hàng;Chưa chọn danh mục;;;Single SKU;
https://res.bigseller.pro/sku/images/merchantsku/944484/542732_1754364216986.jpg?imageView2/1/w/300/h/300;2619;WONJIN Mặt nạ Ampoule Edition Fill Air Mask 27g - 1 Miếng Hồng;8809544632157;0.00;0.00;0.00;0.00;VIE GROUP HCM;Default Piling Area;Default Shelf;96;0;96;0;0;0.00;0;0.33;290;13800.00;1324800.00;Còn hàng;Chưa chọn danh mục;;;Single SKU;
https://res.bigseller.pro/sku/images/merchantsku/944484/987902_1754366317793.jpg?imageView2/1/w/300/h/300;2618;WONJIN Hộp 30 Miếng Mặt Nạ Wonjin Effect Mask 350g Chăm Da Mỗi Ngày - Xanh lá;;0.00;0.00;0.00;0.00;VIE GROUP HCM;Default Piling Area;Default Shelf;0;0;0;0;0;0.00;0;0.00;--;269250.00;0.00;Còn hàng;Chưa chọn danh mục;;;Single SKU;
https://res.bigseller.pro/sku/images/merchantsku/944484/697595_1754365724776.jpg?imageView2/1/w/300/h/300;2617;WONJIN Hộp 30 Miếng Mặt Nạ Wonjin Effect Mask 350g Chăm Da Mỗi Ngày - Xanh Dương;8809544631167;0.00;0.00;0.00;0.00;VIE GROUP HCM;Default Piling Area;Default Shelf;2;0;2;0;0;0.00;0;0.00;--;269250.00;538500.00;Còn hàng;Chưa chọn danh mục;;;Single SKU;
https://res.bigseller.pro/sku/images/merchantsku/944484/712259_1755552877262.jpg?imageView2/1/w/300/h/300;2616;WONJIN Hộp 30 Miếng Mặt Nạ Wonjin Effect Mask 350g Chăm Da Mỗi Ngày - Vàng;;0.00;0.00;0.00;0.00;VIE GROUP HCM;Default Piling Area;Default Shelf;0;0;0;0;0;0.00;0;0.00;--;285094.00;0.00;Còn hàng;Chưa chọn danh mục;;;Single SKU;
https://res.bigseller.pro/sku/images/merchantsku/944484/910025_1754365914995.jpg?imageView2/1/w/300/h/300;2615;WONJIN Hộp 30 Miếng Mặt Nạ Wonjin Effect Mask 350g Chăm Da Mỗi Ngày - Hồng;8809544632812;0.00;0.00;0.00;0.00;VIE GROUP HCM;Default Piling Area;Default Shelf;3;0;3;0;0;0.00;0;0.00;--;285540.89;856622.67;Còn hàng;Chưa chọn danh mục;;;Single SKU;
https://res.bigseller.pro/sku/images/merchantsku/944484/164801_1754365714083.jpg?imageView2/1/w/300/h/300;2614;WONDER BATH Sữa rửa mặt Byvibes PH Balancing PHA 5.5 Cleansing Foam 130ml;8809499089273;0.00;0.00;0.00;0.00;VIE GROUP HCM;Default Piling Area;Default Shelf;0;0;0;0;0;0.00;0;2.00;0;140770.27;0.00;Còn hàng;Chưa chọn danh mục;;;Single SKU;
https://res.bigseller.pro/sku/images/merchantsku/944484/407707_1754361504525.jpg?imageView2/1/w/300/h/300;2613;WELLAGE Toner dưỡng ẩm Real Hyaluronic 200ml;8809619272561;0.00;0.00;0.00;0.00;VIE GROUP HCM;Default Piling Area;Default Shelf;0;0;0;0;0;0.00;0;0.00;--;216000.00;0.00;Còn hàng;Chưa chọn danh mục;;;Single SKU;
https://res.bigseller.pro/sku/images/merchantsku/944484/612610_1754365621824.jpg?imageView2/1/w/300/h/300;2612;WEILAIYA Sữa Tắm Damask Grand Rose Extracts Whitening Shower Gel 450ml [XT];6971025880783;0.00;0.00;0.00;0.00;VIE GROUP HCM;Default Piling Area;Default Shelf;0;0;0;0;0;0.00;0;3.00;--;257276.04;0.00;Ngừng bán;Chưa chọn danh mục;;;Single SKU;
https://res.bigseller.pro/sku/images/merchantsku/944484/924676_1790822526848.jpg?imageView2/1/w/300/h/300;2611;WEILAIYA SET Dầu Gội + XẢ Zingiber Officinale Juice - TRẮNG 400ml;;0.00;0.00;0.00;0.00;VIE GROUP HCM;Default Piling Area;Default Shelf;0;0;0;0;0;0.00;0;2.33;0;458081.63;0.00;Còn hàng;Chưa chọn danh mục;;;Single SKU;
https://res.bigseller.pro/sku/images/merchantsku/944484/512526_1790822500159.jpg?imageView2/1/w/300/h/300;2610;WEILAIYA SET Dầu Gội + XẢ Zingiber Officinale Juice - NÂU 400ml;;0.00;0.00;0.00;0.00;VIE GROUP HCM;Default Piling Area;Default Shelf;0;0;0;0;0;0.00;0;1.67;0;458081.63;0.00;Còn hàng;Chưa chọn danh mục;;;Single SKU;
https://res.bigseller.pro/sku/images/merchantsku/944484/604979_1754365814754.jpg?imageView2/1/w/300/h/300;2609;WEILAIYA Dầu Xả Nấm White Truffle Hair Nourishing Conditioner 450ml [XT];;0.00;0.00;0.00;0.00;VIE GROUP HCM;Default Piling Area;Default Shelf;0;0;0;0;0;0.00;0;2.00;0;373446.85;0.00;Ngừng bán;Chưa chọn danh mục;;;Single SKU;
https://res.bigseller.pro/sku/images/merchantsku/944484/714170_1782467397773.jpg?imageView2/1/w/300/h/300;2608;WEILAIYA Dầu Xả Ginger Conditioner gừng trắng Đông y giảm rụng và kích thích mọc tóc 250ml [XT];6971025880677;0.00;0.00;0.00;0.00;VIE GROUP HCM;Default Piling Area;Default Shelf;2;0;2;0;0;0.00;0;0.00;--;1.00;2.00;Còn hàng;Chưa chọn danh mục;;;Single SKU;
https://res.bigseller.pro/sku/images/merchantsku/944484/807578_1782723031441.jpg?imageView2/1/w/300/h/300;2607;WEILAIYA Dầu Gội Nấm White Truffle Lightness Shampoo 450ml [XT];;0.00;0.00;0.00;0.00;VIE GROUP HCM;Default Piling Area;Default Shelf;0;0;0;0;0;0.00;0;2.00;0;373446.85;0.00;Ngừng bán;Chưa chọn danh mục;;;Single SKU;
https://res.bigseller.pro/sku/images/merchantsku/944484/748299_1785306992707.jpg?imageView2/1/w/300/h/300;2606;VOUDIOTY Tinh dầu dưỡng tóc 60ml;5061014615159;0.00;0.00;0.00;0.00;VIE GROUP HCM;Default Piling Area;Default Shelf;27;0;27;0;0;0.00;0;0.12;225;52296.30;1412000.10;Còn hàng;Chưa chọn danh mục;;;Single SKU;
https://res.bigseller.pro/sku/images/merchantsku/944484/703659_1790909642454.jpg?imageView2/1/w/300/h/300;2605;VOUDIOTY Kem ủ tóc Biotin Collagen Repairing Hair Mask - 500ml;;0.00;0.00;0.00;0.00;VIE GROUP HCM;Default Piling Area;Default Shelf;1;0;1;0;0;0.00;0;0.00;--;115333.33;115333.33;Còn hàng;Chưa chọn danh mục;;;Single SKU;
https://res.bigseller.pro/sku/images/merchantsku/944484/783327_1763968381522.jpg?imageView2/1/w/300/h/300;2604;VOUDIOTY COMBO   Dầu gội xả Biotin Collagen Essence Pink phục hồi siêu cấp - 500ml HỒNG;;0.00;0.00;0.00;0.00;VIE GROUP HCM;Default Piling Area;Default Shelf;0;0;0;0;0;0.00;0;0.00;--;212333.33;0.00;Còn hàng;Chưa chọn danh mục;;;Single SKU;
https://res.bigseller.pro/sku/images/merchantsku/944484/594105_1790909691750.jpg?imageView2/1/w/300/h/300;2603;VLET Chì Kẻ Viền Môi Clio Velvet Lip Pencil Kèm Gọt Chì - 01Rosy Pink;;0.00;0.00;0.00;0.00;VIE GROUP HCM;Default Piling Area;Default Shelf;0;0;0;0;0;0.00;0;0.00;--;169888.89;0.00;Còn hàng;Chưa chọn danh mục;;;Single SKU;
https://res.bigseller.pro/sku/images/merchantsku/944484/241336_1754365621758.jpg?imageView2/1/w/300/h/300;2600;VICHY Xịt khoáng Mineralizing Thermal Water - 300ml;3337871321963330;0.00;0.00;0.00;0.00;VIE GROUP HCM;Default Piling Area;Default Shelf;8;0;8;0;0;0.00;0;0.00;--;318619.92;2548959.36;Còn hàng;Chưa chọn danh mục;;;Single SKU;
https://res.bigseller.pro/sku/images/merchantsku/944484/557114_1754365814974.jpg?imageView2/1/w/300/h/300;2599;VICHY Xịt khoáng Mineralizing Thermal Water - 150ml;3337871308612;0.00;0.00;0.00;0.00;VIE GROUP HCM;Default Piling Area;Default Shelf;0;0;0;0;0;0.00;0;0.00;--;226800.00;0.00;Còn hàng;Chưa chọn danh mục;;;Single SKU;
https://res.bigseller.pro/sku/images/merchantsku/944484/231598_1754366318086.jpg?imageView2/1/w/300/h/300;2598;VICHY Sữa Rửa Mặt Dạng Gel Normaderm Phytosolution Intensive Purifying Gel - 50ml;3337875663090;0.00;0.00;0.00;0.00;VIE GROUP HCM;Default Piling Area;Default Shelf;0;0;0;0;0;0.00;0;0.00;--;44008.82;0.00;Còn hàng;Chưa chọn danh mục;;;Single SKU;
https://res.bigseller.pro/sku/images/merchantsku/944484/581838_1754365818123.jpg?imageView2/1/w/300/h/300;2597;VICHY Serum Mineral 89 Fortifying Daily Booster - 50ml;3337875543248;0.00;0.00;0.00;0.00;VIE GROUP HCM;Default Piling Area;Default Shelf;0;0;0;0;0;0.00;0;0.00;--;723866.23;0.00;Còn hàng;Chưa chọn danh mục;;;Single SKU;
https://res.bigseller.pro/sku/images/merchantsku/944484/859481_1787500114618.jpg?imageView2/1/w/300/h/300;2596;VICHY Serum Lifactiv B3 Dark Spost 30ml;3337875734905;0.00;0.00;0.00;0.00;VIE GROUP HCM;Default Piling Area;Default Shelf;0;0;0;0;0;0.00;0;0.00;--;595441.27;0.00;Còn hàng;Chưa chọn danh mục;;;Single SKU;
https://res.bigseller.pro/sku/images/merchantsku/944484/525065_1754366217753.jpg?imageView2/1/w/300/h/300;2595;VICHY Lăn Khử Mùi Détranspirant Intensif 72h Transpiration Excessive 50ml;3337871324001;0.00;0.00;0.00;0.00;VIE GROUP HCM;Default Piling Area;Default Shelf;15;0;15;0;0;0.00;0;0.47;31;203685.58;3055283.70;Còn hàng;Chưa chọn danh mục;;;Single SKU;
https://res.bigseller.pro/sku/images/merchantsku/944484/230897_1754365627939.jpg?imageView2/1/w/300/h/300;2594;VICHY Lăn Khử Mùi 48H Traitement Anti Transpirant 50ml;3337871320300;0.00;0.00;0.00;0.00;VIE GROUP HCM;Default Piling Area;Default Shelf;34;0;34;0;0;0.00;0;0.43;79;201879.31;6863896.54;Còn hàng;Chưa chọn danh mục;;;Single SKU;
https://res.bigseller.pro/sku/images/merchantsku/944484/288851_1788426904322.jpg?imageView2/1/w/300/h/300;2593;VICHY Kem Dưỡng  Chuyên Biệt Ban Đêm Liftactiv Collagen Specialist 16 Night Cream 50ml;3337875722520;0.00;0.00;0.00;0.00;VIE GROUP HCM;Default Piling Area;Default Shelf;0;0;0;0;0;0.00;0;0.00;--;750111.49;0.00;Còn hàng;Chưa chọn danh mục;;;Single SKU;
https://res.bigseller.pro/sku/images/merchantsku/944484/529289_1788485922122.jpg?imageView2/1/w/300/h/300;2591;VICHY Kem dưỡng Chuyên Biệt Dùng Ban Ngày Liftactiv Collagen Specialist 16 Day Cream - 50ML;;0.00;0.00;0.00;0.00;VIE GROUP HCM;Default Piling Area;Default Shelf;0;0;0;0;0;0.00;0;2.00;0;749246.45;0.00;Còn hàng;Chưa chọn danh mục;;;Single SKU;
https://res.bigseller.pro/sku/images/merchantsku/944484/358383_1755687689544.jpg?imageView2/1/w/300/h/300;2590;"VICHY Kem dưỡng chống lão hóa Liftactiv Collagen Specialist - 15ML	( ĐÊM )";2005668674;0.00;0.00;0.00;0.00;VIE GROUP HCM;Default Piling Area;Default Shelf;1;0;1;0;0;0.00;0;0.00;--;56295.68;56295.68;Ngừng bán;Chưa chọn danh mục;;;Single SKU;
https://res.bigseller.pro/sku/images/merchantsku/944484/335437_1754365713991.jpg?imageView2/1/w/300/h/300;2588;VICHY Kem Chống Nắng Capital Soleil Dry Touch SPF50 50ml (không nhờn rít) [MẪU MỚI];3337871323622;0.00;0.00;0.00;0.00;VIE GROUP HCM;Default Piling Area;Default Shelf;45;1;44;0;0;0.00;30;1.67;26;321033.23;14446495.35;Còn hàng;Chưa chọn danh mục;;;Single SKU;
https://res.bigseller.pro/sku/images/merchantsku/944484/866911_1754365715819.jpg?imageView2/1/w/300/h/300;2587;VICHY Dầu gội Dercos Technique Anti-Dandruff Ds Normal To Oily Hair - 200ml (Xanh da dầu);3337871330286;0.00;0.00;0.00;0.00;VIE GROUP HCM;Default Piling Area;Default Shelf;15;0;15;0;0;0.00;0;1.10;13;236815.00;3552225.00;Còn hàng;Chưa chọn danh mục;;;Single SKU;
https://res.bigseller.pro/sku/images/merchantsku/944484/214530_1754365912583.jpg?imageView2/1/w/300/h/300;2586;VICHY Dầu gội Dercos Technique Anti-Dandruff Ds Advanced To Oily Hair - 50ml (Xanh da dầu);3337875845533;0.00;0.00;0.00;0.00;VIE GROUP HCM;Default Piling Area;Default Shelf;130;3;127;0;0;0.00;0;3.96;32;36030.72;4683993.60;Còn hàng;Chưa chọn danh mục;;;Single SKU;
https://res.bigseller.pro/sku/images/merchantsku/944484/011874_1754365906486.jpg?imageView2/1/w/300/h/300;2585;VICHY Dầu Gội Dercos Energy+ Aminexil Niacinamide Stimulating Shampoo Hairloss 200Ml (Đỏ);3337871311292;0.00;0.00;0.00;0.00;VIE GROUP HCM;Default Piling Area;Default Shelf;19;15;4;0;0;0.00;0;0.77;5;237369.23;4510015.37;Còn hàng;Chưa chọn danh mục;;;Single SKU;
https://res.bigseller.pro/sku/images/merchantsku/944484/383651_1787497650813.jpg?imageView2/1/w/300/h/300;2584;VELVET SON KEM BÙN MOOEKISS VELVET LIP MUD 3G - V15;6938582351095;0.00;0.00;0.00;0.00;VIE GROUP HCM;Default Piling Area;Default Shelf;4;0;4;0;0;0.00;0;0.00;--;99000.00;396000.00;Còn hàng;Chưa chọn danh mục;;;Single SKU;
https://res.bigseller.pro/sku/images/merchantsku/944484/810189_1790909796135.jpg?imageView2/1/w/300/h/300;2583;VELVET SON KEM BÙN MOOEKISS VELVET LIP MUD 3G - V12;;0.00;0.00;0.00;0.00;VIE GROUP HCM;Default Piling Area;Default Shelf;0;0;0;0;0;0.00;0;0.00;--;101121.21;0.00;Còn hàng;Chưa chọn danh mục;;;Single SKU;
https://res.bigseller.pro/sku/images/merchantsku/944484/660063_1790909771200.jpg?imageView2/1/w/300/h/300;2582;VELVET SON KEM BÙN MOOEKISS VELVET LIP MUD 3G - V10;;0.00;0.00;0.00;0.00;VIE GROUP HCM;Default Piling Area;Default Shelf;0;0;0;0;0;0.00;0;0.00;--;101121.21;0.00;Còn hàng;Chưa chọn danh mục;;;Single SKU;
https://res.bigseller.pro/sku/images/merchantsku/944484/914513_1790909742964.jpg?imageView2/1/w/300/h/300;2581;VELVET SON KEM BÙN MOOEKISS VELVET LIP MUD 3G - V09;;0.00;0.00;0.00;0.00;VIE GROUP HCM;Default Piling Area;Default Shelf;0;0;0;0;0;0.00;0;0.00;--;101121.21;0.00;Còn hàng;Chưa chọn danh mục;;;Single SKU;
https://res.bigseller.pro/sku/images/merchantsku/944484/984704_1790909889431.jpg?imageView2/1/w/300/h/300;2580;VELVET SON KEM BÙN MOOEKISS VELVET LIP MUD 3G - V07;;0.00;0.00;0.00;0.00;VIE GROUP HCM;Default Piling Area;Default Shelf;0;0;0;0;0;0.00;0;0.00;--;101121.21;0.00;Ngừng bán;Chưa chọn danh mục;;;Single SKU;
https://res.bigseller.pro/sku/images/merchantsku/944484/890903_1790909912947.jpg?imageView2/1/w/300/h/300;2579;VELVET SON KEM BÙN MOOEKISS VELVET LIP MUD 3G - V06;;0.00;0.00;0.00;0.00;VIE GROUP HCM;Default Piling Area;Default Shelf;0;0;0;0;0;0.00;0;0.00;--;101121.21;0.00;Ngừng bán;Chưa chọn danh mục;;;Single SKU;
https://res.bigseller.pro/sku/images/merchantsku/944484/553415_1790909855039.jpg?imageView2/1/w/300/h/300;2578;VELVET SON KEM BÙN MOOEKISS VELVET LIP MUD 3G - V04;;0.00;0.00;0.00;0.00;VIE GROUP HCM;Default Piling Area;Default Shelf;0;0;0;0;0;0.00;0;0.00;--;101121.21;0.00;Ngừng bán;Chưa chọn danh mục;;;Single SKU;
https://res.bigseller.pro/sku/images/merchantsku/944484/593959_1790909935576.jpg?imageView2/1/w/300/h/300;2577;VELVET SON KEM BÙN MOOEKISS VELVET LIP MUD 3G - V02;;0.00;0.00;0.00;0.00;VIE GROUP HCM;Default Piling Area;Default Shelf;0;0;0;0;0;0.00;0;0.00;--;101121.21;0.00;Ngừng bán;Chưa chọn danh mục;;;Single SKU;
https://res.bigseller.pro/sku/images/merchantsku/944484/909691_1779195713024.jpg?imageView2/1/w/300/h/300;2576;VELLA Mặt Nạ Ngủ Ban Đêm Vitathione Core One Capsule Mask - 50ml;8809378622393;0.00;0.00;0.00;0.00;VIE GROUP HCM;Default Piling Area;Default Shelf;3;0;3;0;0;0.00;0;0.00;--;217000.00;651000.00;Còn hàng;Chưa chọn danh mục;;;Single SKU;
https://res.bigseller.pro/sku/images/merchantsku/944484/331107_1767103228600.jpg?imageView2/1/w/300/h/300;2575;Vella Kem Dưỡng Da Vùng Cổ Vella Concentrate Neck Cream 50ml;8809378621259;0.00;0.00;0.00;0.00;VIE GROUP HCM;Default Piling Area;Default Shelf;0;0;0;0;0;0.00;0;9.30;0;205045.44;0.00;Còn hàng;Chưa chọn danh mục;;;Single SKU;
https://res.bigseller.pro/sku/images/merchantsku/944484/910095_1779196327844.jpg?imageView2/1/w/300/h/300;2574;VELLA Kem Dưỡng Da Caviar Cream Vital A. VELLA 50ml Trứng Cá Tầm - 50ML;8809378622041;0.00;0.00;0.00;0.00;VIE GROUP HCM;Default Piling Area;Default Shelf;4;0;4;0;0;0.00;0;0.03;133;217000.00;868000.00;Còn hàng;Chưa chọn danh mục;;;Single SKU;
https://res.bigseller.pro/sku/images/merchantsku/944484/799865_1754365815397.jpg?imageView2/1/w/300/h/300;2572;VEET Kem Tẩy Lông Silk & Fresh Hair Removal Cream 50G - Sensitive Skin;5052197061345;0.00;0.00;0.00;0.00;VIE GROUP HCM;Default Piling Area;Default Shelf;0;0;0;0;0;0.00;0;0.00;--;54291.22;0.00;Ngừng bán;Chưa chọn danh mục;;;Single SKU;
https://res.bigseller.pro/sku/images/merchantsku/944484/028929_1755015214947.jpg?imageView2/1/w/300/h/300;2571;VEET Kem Tẩy Lông Silk & Fresh Hair Removal Cream 50G - Normal Skin;5052197061352;0.00;0.00;0.00;0.00;VIE GROUP HCM;Default Piling Area;Default Shelf;0;0;0;0;0;0.00;0;0.00;--;50411.27;0.00;Ngừng bán;Chưa chọn danh mục;;;Single SKU;
https://res.bigseller.pro/sku/images/merchantsku/944484/922064_1783327255871.jpg?imageView2/1/w/300/h/300;2570;VASELINE Sữa Dưỡng Thể Gluta-Hya Serum Burst UV Lotion 330ml - XANH DƯƠNG;8851932439756;0.00;0.00;0.00;0.00;VIE GROUP HCM;Default Piling Area;Default Shelf;0;0;0;0;0;0.00;0;1.14;0;89263.16;0.00;Còn hàng;Chưa chọn danh mục;;;Single SKU;
https://res.bigseller.pro/sku/images/merchantsku/944484/703537_1753243527257.jpg?imageView2/1/w/300/h/300;2569;VASELINE - Dưỡng Thể Gluta-Hyal - VÀNG 70ml;8851932440271;0.00;0.00;0.00;0.00;VIE GROUP HCM;Default Piling Area;Default Shelf;0;0;0;0;0;0.00;0;0.00;--;16500.00;0.00;Còn hàng;Chưa chọn danh mục;;;Single SKU;
https://res.bigseller.pro/sku/images/merchantsku/944484/155669_1754366313748.jpg?imageView2/1/w/300/h/300;2568;VASELINE Sữa Dưỡng Thể Healthy Bright Insta Radiance UV Tone-Up Lotion 350ml [Sáng Da Tức Thì];8851932316583;0.00;0.00;0.00;0.00;VIE GROUP HCM;Default Piling Area;Default Shelf;0;0;0;0;0;0.00;0;0.00;0;86000.00;0.00;Ngừng bán;Chưa chọn danh mục;;;Single SKU;
https://res.bigseller.pro/sku/images/merchantsku/944484/318533_1754365818082.jpg?imageView2/1/w/300/h/300;2567;VASELINE Sữa Dưỡng Thể Healthy Bright Gluta-Hya Body Tone-Up UV Lotion 300ml;8851932439923;0.00;0.00;0.00;0.00;VIE GROUP HCM;Default Piling Area;Default Shelf;4;0;4;0;0;0.00;0;0.50;8;112000.00;448000.00;Còn hàng;Chưa chọn danh mục;;;Single SKU;
https://res.bigseller.pro/sku/images/merchantsku/944484/175316_1754365720866.jpg?imageView2/1/w/300/h/300;2566;VASELINE Sữa Dưỡng Thể Gluta-Hya Serum Burst UV Lotion 330ml - Flawless Bright [BAN NGÀY];9556126670654;0.00;0.00;0.00;0.00;VIE GROUP HCM;Default Piling Area;Default Shelf;0;0;0;0;0;0.00;0;0.00;--;88500.00;0.00;Còn hàng;Chưa chọn danh mục;;;Single SKU;
https://res.bigseller.pro/sku/images/merchantsku/944484/710556_1754366219610.jpg?imageView2/1/w/300/h/300;2565;VASELINE Sữa Dưỡng Thể Gluta-Hya Serum Burst UV Lotion 330ml - Dewy Radiance [BAN ĐÊM];9556126670661;0.00;0.00;0.00;0.00;VIE GROUP HCM;Default Piling Area;Default Shelf;0;0;0;0;0;0.00;0;0.00;--;84341.98;0.00;Còn hàng;Chưa chọn danh mục;;;Single SKU;
https://res.bigseller.pro/sku/images/merchantsku/944484/942651_1754361504875.jpg?imageView2/1/w/300/h/300;2564;VASELINE Sữa Dưỡng Thể Gluta-Hya Serum Burst UV Lotion 300ml - Flawless Bright [BAN NGÀY] [XT];;0.00;0.00;0.00;0.00;VIE GROUP HCM;Default Piling Area;Default Shelf;0;0;0;0;0;0.00;0;0.40;0;85899.10;0.00;Còn hàng;Chưa chọn danh mục;;;Single SKU;
https://res.bigseller.pro/sku/images/merchantsku/944484/567351_1767018149563.jpg?imageView2/1/w/300/h/300;2563;VASELINE Sữa Dưỡng Thể Chống Nắng Healthy Bright Gluta-Hyal 70X - CAM 70ML;;0.00;0.00;0.00;0.00;VIE GROUP HCM;Default Piling Area;Default Shelf;0;0;0;0;0;0.00;0;0.00;--;14000.00;0.00;Ngừng bán;Chưa chọn danh mục;;;Single SKU;
https://res.bigseller.pro/sku/images/merchantsku/944484/338320_1754365909762.jpg?imageView2/1/w/300/h/300;2562;VASELINE Son Dưỡng Lip Therapy Thỏi 4.8g - Rosy Lips;8801619047545;0.00;0.00;0.00;0.00;VIE GROUP HCM;Default Piling Area;Default Shelf;0;0;0;0;0;0.00;0;31.33;0;45000.00;0.00;Còn hàng;Chưa chọn danh mục;;;Single SKU;
https://res.bigseller.pro/sku/images/merchantsku/944484/330610_1754366313693.jpg?imageView2/1/w/300/h/300;2561;VASELINE Son Dưỡng Lip Therapy Thỏi 4.8g - Original;8801619047552;0.00;0.00;0.00;0.00;VIE GROUP HCM;Default Piling Area;Default Shelf;0;0;0;0;0;0.00;0;29.08;0;45000.00;0.00;Còn hàng;Chưa chọn danh mục;;;Single SKU;
https://res.bigseller.pro/sku/images/merchantsku/944484/410382_1754365721676.jpg?imageView2/1/w/300/h/300;2560;VASELINE Son Dưỡng Lip Therapy Thỏi 4.8g - Cocoa Butter;8801619047569;0.00;0.00;0.00;0.00;VIE GROUP HCM;Default Piling Area;Default Shelf;9;0;9;0;0;0.00;0;3.38;2;45011.24;405101.16;Còn hàng;Chưa chọn danh mục;;;Single SKU;
https://res.bigseller.pro/sku/images/merchantsku/944484/374028_1754366217768.jpg?imageView2/1/w/300/h/300;2559;VASELINE Son Dưỡng Lip Therapy Thỏi 4.8g - Aloe Vera;8801619047576;0.00;0.00;0.00;0.00;VIE GROUP HCM;Default Piling Area;Default Shelf;0;0;0;0;0;0.00;0;3.60;0;45000.00;0.00;Còn hàng;Chưa chọn danh mục;;;Single SKU;
https://res.bigseller.pro/sku/images/merchantsku/944484/489779_1754365626931.jpg?imageView2/1/w/300/h/300;2558;VASELINE Son Dưỡng Có Màu Colour + Care 3g - Mellow Rose;8886467037382;0.00;0.00;0.00;0.00;VIE GROUP HCM;Default Piling Area;Default Shelf;0;0;0;0;0;0.00;0;0.00;--;75048.89;0.00;Còn hàng;Chưa chọn danh mục;;;Single SKU;
https://res.bigseller.pro/sku/images/merchantsku/944484/209576_1754365818543.jpg?imageView2/1/w/300/h/300;2557;VASELINE Son Dưỡng Có Màu Colour + Care 3g - Kissing Red;8886467037344;0.00;0.00;0.00;0.00;VIE GROUP HCM;Default Piling Area;Default Shelf;0;0;0;0;0;0.00;0;0.00;--;77949.00;0.00;Còn hàng;Chưa chọn danh mục;;;Single SKU;
https://res.bigseller.pro/sku/images/merchantsku/944484/543125_1754361504748.jpg?imageView2/1/w/300/h/300;2556;VASELINE Son Dưỡng Có Màu Colour + Care 3g - Blooming Pink;8886467037368;0.00;0.00;0.00;0.00;VIE GROUP HCM;Default Piling Area;Default Shelf;0;0;0;0;0;0.00;0;0.00;--;76341.00;0.00;Còn hàng;Chưa chọn danh mục;;;Single SKU;
https://res.bigseller.pro/sku/images/merchantsku/944484/425112_1754361510174.jpg?imageView2/1/w/300/h/300;2555;Vaseline Serum Gluta-Hya Serum Burst Lotion Overnight Radiance Repair, Mặt Nạ Dưỡng Thể 70ml;;0.00;0.00;0.00;0.00;VIE GROUP HCM;Default Piling Area;Default Shelf;0;0;0;0;0;0.00;0;0.00;--;13965.61;0.00;Còn hàng;Chưa chọn danh mục;;;Single SKU;
https://res.bigseller.pro/sku/images/merchantsku/944484/922246_1754365909848.jpg?imageView2/1/w/300/h/300;2554;VASELINE Serum chống nắng 50X SPF50+ 300ml;8851932388115;0.00;0.00;0.00;0.00;VIE GROUP HCM;Default Piling Area;Default Shelf;15;3;12;0;0;0.00;0;0.88;13;111163.95;1667459.25;Còn hàng;Chưa chọn danh mục;;;Single SKU;
https://res.bigseller.pro/sku/images/merchantsku/944484/028871_1754366313737.jpg?imageView2/1/w/300/h/300;2553;VASELINE Sáp Dưỡng Môi Lip Care KOREA 7g - Rosy Lips Hoa Hồng;305210437371;0.00;0.00;0.00;0.00;VIE GROUP HCM;Default Piling Area;Default Shelf;11;1;10;0;0;0.00;0;57.64;0;57000.00;627000.00;Còn hàng;Chưa chọn danh mục;;;Single SKU;
https://res.bigseller.pro/sku/images/merchantsku/944484/824371_1755553283439.jpg?imageView2/1/w/300/h/300;2552;VASELINE Sáp Dưỡng Môi Lip Care KOREA 7g - Original Không Mùi;305210206779;0.00;0.00;0.00;0.00;VIE GROUP HCM;Default Piling Area;Default Shelf;31;0;31;0;0;0.00;0;22.55;1;57000.00;1767000.00;Còn hàng;Chưa chọn danh mục;;;Single SKU;
https://res.bigseller.pro/sku/images/merchantsku/944484/445288_1754365906365.jpg?imageView2/1/w/300/h/300;2551;VASELINE Sáp Dưỡng Môi Lip Care KOREA 7g - Creme Brulle Vani;305210464728;0.00;0.00;0.00;0.00;VIE GROUP HCM;Default Piling Area;Default Shelf;15;0;15;0;0;0.00;0;1.30;11;56986.66;854799.90;Còn hàng;Chưa chọn danh mục;;;Single SKU;
https://res.bigseller.pro/sku/images/merchantsku/944484/308855_1764252053289.jpg?imageView2/1/w/300/h/300;2549;VASELINE Sáp Dưỡng ẨmPure Petroleum Jelly Original 5.5g;;0.00;0.00;0.00;0.00;VIE GROUP HCM;Default Piling Area;Default Shelf;19;11;8;0;0;0.00;0;0.57;14;16714.65;317578.35;Còn hàng;Chưa chọn danh mục;;;Single SKU;
https://res.bigseller.pro/sku/images/merchantsku/944484/282520_1785911611805.jpg?imageView2/1/w/300/h/300;2548;VASELINE Sáp Dưỡng Ẩm Pure Petroleum Jelly - 50ml;42182627;0.00;0.00;0.00;0.00;VIE GROUP HCM;Default Piling Area;Default Shelf;0;0;0;0;0;0.00;0;5.33;0;22546.88;0.00;Còn hàng;Chưa chọn danh mục;;;Single SKU;
https://res.bigseller.pro/sku/images/merchantsku/944484/021132_1785911579514.jpg?imageView2/1/w/300/h/300;2547;VASELINE Sáp Dưỡng Ẩm Pure Petroleum Jelly - 100ml;42182634;0.00;0.00;0.00;0.00;VIE GROUP HCM;Default Piling Area;Default Shelf;0;0;0;0;0;0.00;0;30.00;0;35686.84;0.00;Còn hàng;Chưa chọn danh mục;;;Single SKU;
https://res.bigseller.pro/sku/images/merchantsku/944484/153601_1754365714065.jpg?imageView2/1/w/300/h/300;2543;VASELINE Kem dưỡng tay và móng Deep Moisture Hand & Nail Cream 60ml;8809745080122;0.00;0.00;0.00;0.00;VIE GROUP HCM;Default Piling Area;Default Shelf;52;20;32;0;0;0.00;0;6.13;5;26735.98;1390270.96;Còn hàng;Chưa chọn danh mục;;;Single SKU;
https://res.bigseller.pro/sku/images/merchantsku/944484/919109_1784701580383.jpg?imageView2/1/w/300/h/300;2542;VASELINE Kem dưỡng chân và móngDeep Moisture Foot Cream - Xanh 60ml;8809745080368;0.00;0.00;0.00;0.00;VIE GROUP HCM;Default Piling Area;Default Shelf;49;40;9;0;0;0.00;0;5.41;1;28189.08;1381264.92;Còn hàng;Chưa chọn danh mục;;;Single SKU;
https://res.bigseller.pro/sku/images/merchantsku/944484/199261_1754365912382.jpg?imageView2/1/w/300/h/300;2541;VASELINE Dưỡng môi Lip Therapy UK 20g [XT] - ROSE;50064861;0.00;0.00;0.00;0.00;VIE GROUP HCM;Default Piling Area;Default Shelf;1;0;1;0;0;0.00;0;0.00;--;30556.97;30556.97;Ngừng bán;Chưa chọn danh mục;;;Single SKU;
https://res.bigseller.pro/sku/images/merchantsku/944484/972864_1754366305708.jpg?imageView2/1/w/300/h/300;2538;VASELINE - Dưỡng Thể Gluta-Hyal Serum Burst Lotion Dewy Radiance 70ml;9556024716508;0.00;0.00;0.00;0.00;VIE GROUP HCM;Default Piling Area;Default Shelf;0;0;0;0;0;0.00;0;130.00;0;17407.69;0.00;Còn hàng;Chưa chọn danh mục;;;Single SKU;
https://res.bigseller.pro/sku/images/merchantsku/944484/704015_1768913244064.jpg?imageView2/1/w/300/h/300;2536;VASELINE Son Dưỡng Môi  Therapy Lip Balm Dạng Tuýt 10g - ORIGINAL XANH;;0.00;0.00;0.00;0.00;VIE GROUP HCM;Default Piling Area;Default Shelf;0;0;0;0;0;0.00;0;0.93;0;59000.00;0.00;Còn hàng;Chưa chọn danh mục;;;Single SKU;
https://res.bigseller.pro/sku/images/merchantsku/944484/938399_1754365710667.jpg?imageView2/1/w/300/h/300;2535; VASELINE Son Dưỡng Có Màu Emily In Paris 3g - Rouge Romance (Đỏ);8886467078118;0.00;0.00;0.00;0.00;VIE GROUP HCM;Default Piling Area;Default Shelf;5;0;5;0;0;0.00;0;0.03;166;138810.00;694050.00;Còn hàng;Chưa chọn danh mục;;;Single SKU;
https://res.bigseller.pro/sku/images/merchantsku/944484/252679_1754365726370.jpg?imageView2/1/w/300/h/300;2534; VASELINE Son Dưỡng Có Màu Emily In Paris 3g - Parisian Pink (Hồng);8886467078101;0.00;0.00;0.00;0.00;VIE GROUP HCM;Default Piling Area;Default Shelf;7;1;6;0;0;0.00;0;0.00;--;140646.43;984525.01;Còn hàng;Chưa chọn danh mục;;;Single SKU;
https://res.bigseller.pro/sku/images/merchantsku/944484/400773_1754366224256.jpg?imageView2/1/w/300/h/300;2533; VASELINE Son Dưỡng Có Màu Emily In Paris 3g - Nude Nouveau (Nude);8886467078125;0.00;0.00;0.00;0.00;VIE GROUP HCM;Default Piling Area;Default Shelf;0;0;0;0;0;0.00;0;0.17;0;140952.50;0.00;Còn hàng;Chưa chọn danh mục;;;Single SKU;
https://res.bigseller.pro/sku/images/merchantsku/944484/211537_1773634801593.jpg?imageView2/1/w/300/h/300;2532;VAGISIL Dung Dịch Vệ Sinh Phụ Nữ Dạng Gel pH Balance - TÍM 354ml;11509060273;0.00;0.00;0.00;0.00;VIE GROUP HCM;Default Piling Area;Default Shelf;11;0;11;0;0;0.00;0;0.00;--;204498.68;2249485.48;Còn hàng;Chưa chọn danh mục;;;Single SKU;
https://res.bigseller.pro/sku/images/merchantsku/944484/211537_1773634801593.jpg?imageView2/1/w/300/h/300;2531;VAGISIL Dung Dịch Vệ Sinh Phụ Nữ Dạng Gel pH Balance - TÍM 240ml;11509003782;0.00;0.00;0.00;0.00;VIE GROUP HCM;Default Piling Area;Default Shelf;28;5;23;0;0;0.00;0;0.33;69;148379.34;4154621.52;Còn hàng;Chưa chọn danh mục;;;Single SKU;
https://res.bigseller.pro/sku/images/merchantsku/944484/367400_1778290633985.jpg?imageView2/1/w/300/h/300;2530;VAGISIL Dung Dịch Vệ Sinh Phụ Nữ Dạng Gel Ngăn Mùi 24h - TRĂNG 240ml;;0.00;0.00;0.00;0.00;VIE GROUP HCM;Default Piling Area;Default Shelf;0;0;0;0;0;0.00;0;0.00;--;148000.00;0.00;Còn hàng;Chưa chọn danh mục;;;Single SKU;
https://res.bigseller.pro/sku/images/merchantsku/944484/313544_1773634727598.jpg?imageView2/1/w/300/h/300;2529;VAGISIL Dung Dịch Vệ Sinh Phụ Nữ Dạng Gel Ngăn Mùi 24h - HỒNG 354ml;9310379000428;0.00;0.00;0.00;0.00;VIE GROUP HCM;Default Piling Area;Default Shelf;3;0;3;0;0;0.00;0;0.10;30;631.94;1895.82;Còn hàng;Chưa chọn danh mục;;;Single SKU;
https://res.bigseller.pro/sku/images/merchantsku/944484/224772_1773634507275.jpg?imageView2/1/w/300/h/300;2528;VAGISIL Dung Dịch Vệ Sinh Phụ Nữ Dạng Gel Ngăn Mùi 24h - HỒNG 240ml;;0.00;0.00;0.00;0.00;VIE GROUP HCM;Default Piling Area;Default Shelf;0;0;0;0;0;0.00;0;2.00;0;148631.94;0.00;Còn hàng;Chưa chọn danh mục;;;Single SKU;
https://res.bigseller.pro/sku/images/merchantsku/944484/425639_1754366214232.jpg?imageView2/1/w/300/h/300;2526;VACOSI Cây nặn mụn Pimple Popper [XT];;0.00;0.00;0.00;0.00;VIE GROUP HCM;Default Piling Area;Default Shelf;6;0;6;0;0;0.00;0;0.03;--;15925.00;95550.00;Ngừng bán;Chưa chọn danh mục;;;Single SKU;
https://res.bigseller.pro/sku/images/merchantsku/944484/642119_1754366214133.jpg?imageView2/1/w/300/h/300;2525;VACOSI Bông tắm;;0.00;0.00;0.00;0.00;VIE GROUP HCM;Default Piling Area;Default Shelf;2;0;2;0;0;0.00;0;0.00;--;30849.00;61698.00;Còn hàng;Chưa chọn danh mục;;;Single SKU;
https://res.bigseller.pro/sku/images/merchantsku/944484/976652_1754365721303.jpg?imageView2/1/w/300/h/300;2524;URIAGE Kem làm dịu da Uriage Bariederm Cica Daily Gel Creme 40ml;3661434011924;0.00;0.00;0.00;0.00;VIE GROUP HCM;Default Piling Area;Default Shelf;0;0;0;0;0;0.00;0;0.00;--;356373.00;0.00;Còn hàng;Chưa chọn danh mục;;;Single SKU;
https://res.bigseller.pro/sku/images/merchantsku/944484/691816_1754365818395.jpg?imageView2/1/w/300/h/300;2523;URIAGE Kem Dưỡng Môi Bariéderm Cica-Lèvres Baume Protecteur 15ml;3661434005459;0.00;0.00;0.00;0.00;VIE GROUP HCM;Default Piling Area;Default Shelf;14;0;14;0;0;0.00;0;0.10;140;178200.00;2494800.00;Còn hàng;Chưa chọn danh mục;;;Single SKU;
https://res.bigseller.pro/sku/images/merchantsku/944484/363508_1755687689324.jpg?imageView2/1/w/300/h/300;2522;URIAGE Kem dưỡng Bariederm Cica Daily Gel Creme Reparateur 40ml;;0.00;0.00;0.00;0.00;VIE GROUP HCM;Default Piling Area;Default Shelf;0;0;0;0;0;0.00;0;0.00;--;377437.00;0.00;Còn hàng;Chưa chọn danh mục;;;Single SKU;
https://res.bigseller.pro/sku/images/merchantsku/944484/734655_1754366313716.jpg?imageView2/1/w/300/h/300;2521;URIAGE Gel Rửa Mặt Hyséac Gel Nettoyant 150ml;3661434000973;0.00;0.00;0.00;0.00;VIE GROUP HCM;Default Piling Area;Default Shelf;0;0;0;0;0;0.00;0;0.00;--;254505.00;0.00;Còn hàng;Chưa chọn danh mục;;;Single SKU;
https://res.bigseller.pro/sku/images/merchantsku/944484/079736_1754365628375.jpg?imageView2/1/w/300/h/300;2520;URIAGE Gel Rửa Mặt Bariederm Cica Gel Nettoyant Au Cuivre-ZinC 200ml;3661434008962;0.00;0.00;0.00;0.00;VIE GROUP HCM;Default Piling Area;Default Shelf;1;0;1;0;0;0.00;0;0.00;--;305100.00;305100.00;Còn hàng;Chưa chọn danh mục;;;Single SKU;
https://res.bigseller.pro/sku/images/merchantsku/944484/782598_1754365818971.jpg?imageView2/1/w/300/h/300;2519;UNICHARM Khẩu trang 3D Mask Virus Block size M;;0.00;0.00;0.00;0.00;VIE GROUP HCM;Default Piling Area;Default Shelf;0;0;0;0;0;0.00;0;0.00;--;18900.00;0.00;Còn hàng;Chưa chọn danh mục;;;Single SKU;
https://res.bigseller.pro/sku/images/merchantsku/944484/885593_1754366319774.jpg?imageView2/1/w/300/h/300;2517;ULTRA MILD Dung Dịch Vệ Sinh Phụ Nữ - Hương Tender Touch 150ml;;0.00;0.00;0.00;0.00;VIE GROUP HCM;Default Piling Area;Default Shelf;0;0;0;0;0;0.00;0;0.00;--;34517.00;0.00;Còn hàng;Chưa chọn danh mục;;;Single SKU;
https://res.bigseller.pro/sku/images/merchantsku/944484/648540_1754365914994.jpg?imageView2/1/w/300/h/300;2516;ULTRA MILD Dung Dịch Vệ Sinh Phụ Nữ - Hương organic 150ml;;0.00;0.00;0.00;0.00;VIE GROUP HCM;Default Piling Area;Default Shelf;0;0;0;0;0;0.00;0;0.00;--;34517.00;0.00;Còn hàng;Chưa chọn danh mục;;;Single SKU;
https://res.bigseller.pro/sku/images/merchantsku/944484/215219_1754365726794.jpg?imageView2/1/w/300/h/300;2515;ULTRA MILD Dung Dịch Vệ Sinh Phụ Nữ - Hương aqua fresh 150ml;;0.00;0.00;0.00;0.00;VIE GROUP HCM;Default Piling Area;Default Shelf;0;0;0;0;0;0.00;0;0.00;--;34517.00;0.00;Còn hàng;Chưa chọn danh mục;;;Single SKU;
https://res.bigseller.pro/sku/images/merchantsku/944484/369465_1754366220419.jpg?imageView2/1/w/300/h/300;2514;TSUBAKI Dầu Gội Tsubaki Premium EX Intensive Repair - Phục Hồi & Giảm Gãy Rụng 490ml ( ĐEN);;0.00;0.00;0.00;0.00;VIE GROUP HCM;Default Piling Area;Default Shelf;0;0;0;0;0;0.00;0;0.00;--;169500.00;0.00;Ngừng bán;Chưa chọn danh mục;;;Single SKU;
https://res.bigseller.pro/sku/images/merchantsku/944484/378521_1754365622283.jpg?imageView2/1/w/300/h/300;2513;TRUMA Bông tẩy trang Pháp 600 miếng;3770025585000;0.00;0.00;0.00;0.00;VIE GROUP HCM;Default Piling Area;Default Shelf;0;0;0;0;0;0.00;0;0.78;0;111038.46;0.00;Còn hàng;Chưa chọn danh mục;;;Single SKU;
https://res.bigseller.pro/sku/images/merchantsku/944484/465445_1754365914042.jpg?imageView2/1/w/300/h/300;2512;TRIDENT Kẹo Gum Trident Không Đường Sugarfree Thơm Mát 28 STICKS - CINNAMON;12546015318;0.00;0.00;0.00;0.00;VIE GROUP HCM;Default Piling Area;Default Shelf;11;0;11;0;0;0.00;0;0.20;55;31621.44;347835.84;Còn hàng;TRIDENT;;;Single SKU;
https://res.bigseller.pro/sku/images/merchantsku/944484/822513_1754366221615.jpg?imageView2/1/w/300/h/300;2511;TRIDENT Kẹo Gum Trident Không Đường Sugarfree Thơm Mát 28 STICKS  - TROPICAL;12546014175;0.00;0.00;0.00;0.00;VIE GROUP HCM;Default Piling Area;Default Shelf;0;0;0;0;0;0.00;0;0.00;--;31620.00;0.00;Còn hàng;TRIDENT;;;Single SKU;
https://res.bigseller.pro/sku/images/merchantsku/944484/302646_1754365725137.jpg?imageView2/1/w/300/h/300;2510;TRIDENT Kẹo Gum Trident Không Đường Sugarfree Thơm Mát 28 STICKS  - SPEARMINT;;0.00;0.00;0.00;0.00;VIE GROUP HCM;Default Piling Area;Default Shelf;0;0;0;0;0;0.00;0;0.00;--;31619.53;0.00;Còn hàng;TRIDENT;;;Single SKU;
https://res.bigseller.pro/sku/images/merchantsku/944484/824582_1754366317756.jpg?imageView2/1/w/300/h/300;2509;TRIDENT Kẹo Gum Trident Không Đường Sugarfree Thơm Mát 28 STICKS  - ORGINAL;12546014731;0.00;0.00;0.00;0.00;VIE GROUP HCM;Default Piling Area;Default Shelf;0;0;0;0;0;0.00;0;1.93;0;31619.55;0.00;Còn hàng;TRIDENT;;;Single SKU;
https://res.bigseller.pro/sku/images/merchantsku/944484/402084_1754365821417.jpg?imageView2/1/w/300/h/300;2508;TRIDENT Kẹo Gum Trident Không Đường Sugarfree Thơm Mát 21.6g - WATERMELON;;0.00;0.00;0.00;0.00;VIE GROUP HCM;Default Piling Area;Default Shelf;0;0;0;0;0;0.00;0;0.00;--;14435.23;0.00;Còn hàng;TRIDENT;;;Single SKU;
https://res.bigseller.pro/sku/images/merchantsku/944484/904797_1754361508073.jpg?imageView2/1/w/300/h/300;2507;TRIDENT Kẹo Gum Trident Không Đường Sugarfree Thơm Mát 21.6g - TROPICAL;;0.00;0.00;0.00;0.00;VIE GROUP HCM;Default Piling Area;Default Shelf;0;0;0;0;0;0.00;0;0.00;--;9140.12;0.00;Còn hàng;TRIDENT;;;Single SKU;
https://res.bigseller.pro/sku/images/merchantsku/944484/347373_1754365629693.jpg?imageView2/1/w/300/h/300;2506;TRIDENT Kẹo Gum Trident Không Đường Sugarfree Thơm Mát 21.6g - SPEARMINT;8850338034046;0.00;0.00;0.00;0.00;VIE GROUP HCM;Default Piling Area;Default Shelf;0;0;0;0;0;0.00;0;0.00;--;14449.67;0.00;Còn hàng;TRIDENT;;;Single SKU;
https://res.bigseller.pro/sku/images/merchantsku/944484/729787_1787502623209.jpg?imageView2/1/w/300/h/300;2502;TOPICREM Sữa Dưỡng Thể Ultra Hydratant Lait Corps Body milk - 200ML;3700281702361;0.00;0.00;0.00;0.00;VIE GROUP HCM;Default Piling Area;Default Shelf;0;0;0;0;0;0.00;0;0.00;--;252000.00;0.00;Còn hàng;TOPICREM;;;Single SKU;
https://res.bigseller.pro/sku/images/merchantsku/944484/363339_1754365621751.jpg?imageView2/1/w/300/h/300;2501;TOPICREM Son dưỡng môi Ultra Moisturizing Lip Balm 4g;3700281702446;0.00;0.00;0.00;0.00;VIE GROUP HCM;Default Piling Area;Default Shelf;0;0;0;0;0;0.00;0;0.00;--;73098.17;0.00;Còn hàng;TOPICREM;;;Single SKU;
https://res.bigseller.pro/sku/images/merchantsku/944484/854895_1787502692917.jpg?imageView2/1/w/300/h/300;2500;TOPICREM Serum Mela Anti Drark spot Radiance 30ml;3700281705003;0.00;0.00;0.00;0.00;VIE GROUP HCM;Default Piling Area;Default Shelf;1;0;1;0;0;0.00;0;0.07;14;711989.67;711989.67;Còn hàng;TOPICREM;;;Single SKU;
https://res.bigseller.pro/sku/images/merchantsku/944484/434810_1787502495340.jpg?imageView2/1/w/300/h/300;2499;TOPICREM Serum dành cho da mụn AC CONTROL INTENSIVE SERUM 34ml;3700281705065;0.00;0.00;0.00;0.00;VIE GROUP HCM;Default Piling Area;Default Shelf;0;0;0;0;0;0.00;0;0.00;--;449500.00;0.00;Còn hàng;TOPICREM;;;Single SKU;
https://res.bigseller.pro/sku/images/merchantsku/944484/033568_1754365622251.jpg?imageView2/1/w/300/h/300;2498;TOPICREM Nước Tẩy Trang Topicrem AC Purifying Micellar Water - 400ml;3700281704495;0.00;0.00;0.00;0.00;VIE GROUP HCM;Default Piling Area;Default Shelf;6;0;6;0;0;0.00;0;0.00;--;290392.86;1742357.16;Còn hàng;TOPICREM;;;Single SKU;
https://res.bigseller.pro/sku/images/merchantsku/944484/362014_1754366313696.jpg?imageView2/1/w/300/h/300;2497;TOPICREM Nước Tẩy Trang Topicrem AC Purifying Micellar Water - 200ml;3700281704488;0.00;0.00;0.00;0.00;VIE GROUP HCM;Default Piling Area;Default Shelf;7;0;7;0;0;0.00;0;0.00;--;216942.60;1518598.20;Còn hàng;TOPICREM;;;Single SKU;
https://res.bigseller.pro/sku/images/merchantsku/944484/693074_1754366220017.jpg?imageView2/1/w/300/h/300;2496;TOPICREM Nước tẩy trang Hydra+ Gentle Micellar Wate - 400ml;3700281703214;0.00;0.00;0.00;0.00;VIE GROUP HCM;Default Piling Area;Default Shelf;0;0;0;0;0;0.00;0;0.00;--;300444.34;0.00;Còn hàng;TOPICREM;;;Single SKU;
https://res.bigseller.pro/sku/images/merchantsku/944484/524850_1754365627183.jpg?imageView2/1/w/300/h/300;2495;TOPICREM Nước tẩy trang Hydra+ Gentle Micellar Wate - 200ml;3700281702378;0.00;0.00;0.00;0.00;VIE GROUP HCM;Default Piling Area;Default Shelf;3;0;3;0;0;0.00;0;0.07;42;201673.00;605019.00;Còn hàng;TOPICREM;;;Single SKU;
https://res.bigseller.pro/sku/images/merchantsku/944484/550768_1754364219090.jpg?imageView2/1/w/300/h/300;2494;TOPICREM Kem dưỡng da AD Emollient Balm - 200ml;3700281702583;0.00;0.00;0.00;0.00;VIE GROUP HCM;Default Piling Area;Default Shelf;0;0;0;0;0;0.00;0;0.00;--;342000.00;0.00;Còn hàng;TOPICREM;;;Single SKU;
https://res.bigseller.pro/sku/images/merchantsku/944484/734829_1787502348006.jpg?imageView2/1/w/300/h/300;2493;TOPICREM Kem Dưỡng Ban Đêm Mela Anti-dark Spot 40ml;3700281704730;0.00;0.00;0.00;0.00;VIE GROUP HCM;Default Piling Area;Default Shelf;1;0;1;0;0;0.00;0;0.00;--;623700.00;623700.00;Còn hàng;TOPICREM;;;Single SKU;
https://res.bigseller.pro/sku/images/merchantsku/944484/775544_1787502229591.jpg?imageView2/1/w/300/h/300;2492;TOPICREM Kem dưỡng ẩm AC CONTROL Mattifying Care 40ml;3700281705669;0.00;0.00;0.00;0.00;VIE GROUP HCM;Default Piling Area;Default Shelf;4;0;4;0;0;0.00;0;0.07;57;300000.00;1200000.00;Còn hàng;TOPICREM;;;Single SKU;
https://res.bigseller.pro/sku/images/merchantsku/944484/180336_1787502252445.jpg?imageView2/1/w/300/h/300;2491;TOPICREM Kem Dưỡng AC Control Balancing Anti-Blemish Care 40ml;3700281705072;0.00;0.00;0.00;0.00;VIE GROUP HCM;Default Piling Area;Default Shelf;1;0;1;0;0;0.00;0;0.00;--;294000.00;294000.00;Còn hàng;TOPICREM;;;Single SKU;
https://res.bigseller.pro/sku/images/merchantsku/944484/120435_1754366317793.jpg?imageView2/1/w/300/h/300;2490;TOPICREM Kem Chống Nắng TOPICREM Mela Anti-dark Spot Unifying Day Cream SPF50+ Làm 40ml;;0.00;0.00;0.00;0.00;VIE GROUP HCM;Default Piling Area;Default Shelf;0;0;0;0;0;0.00;0;0.00;--;637650.00;0.00;Còn hàng;TOPICREM;;;Single SKU;
https://res.bigseller.pro/sku/images/merchantsku/944484/203833_1754365911713.jpg?imageView2/1/w/300/h/300;2489;TOPICREM Kem chống nắng Hydra + Protective Day SPF50 40ml;3700281704907;0.00;0.00;0.00;0.00;VIE GROUP HCM;Default Piling Area;Default Shelf;0;0;0;0;0;0.00;0;0.00;--;263500.00;0.00;Còn hàng;TOPICREM;;;Single SKU;
https://res.bigseller.pro/sku/images/merchantsku/944484/911310_1754365904473.jpg?imageView2/1/w/300/h/300;2488;TOPICREM Gel Tắm Dưỡng Ẩm Cho Làn Da Nhạy Cảm Ultra Hydratant Gel Douche - 500ml;;0.00;0.00;0.00;0.00;VIE GROUP HCM;Default Piling Area;Default Shelf;0;0;0;0;0;0.00;0;0.14;0;326838.00;0.00;Còn hàng;TOPICREM;;;Single SKU;
https://res.bigseller.pro/sku/images/merchantsku/944484/453640_1754364217028.jpg?imageView2/1/w/300/h/300;2487;TOPICREM Gel Tắm Dưỡng Ẩm Cho Làn Da Nhạy Cảm Ultra Hydratant Gel Douche - 1000ml;;0.00;0.00;0.00;0.00;VIE GROUP HCM;Default Piling Area;Default Shelf;0;0;0;0;0;0.00;0;0.00;--;422100.00;0.00;Còn hàng;TOPICREM;;;Single SKU;
https://res.bigseller.pro/sku/images/merchantsku/944484/948787_1754366212122.jpg?imageView2/1/w/300/h/300;2486;TOPICREM Gel Rửa Mặt Hydra+ Gentle Cleansing Gel 200ml;;0.00;0.00;0.00;0.00;VIE GROUP HCM;Default Piling Area;Default Shelf;0;0;0;0;0;0.00;0;0.00;--;210000.00;0.00;Còn hàng;TOPICREM;;;Single SKU;
https://res.bigseller.pro/sku/images/merchantsku/944484/213210_1754366220126.jpg?imageView2/1/w/300/h/300;2485;TOPICREM Gel Rửa Mặt AC CONTROL Purifying Cleansing Gel- 400ml;708521707032;0.00;0.00;0.00;0.00;VIE GROUP HCM;Default Piling Area;Default Shelf;0;0;0;0;0;0.00;0;0.00;--;377000.00;0.00;Còn hàng;TOPICREM;;;Single SKU;
https://res.bigseller.pro/sku/images/merchantsku/944484/841441_1787502174453.jpg?imageView2/1/w/300/h/300;2484;TOPICREM Gel Rửa Mặt AC CONTROL Purifying Cleansing Gel - 200ml;3700281702774;0.00;0.00;0.00;0.00;VIE GROUP HCM;Default Piling Area;Default Shelf;4;0;4;0;0;0.00;0;0.00;--;246000.00;984000.00;Còn hàng;TOPICREM;;;Single SKU;
https://res.bigseller.pro/sku/images/merchantsku/944484/854980_1767409350761.jpg?imageView2/1/w/300/h/300;2483;QUÀ TẶNG - TÚI TOPICREM HỒNG;;0.00;0.00;0.00;0.00;VIE GROUP HCM;Default Piling Area;Default Shelf;0;0;0;0;0;0.00;0;2.50;0;0.00;0.00;Còn hàng;TOPICREM;;;Single SKU;
https://res.bigseller.pro/sku/images/merchantsku/944484/013169_1754365912053.jpg?imageView2/1/w/300/h/300;2482;TIPPYS Bông Tẩy Trang Classic Make Up Pads - 80 Miếng;8710692120260;0.00;0.00;0.00;0.00;VIE GROUP HCM;Default Piling Area;Default Shelf;0;0;0;0;0;0.00;0;0.00;--;12375.58;0.00;Còn hàng;Chưa chọn danh mục;;;Single SKU;
https://res.bigseller.pro/sku/images/merchantsku/944484/015933_1754366308262.jpg?imageView2/1/w/300/h/300;2481;TIPPYS Bông Tẩy Trang Classic Make Up Pads - 120 Miếng;8710692121274;0.00;0.00;0.00;0.00;VIE GROUP HCM;Default Piling Area;Default Shelf;60;3;57;0;0;0.00;0;1.83;32;18657.49;1119449.40;Còn hàng;Chưa chọn danh mục;;;Single SKU;
https://res.bigseller.pro/sku/images/merchantsku/944484/134125_1754365621764.jpg?imageView2/1/w/300/h/300;2480;TIMELESS Serum Vitamin B5 Hydration 30ml;858588004732;0.00;0.00;0.00;0.00;VIE GROUP HCM;Default Piling Area;Default Shelf;0;0;0;0;0;0.00;0;0.00;--;293366.67;0.00;Còn hàng;TIMELESS;;;Single SKU;
https://res.bigseller.pro/sku/images/merchantsku/944484/535413_1755015056447.jpg?imageView2/1/w/300/h/300;2478;TIAM Tinh Chất Ốc Sên Snail & Azulene Water Essence Làm Dịu, Phục Hồi Da 180mlTinh Chất Ốc Sên Snail & Azulene Water Essence 180ml;8809863720023;0.00;0.00;0.00;0.00;VIE GROUP HCM;Default Piling Area;Default Shelf;0;0;0;0;0;0.00;0;0.00;--;227250.00;0.00;Còn hàng;TIAM;;;Single SKU;
https://res.bigseller.pro/sku/images/merchantsku/944484/665325_1754365912282.jpg?imageView2/1/w/300/h/300;2477;TIAM Serum Vita A Bakuchiol Youth Serum 40ml;8809416472553;0.00;0.00;0.00;0.00;VIE GROUP HCM;Default Piling Area;Default Shelf;12;0;12;0;0;0.00;0;0.13;92;248500.00;2982000.00;Còn hàng;TIAM;;;Single SKU;
https://res.bigseller.pro/sku/images/merchantsku/944484/641651_1754365819871.jpg?imageView2/1/w/300/h/300;2476;TIAM Serum Niacinamide 10% + Arbutin 2% Tia'm Vita B3 Source 40ml;;0.00;0.00;0.00;0.00;VIE GROUP HCM;Default Piling Area;Default Shelf;0;0;0;0;0;0.00;0;0.00;--;245068.70;0.00;Còn hàng;TIAM;;;Single SKU;
https://res.bigseller.pro/sku/images/merchantsku/944484/215237_1754365903080.jpg?imageView2/1/w/300/h/300;2475;TIAM Gel Rửa Mặt Snail & Azulene Low PH Cleanser 200ml;8809416471860;0.00;0.00;0.00;0.00;VIE GROUP HCM;Default Piling Area;Default Shelf;0;0;0;0;0;0.00;0;0.00;--;160371.00;0.00;Còn hàng;TIAM;;;Single SKU;
https://res.bigseller.pro/sku/images/merchantsku/944484/296168_1754366212117.jpg?imageView2/1/w/300/h/300;2474;THE SAEM Kem che khuyết điểm 6.5g - #01 Clear;;0.00;0.00;0.00;0.00;VIE GROUP HCM;Default Piling Area;Default Shelf;1;0;1;0;0;0.00;0;0.00;--;53540.74;53540.74;Còn hàng;Chưa chọn danh mục;;;Single SKU;
https://res.bigseller.pro/sku/images/merchantsku/944484/325124_1769697815602.jpg?imageView2/1/w/300/h/300;2472;THE SAEM D114 - SAEM - CHE KHUYẾT ĐIỂM - 1.75;8806164151341;0.00;0.00;0.00;0.00;VIE GROUP HCM;Default Piling Area;Default Shelf;0;0;0;0;0;0.00;0;0.00;--;0.00;0.00;Còn hàng;Chưa chọn danh mục;;;Single SKU;
https://res.bigseller.pro/sku/images/merchantsku/944484/539508_1770217648758.jpg?imageView2/1/w/300/h/300;2471;THE SAEM D114 - SAEM - CHE KHUYẾT ĐIỂM - 1.5 (L17CO2 C);8806164121269;0.00;0.00;0.00;0.00;VIE GROUP HCM;Default Piling Area;Default Shelf;0;0;0;0;0;0.00;0;0.00;--;53169.23;0.00;Còn hàng;Chưa chọn danh mục;;;Single SKU;
https://res.bigseller.pro/sku/images/merchantsku/944484/782672_1769698803816.jpg?imageView2/1/w/300/h/300;2470;THE SAEM D114 - SAEM - CHE KHUYẾT ĐIỂM - 1.25 (L19E07 E);8806164151334;0.00;0.00;0.00;0.00;VIE GROUP HCM;Default Piling Area;Default Shelf;0;0;0;0;0;0.00;0;0.00;--;52642.80;0.00;Còn hàng;Chưa chọn danh mục;;;Single SKU;
https://res.bigseller.pro/sku/images/merchantsku/944484/504282_1754361504782.jpg?imageView2/1/w/300/h/300;2468;THE ORDINARY Tinh chất AHA 30% + BHA 2% Peeling Solution 30ml [XT];769915191004;0.00;0.00;0.00;0.00;VIE GROUP HCM;Default Piling Area;Default Shelf;0;0;0;0;0;0.00;0;0.00;--;230683.33;0.00;Ngừng bán;Chưa chọn danh mục;;;Single SKU;
https://res.bigseller.pro/sku/images/merchantsku/944484/657725_1755553184658.jpg?imageView2/1/w/300/h/300;2467;THE ORDINARY Niacinamide 10% + Zinc 1% - 30ml [XT];769915190311;0.00;0.00;0.00;0.00;VIE GROUP HCM;Default Piling Area;Default Shelf;0;0;0;0;0;0.00;0;0.00;--;147683.33;0.00;Ngừng bán;Chưa chọn danh mục;;;Single SKU;
https://res.bigseller.pro/sku/images/merchantsku/944484/306413_1755687689239.jpg?imageView2/1/w/300/h/300;2461;TESORI D'ORIENTE Sữa tắm nước hoa gói 9ml - #2 Thanh Long;8938514862994;0.00;0.00;0.00;0.00;VIE GROUP HCM;Default Piling Area;Default Shelf;3;0;3;0;0;0.00;0;8.47;0;2049.11;6147.33;Còn hàng;Chưa chọn danh mục;;;Single SKU;
https://res.bigseller.pro/sku/images/merchantsku/944484/201704_1754364219109.jpg?imageView2/1/w/300/h/300;2460;TESORI D'ORIENTE Sữa tắm nước hoa gói 9ml - #1 Hoa Sen;8938514862666;0.00;0.00;0.00;0.00;VIE GROUP HCM;Default Piling Area;Default Shelf;0;0;0;0;0;0.00;0;0.00;--;2048.00;0.00;Còn hàng;Chưa chọn danh mục;;;Single SKU;
https://res.bigseller.pro/sku/images/merchantsku/944484/694201_1754998317391.jpg?imageView2/1/w/300/h/300;2459;TANG Bột cam Thực phẩm bổ sung Vitamin C - Hương vị cam 375g;4808647310089;0.00;0.00;0.00;0.00;VIE GROUP HCM;Default Piling Area;Default Shelf;0;0;0;0;0;0.00;0;0.00;--;68049.89;0.00;Ngừng bán;TANG;;;Single SKU;
https://res.bigseller.pro/sku/images/merchantsku/944484/676181_1754365626936.jpg?imageView2/1/w/300/h/300;2453;SVR Toner Sebiaclear Micro-Peel 150ml;3662361001590;0.00;0.00;0.00;0.00;VIE GROUP HCM;Default Piling Area;Default Shelf;37;1;36;0;0;0.00;0;0.17;211;253876.74;9393439.38;Còn hàng;Chưa chọn danh mục;;;Single SKU;
https://res.bigseller.pro/sku/images/merchantsku/944484/897745_1754361504876.jpg?imageView2/1/w/300/h/300;2451;SVR Tinh chất dưỡng da Sebiaclear Serum 30ml;8399361000364;0.00;0.00;0.00;0.00;VIE GROUP HCM;Default Piling Area;Default Shelf;34;0;34;0;0;0.00;0;0.27;125;372077.85;12650646.90;Còn hàng;Chưa chọn danh mục;;;Single SKU;
https://res.bigseller.pro/sku/images/merchantsku/944484/746296_1754365906737.jpg?imageView2/1/w/300/h/300;2449;SVR Sữa Tắm & Rửa Mặt TOPIALYSE Gel Lavant - 400ml;3662361001897;0.00;0.00;0.00;0.00;VIE GROUP HCM;Default Piling Area;Default Shelf;0;0;0;0;0;0.00;0;0.60;0;265985.98;0.00;Còn hàng;Chưa chọn danh mục;;;Single SKU;
https://res.bigseller.pro/sku/images/merchantsku/944484/384673_1754366310584.jpg?imageView2/1/w/300/h/300;2447;SVR Sữa Tắm & Rửa Mặt TOPIALYSE Gel Lavant - 200ml;3662361001880;0.00;0.00;0.00;0.00;VIE GROUP HCM;Default Piling Area;Default Shelf;6;0;6;0;0;0.00;0;0.00;--;196400.00;1178400.00;Còn hàng;Chưa chọn danh mục;;;Single SKU;
https://res.bigseller.pro/sku/images/merchantsku/944484/401373_1754365716729.jpg?imageView2/1/w/300/h/300;2445;SVR Sữa Tắm & Rửa Mặt TOPIALYSE Gel Lavant - 1000ml;3662361001866;0.00;0.00;0.00;0.00;VIE GROUP HCM;Default Piling Area;Default Shelf;0;0;0;0;0;0.00;0;0.07;0;399334.00;0.00;Còn hàng;Chưa chọn danh mục;;;Single SKU;
https://res.bigseller.pro/sku/images/merchantsku/944484/441000_1754366214699.jpg?imageView2/1/w/300/h/300;2444;SVR Sữa Rửa Mặt SEBIACLEAR Gel Moussant - Dạng túi 400ml;3662361003112;0.00;0.00;0.00;0.00;VIE GROUP HCM;Default Piling Area;Default Shelf;72;0;72;0;0;0.00;0;0.17;423;335296.10;24141319.20;Còn hàng;Chưa chọn danh mục;;;Single SKU;
https://res.bigseller.pro/sku/images/merchantsku/944484/498427_1754365621719.jpg?imageView2/1/w/300/h/300;2443;SVR Sữa Rửa Mặt SEBIACLEAR Gel Moussant - 55ml;3662361003389;0.00;0.00;0.00;0.00;VIE GROUP HCM;Default Piling Area;Default Shelf;39;1;38;0;0;0.00;0;1.67;22;93301.83;3638771.37;Còn hàng;Chưa chọn danh mục;;;Single SKU;
https://res.bigseller.pro/sku/images/merchantsku/944484/907061_1754365814818.jpg?imageView2/1/w/300/h/300;2442;SVR Sữa Rửa Mặt SEBIACLEAR Gel Moussant - 400ml;3662361003402;0.00;0.00;0.00;0.00;VIE GROUP HCM;Default Piling Area;Default Shelf;34;0;34;0;0;0.00;0;1.00;34;342428.14;11642556.76;Còn hàng;Chưa chọn danh mục;;;Single SKU;
https://res.bigseller.pro/sku/images/merchantsku/944484/260505_1755015056311.jpg?imageView2/1/w/300/h/300;2440;SVR Sữa Rửa Mặt SEBIACLEAR Gel Moussant - 200ml;3662361003396;0.00;0.00;0.00;0.00;VIE GROUP HCM;Default Piling Area;Default Shelf;19;2;17;0;0;0.00;0;0.77;22;247472.03;4701968.57;Còn hàng;Chưa chọn danh mục;;;Single SKU;
https://res.bigseller.pro/sku/images/merchantsku/944484/662790_1754364218944.jpg?imageView2/1/w/300/h/300;2439;SVR Sữa Rửa Mặt PHYSIOPURE Gelee Moussante - 55ml;3401360237605;0.00;0.00;0.00;0.00;VIE GROUP HCM;Default Piling Area;Default Shelf;33;1;32;0;0;0.00;0;1.77;18;82837.82;2733648.06;Còn hàng;Chưa chọn danh mục;;;Single SKU;
https://res.bigseller.pro/sku/images/merchantsku/944484/613065_1754365811902.jpg?imageView2/1/w/300/h/300;2438;SVR Sữa Rửa Mặt PHYSIOPURE Gelee Moussante - 400ml;3662361003808;0.00;0.00;0.00;0.00;VIE GROUP HCM;Default Piling Area;Default Shelf;0;0;0;0;0;0.00;0;0.00;--;366559.52;0.00;Còn hàng;Chưa chọn danh mục;;;Single SKU;
https://res.bigseller.pro/sku/images/merchantsku/944484/551314_1754365907003.jpg?imageView2/1/w/300/h/300;2437;SVR Sữa Rửa Mặt PHYSIOPURE Gelee Moussante - 200ml;3401381330774;0.00;0.00;0.00;0.00;VIE GROUP HCM;Default Piling Area;Default Shelf;7;0;7;0;0;0.00;0;0.00;--;265268.95;1856882.65;Còn hàng;Chưa chọn danh mục;;;Single SKU;
https://res.bigseller.pro/sku/images/merchantsku/944484/597088_1754365715824.jpg?imageView2/1/w/300/h/300;2434;SVR Son Dưỡng Môi Topialyse Lerves 4g;3662361001903;0.00;0.00;0.00;0.00;VIE GROUP HCM;Default Piling Area;Default Shelf;4;0;4;0;0;0.00;0;0.00;--;110000.00;440000.00;Còn hàng;Chưa chọn danh mục;;;Single SKU;
https://res.bigseller.pro/sku/images/merchantsku/944484/196462_1754364219088.jpg?imageView2/1/w/300/h/300;2433;SVR Serum Vitamin A Ampoule Lift 0.3% Retinol 30ml;3662361000920;0.00;0.00;0.00;0.00;VIE GROUP HCM;Default Piling Area;Default Shelf;2;0;2;0;0;0.00;0;0.03;66;770634.00;1541268.00;Còn hàng;Chưa chọn danh mục;;;Single SKU;
https://res.bigseller.pro/sku/images/merchantsku/944484/307043_1754365627665.jpg?imageView2/1/w/300/h/300;2432;SVR Nước Tẩy Trang Sebiaclear Eau Micellaire - 400ml dạng túi;3662361003105;0.00;0.00;0.00;0.00;VIE GROUP HCM;Default Piling Area;Default Shelf;4;1;3;0;0;0.00;0;0.07;57;284602.51;1138410.04;Còn hàng;Chưa chọn danh mục;;;Single SKU;
https://res.bigseller.pro/sku/images/merchantsku/944484/821072_1754365716635.jpg?imageView2/1/w/300/h/300;2431;SVR Nước Tẩy Trang Sebiaclear Eau Micellaire - 400ml (xanh lá);3401381332495;0.00;0.00;0.00;0.00;VIE GROUP HCM;Default Piling Area;Default Shelf;0;0;0;0;0;0.00;0;0.00;--;324370.00;0.00;Còn hàng;Chưa chọn danh mục;;;Single SKU;
https://res.bigseller.pro/sku/images/merchantsku/944484/197568_1754365721473.jpg?imageView2/1/w/300/h/300;2430;SVR Nước Tẩy Trang Physiopure Eau Micellaire - 75ml (xanh dương);3401528548703;0.00;0.00;0.00;0.00;VIE GROUP HCM;Default Piling Area;Default Shelf;3;0;3;0;0;0.00;0;0.07;42;95180.00;285540.00;Còn hàng;Chưa chọn danh mục;;;Single SKU;
https://res.bigseller.pro/sku/images/merchantsku/944484/774816_1754366217787.jpg?imageView2/1/w/300/h/300;2429;SVR Nước Tẩy Trang Physiopure Eau Micellaire - 400ml (xanh dương);3401381330255;0.00;0.00;0.00;0.00;VIE GROUP HCM;Default Piling Area;Default Shelf;0;0;0;0;0;0.00;0;0.41;0;286444.47;0.00;Còn hàng;Chưa chọn danh mục;;;Single SKU;
https://res.bigseller.pro/sku/images/merchantsku/944484/634552_1754365626972.jpg?imageView2/1/w/300/h/300;2428;SVR Nước Tẩy Trang Physiopure Eau Micellaire - 200ml (xanh dương);3401381330194;0.00;0.00;0.00;0.00;VIE GROUP HCM;Default Piling Area;Default Shelf;2;0;2;0;0;0.00;0;0.00;--;245454.00;490908.00;Còn hàng;Chưa chọn danh mục;;;Single SKU;
https://res.bigseller.pro/sku/images/merchantsku/944484/023486_1754365910271.jpg?imageView2/1/w/300/h/300;2427;SVR Kem giảm mụn Sebiaclear Active Gel 40ml;8399361001835;0.00;0.00;0.00;0.00;VIE GROUP HCM;Default Piling Area;Default Shelf;1;0;1;0;0;0.00;0;0.07;14;303968.71;303968.71;Còn hàng;Chưa chọn danh mục;;;Single SKU;
https://res.bigseller.pro/sku/images/merchantsku/944484/693456_1754366313705.jpg?imageView2/1/w/300/h/300;2426;SVR Kem Dưỡng Sebiaclear Mat+Pores 40ml;3401381332846;0.00;0.00;0.00;0.00;VIE GROUP HCM;Default Piling Area;Default Shelf;9;0;9;0;0;0.00;0;0.00;--;323963.80;2915674.20;Còn hàng;Chưa chọn danh mục;;;Single SKU;
https://res.bigseller.pro/sku/images/merchantsku/944484/074360_1754365627018.jpg?imageView2/1/w/300/h/300;2424;SVR Kem Dưỡng Da Tay Chân Xerial 50 Extreme Crème Pieds 50ml;3401381382353;0.00;0.00;0.00;0.00;VIE GROUP HCM;Default Piling Area;Default Shelf;9;0;9;0;0;0.00;0;0.17;52;261074.00;2349666.00;Còn hàng;Chưa chọn danh mục;;;Single SKU;
https://res.bigseller.pro/sku/images/merchantsku/944484/764350_1755553510715.jpg?imageView2/1/w/300/h/300;2423;SVR Kem Dưỡng Da Chân Xérial 30 Crème Pieds 50ml;3401381407179;0.00;0.00;0.00;0.00;VIE GROUP HCM;Default Piling Area;Default Shelf;9;0;9;0;0;0.00;0;0.00;--;226000.00;2034000.00;Còn hàng;Chưa chọn danh mục;;;Single SKU;
https://res.bigseller.pro/sku/images/merchantsku/944484/599846_1754365911132.jpg?imageView2/1/w/300/h/300;2422;SVR Kem dưỡng Cicavit+ Crème 40ml;3401344502149;0.00;0.00;0.00;0.00;VIE GROUP HCM;Default Piling Area;Default Shelf;0;0;0;0;0;0.00;0;0.00;--;222545.00;0.00;Ngừng bán;Chưa chọn danh mục;;;Single SKU;
https://res.bigseller.pro/sku/images/merchantsku/944484/793216_1754998488397.jpg?imageView2/1/w/300/h/300;2421;SVR Kem Chống Nắng Sebiaclear Creme SPF50+ 50ml;3662361002382;0.00;0.00;0.00;0.00;VIE GROUP HCM;Default Piling Area;Default Shelf;1;0;1;0;0;0.00;0;0.03;33;346910.00;346910.00;Còn hàng;Chưa chọn danh mục;;;Single SKU;
https://res.bigseller.pro/sku/images/merchantsku/944484/308974_1754364218284.jpg?imageView2/1/w/300/h/300;2420;SVR Kem Chống Nắng Clairial Creme SPF50+ 40ml;3401360238138;0.00;0.00;0.00;0.00;VIE GROUP HCM;Default Piling Area;Default Shelf;0;0;0;0;0;0.00;0;0.00;--;524252.89;0.00;Ngừng bán;Chưa chọn danh mục;;;Single SKU;
https://res.bigseller.pro/sku/images/merchantsku/944484/954810_1755553510207.jpg?imageView2/1/w/300/h/300;2418;SUR-MEDIC Tinh Chất Truyền Trắng Sur.Medic+ Super Glutathione 100TM Bright Ampoule - 32ML;8809653249550;0.00;0.00;0.00;0.00;VIE GROUP HCM;Default Piling Area;Default Shelf;1;0;1;0;0;0.00;0;0.00;--;294312.50;294312.50;Ngừng bán;Chưa chọn danh mục;;;Single SKU;
https://res.bigseller.pro/sku/images/merchantsku/944484/296382_1754364216703.jpg?imageView2/1/w/300/h/300;2417;SUR-MEDIC+ Mặt nạ Super Hyaluronic 100™ Aqua Mask 30g;8809653240748;0.00;0.00;0.00;0.00;VIE GROUP HCM;Default Piling Area;Default Shelf;10;0;10;0;0;0.00;0;1.00;10;19212.16;192121.60;Còn hàng;Chưa chọn danh mục;;;Single SKU;
https://res.bigseller.pro/sku/images/merchantsku/944484/718987_1754365621710.jpg?imageView2/1/w/300/h/300;2416;SUR-MEDIC+ Mặt nạ Super Glutathione 100 Bright Mask 30g;8809653246467;0.00;0.00;0.00;0.00;VIE GROUP HCM;Default Piling Area;Default Shelf;4;0;4;0;0;0.00;0;1.64;2;19804.35;79217.40;Còn hàng;Chưa chọn danh mục;;;Single SKU;
https://res.bigseller.pro/sku/images/merchantsku/944484/966371_1754365813041.jpg?imageView2/1/w/300/h/300;2415;SUR-MEDIC+ Mặt nạ Super Calm Repairing Mask 30g;8809653246627;0.00;0.00;0.00;0.00;VIE GROUP HCM;Default Piling Area;Default Shelf;2;0;2;0;0;0.00;0;0.83;2;20324.74;40649.48;Còn hàng;Chưa chọn danh mục;;;Single SKU;
https://res.bigseller.pro/sku/images/merchantsku/944484/375839_1755687784899.jpg?imageView2/1/w/300/h/300;2414;SUR-MEDIC+ Mặt nạ Age Control Multi Vita Mask 30g;8809381449321;0.00;0.00;0.00;0.00;VIE GROUP HCM;Default Piling Area;Default Shelf;12;10;2;0;0;0.00;0;1.17;1;18874.74;226496.88;Còn hàng;Chưa chọn danh mục;;;Single SKU;
https://res.bigseller.pro/sku/images/merchantsku/944484/511473_1755015213634.jpg?imageView2/1/w/300/h/300;2413;SUNPLAY Kem Chống nắng Sunplay Skin Aqua Clear White SPF50+ PA++++ - 55g;8935006538283;0.00;0.00;0.00;0.00;VIE GROUP HCM;Default Piling Area;Default Shelf;4;0;4;0;0;0.00;0;0.03;133;143994.23;575976.92;Còn hàng;Chưa chọn danh mục;;;Single SKU;
https://res.bigseller.pro/sku/images/merchantsku/944484/265433_1789051756512.jpg?imageView2/1/w/300/h/300;2412;SUNPLAY Kem Chống nắng Sunplay Skin Aqua Clear White SPF50+ PA++++ - 30g - HỒNG;8935006534148;0.00;0.00;0.00;0.00;VIE GROUP HCM;Default Piling Area;Default Shelf;3;0;3;0;0;0.00;0;0.00;--;50000.00;150000.00;Còn hàng;Chưa chọn danh mục;;;Single SKU;
https://res.bigseller.pro/sku/images/merchantsku/944484/149708_1754366212137.jpg?imageView2/1/w/300/h/300;2410;SUNPLAY Kem chống nắng Skin Aqua Tone Uv Essence SPF50+ PA++++ 80g – Xanh Tím Happiness Aura [XT];;0.00;0.00;0.00;0.00;VIE GROUP HCM;Default Piling Area;Default Shelf;0;0;0;0;0;0.00;0;0.00;--;105000.00;0.00;Ngừng bán;Chưa chọn danh mục;;;Single SKU;
https://res.bigseller.pro/sku/images/merchantsku/944484/865045_1754365818076.jpg?imageView2/1/w/300/h/300;2409;SUNPLAY Kem Chống Nắng Skin Aqua Tone UP UV SPF50+ Pa++++ 50g – Latte Beige essence;8935006542938;0.00;0.00;0.00;0.00;VIE GROUP HCM;Default Piling Area;Default Shelf;1;0;1;0;0;0.00;0;0.00;--;140000.00;140000.00;Còn hàng;Chưa chọn danh mục;;;Single SKU;
https://res.bigseller.pro/sku/images/merchantsku/944484/491720_1754365621719.jpg?imageView2/1/w/300/h/300;2408;SUNPLAY Sữa Chống Nắng Super Block SPF50 PA++++ - 30g [MẪU MỚI];8935006532687;0.00;0.00;0.00;0.00;VIE GROUP HCM;Default Piling Area;Default Shelf;10;10;0;0;0;0.00;0;0.94;0;66443.40;664434.00;Còn hàng;Chưa chọn danh mục;;;Single SKU;
https://res.bigseller.pro/sku/images/merchantsku/944484/382238_1754365907334.jpg?imageView2/1/w/300/h/300;2407;SUDOCREM Kem hăm đa năng số 1 UK 60gr;5690528476163;0.00;0.00;0.00;0.00;VIE GROUP HCM;Default Piling Area;Default Shelf;19;0;19;0;0;0.00;0;9.73;1;89836.37;1706891.03;Còn hàng;Chưa chọn danh mục;;;Single SKU;
https://res.bigseller.pro/sku/images/merchantsku/944484/917055_1754366319799.jpg?imageView2/1/w/300/h/300;2406;ST.IVES Sữa Dưỡng Thể Body Lotion USA 400ml - Yến Mạch & Bơ;7506306218086;0.00;0.00;0.00;0.00;VIE GROUP HCM;Default Piling Area;Default Shelf;0;0;0;0;0;0.00;0;0.00;--;75237.00;0.00;Còn hàng;Chưa chọn danh mục;;;Single SKU;
https://res.bigseller.pro/sku/images/merchantsku/944484/621529_1754365914951.jpg?imageView2/1/w/300/h/300;2405;ST.IVES Sữa Dưỡng Thể Body Lotion USA 400ml - Vitamin E & Bơ;7506306218093;0.00;0.00;0.00;0.00;VIE GROUP HCM;Default Piling Area;Default Shelf;0;0;0;0;0;0.00;0;0.00;--;75237.00;0.00;Còn hàng;Chưa chọn danh mục;;;Single SKU;
https://res.bigseller.pro/sku/images/merchantsku/944484/482611_1754366213829.jpg?imageView2/1/w/300/h/300;2404;ST.IVES Sữa Tắm Tẩy Tế Bào Chết 700ml - Yến mạch & Bơ;77043002148;0.00;0.00;0.00;0.00;VIE GROUP HCM;Default Piling Area;Default Shelf;0;0;0;0;0;0.00;0;0.00;--;125220.20;0.00;Còn hàng;Chưa chọn danh mục;;;Single SKU;
https://res.bigseller.pro/sku/images/merchantsku/944484/364018_1754364218893.jpg?imageView2/1/w/300/h/300;2403;ST.IVES Sữa Tắm Tẩy Tế Bào Chết 473ml - Yến Mạch & Bơ;77043002223;0.00;0.00;0.00;0.00;VIE GROUP HCM;Default Piling Area;Default Shelf;0;0;0;0;0;0.00;0;0.00;--;104314.00;0.00;Còn hàng;Chưa chọn danh mục;;;Single SKU;
https://res.bigseller.pro/sku/images/merchantsku/944484/177449_1782723278505.jpg?imageView2/1/w/300/h/300;2402;ST.IVES Sữa Tắm Tẩy Tế Bào Chết 700ml - Muối Biển;;0.00;0.00;0.00;0.00;VIE GROUP HCM;Default Piling Area;Default Shelf;0;0;0;0;0;0.00;0;0.00;--;125000.00;0.00;Còn hàng;Chưa chọn danh mục;;;Single SKU;
https://res.bigseller.pro/sku/images/merchantsku/944484/230893_1754366313643.jpg?imageView2/1/w/300/h/300;2401;ST.IVES Sữa Tắm Tẩy Tế Bào Chết 473ml - Cam Chanh;;0.00;0.00;0.00;0.00;VIE GROUP HCM;Default Piling Area;Default Shelf;0;0;0;0;0;0.00;0;0.00;--;109846.00;0.00;Còn hàng;Chưa chọn danh mục;;;Single SKU;
https://res.bigseller.pro/sku/images/merchantsku/944484/684030_1754365626069.jpg?imageView2/1/w/300/h/300;2400;ST.IVES Sữa Rửa Mặt tẩy tế bào chết 170g - Fresh Skin Trái Mơ;77043103609;0.00;0.00;0.00;0.00;VIE GROUP HCM;Default Piling Area;Default Shelf;0;0;0;0;0;0.00;0;0.00;--;106000.00;0.00;Ngừng bán;Chưa chọn danh mục;;;Single SKU;
https://res.bigseller.pro/sku/images/merchantsku/944484/541520_1754919949775.jpg?imageView2/1/w/300/h/300;2399;ST.IVES Sữa Rửa Mặt tẩy tế bào chết 170g - BLACKHEAD Trà Xanh;77043358023;0.00;0.00;0.00;0.00;VIE GROUP HCM;Default Piling Area;Default Shelf;0;0;0;0;0;0.00;0;0.00;--;106000.00;0.00;Ngừng bán;Chưa chọn danh mục;;;Single SKU;
https://res.bigseller.pro/sku/images/merchantsku/944484/946862_1754361504532.jpg?imageView2/1/w/300/h/300;2398;SOME BY MI Mặt Nạ Đất Sét Super Matcha Pore Clean Clay Mask 100g;8809647391074;0.00;0.00;0.00;0.00;VIE GROUP HCM;Default Piling Area;Default Shelf;0;0;0;0;0;0.00;0;0.00;--;225000.00;0.00;Còn hàng;SOME BY MI;;;Single SKU;
https://res.bigseller.pro/sku/images/merchantsku/944484/350896_1754365907119.jpg?imageView2/1/w/300/h/300;2397;SOFY Băng vệ sinh Soft Tampon Super gói 9 miếng, Lẻ 1 gói;;0.00;0.00;0.00;0.00;VIE GROUP HCM;Default Piling Area;Default Shelf;81;0;81;0;0;0.00;0;0.37;218;36856.95;2985412.95;Còn hàng;Chưa chọn danh mục;;;Single SKU;
https://res.bigseller.pro/sku/images/merchantsku/944484/869938_1770036264551.jpg?imageView2/1/w/300/h/300;2396;SOFY Băng Vệ Sinh Soft Tampon Super Gói 7 Miếng - TÍM;;0.00;0.00;0.00;0.00;VIE GROUP HCM;Default Piling Area;Default Shelf;0;0;0;0;0;0.00;0;0.00;--;28250.00;0.00;Còn hàng;Chưa chọn danh mục;;;Single SKU;
https://res.bigseller.pro/sku/images/merchantsku/944484/675831_1769699061980.jpg?imageView2/1/w/300/h/300;2395;SOFY Băng Vệ Sinh Soft Tampon Super Gói 10 Miếng - XANH DƯƠNG;4903111370795;0.00;0.00;0.00;0.00;VIE GROUP HCM;Default Piling Area;Default Shelf;2;0;2;0;0;0.00;0;0.33;6;25300.00;50600.00;Còn hàng;Chưa chọn danh mục;;;Single SKU;
https://res.bigseller.pro/sku/images/merchantsku/944484/505837_1779681578791.jpg?imageView2/1/w/300/h/300;2394;SO.NATURAL Xịt Dưỡng Nền Water Glow Make Up Setting Fixx So'Natural 75ml - Đen;;0.00;0.00;0.00;0.00;VIE GROUP HCM;Default Piling Area;Default Shelf;0;0;0;0;0;0.00;0;0.20;0;257515.84;0.00;Còn hàng;Chưa chọn danh mục;;;Single SKU;
https://res.bigseller.pro/sku/images/merchantsku/944484/383364_1754097264171.jpg?imageView2/1/w/300/h/300;2393;SO.NATURAL Xịt Dưỡng Nền Water Glow Make Up Setting Fixx - HỒNG NHẠT ALL DAY 35ML;8809263878683;0.00;0.00;0.00;0.00;VIE GROUP HCM;Default Piling Area;Default Shelf;0;0;0;0;0;0.00;0;2.73;0;125928.57;0.00;Còn hàng;Chưa chọn danh mục;;;Single SKU;
https://res.bigseller.pro/sku/images/merchantsku/944484/624993_1754364213537.jpg?imageView2/1/w/300/h/300;2392;SO.NATURAL Xịt Dưỡng Nền Water Glow Make Up Setting Fixx - All Day Tight 120ml;8809263877211;0.00;0.00;0.00;0.00;VIE GROUP HCM;Default Piling Area;Default Shelf;0;0;0;0;0;0.00;0;0.04;0;284602.19;0.00;Còn hàng;Chưa chọn danh mục;;;Single SKU;
https://res.bigseller.pro/sku/images/merchantsku/944484/116869_1779681584738.jpg?imageView2/1/w/300/h/300;2391;SO.NATURAL Xịt Dưỡng Nền Water Glow Make Up Setting Fixx So'Natural 75ml - Hồng đậm;;0.00;0.00;0.00;0.00;VIE GROUP HCM;Default Piling Area;Default Shelf;0;0;0;0;0;0.00;0;0.56;0;256538.46;0.00;Còn hàng;Chưa chọn danh mục;;;Single SKU;
https://res.bigseller.pro/sku/images/merchantsku/944484/193704_1789625935638.jpg?imageView2/1/w/300/h/300;2390;SMAS Tinh Chất Cấp Ẩm HA Plus Hyaluronic Acid 100ml;8809129608447;0.00;0.00;0.00;0.00;VIE GROUP HCM;Default Piling Area;Default Shelf;5;0;5;0;0;0.00;0;0.80;6;332636.36;1663181.80;Còn hàng;Chưa chọn danh mục;;;Single SKU;
https://res.bigseller.pro/sku/images/merchantsku/944484/945303_1782467075583.jpg?imageView2/1/w/300/h/300;2389;SMAS Tinh Chất B5 Phục Hồi Da SMAS Pro Vitamin B5 Hydra Serum - 120ml;;0.00;0.00;0.00;0.00;VIE GROUP HCM;Default Piling Area;Default Shelf;0;0;0;0;0;0.00;0;4.86;0;364716.22;0.00;Còn hàng;Chưa chọn danh mục;;;Single SKU;
https://res.bigseller.pro/sku/images/merchantsku/944484/640185_1754366310170.jpg?imageView2/1/w/300/h/300;2388;SMAS Mặt nạ Peptide Silk Mask 25gr;9551004660345;0.00;0.00;0.00;0.00;VIE GROUP HCM;Default Piling Area;Default Shelf;1;0;1;0;0;0.00;0;4.33;0;60332.03;60332.03;Còn hàng;Chưa chọn danh mục;;;Single SKU;
https://res.bigseller.pro/sku/images/merchantsku/944484/995859_1754366214248.jpg?imageView2/1/w/300/h/300;2387;SKIN1004 Tinh chất Madagascar Centella Hyalu-cica Blue Serum 50ml;8809576260717;0.00;0.00;0.00;0.00;VIE GROUP HCM;Default Piling Area;Default Shelf;0;0;0;0;0;0.00;0;0.00;--;282000.00;0.00;Còn hàng;Chưa chọn danh mục;;;Single SKU;
https://res.bigseller.pro/sku/images/merchantsku/944484/853746_1754365621707.jpg?imageView2/1/w/300/h/300;2386;SKIN1004 Tinh chất Madagascar Centella Ampoule - 55ml;8809576260601;0.00;0.00;0.00;0.00;VIE GROUP HCM;Default Piling Area;Default Shelf;4;4;0;0;0;0.00;0;1.21;0;181927.95;727711.80;Còn hàng;Chưa chọn danh mục;;;Single SKU;
https://res.bigseller.pro/sku/images/merchantsku/944484/734508_1754365814983.jpg?imageView2/1/w/300/h/300;2385;SKIN1004 Tinh chất Madagascar Centella Ampoule - 100ml;8809576260663;0.00;0.00;0.00;0.00;VIE GROUP HCM;Default Piling Area;Default Shelf;0;0;0;0;0;0.00;0;0.00;--;256934.34;0.00;Còn hàng;Chưa chọn danh mục;;;Single SKU;
https://res.bigseller.pro/sku/images/merchantsku/944484/590238_1754364218702.jpg?imageView2/1/w/300/h/300;2384;SKIN1004 Sữa rửa mặt Madagascar Centella 125ML - Tone Brightening Cleansing Gel Foam;8809576261189;0.00;0.00;0.00;0.00;VIE GROUP HCM;Default Piling Area;Default Shelf;1;0;1;0;0;0.00;0;0.00;--;219000.00;219000.00;Còn hàng;Chưa chọn danh mục;;;Single SKU;
https://res.bigseller.pro/sku/images/merchantsku/944484/989762_1755552875088.jpg?imageView2/1/w/300/h/300;2383;SKIN1004 Nước Hoa Hồng Madagascar Centella Probio-Cica Essence Toner Ngăn Lão Hóa Da 210ml;8809576261738;0.00;0.00;0.00;0.00;VIE GROUP HCM;Default Piling Area;Default Shelf;0;0;0;0;0;0.00;0;0.00;--;313150.00;0.00;Ngừng bán;Chưa chọn danh mục;;;Single SKU;
https://res.bigseller.pro/sku/images/merchantsku/944484/824195_1754366310428.jpg?imageView2/1/w/300/h/300;2382;SKIN1004 Nước hoa hồng Madagascar Centella 210ML - Toning Toner;8809576261141;0.00;0.00;0.00;0.00;VIE GROUP HCM;Default Piling Area;Default Shelf;0;0;0;0;0;0.00;0;0.00;--;200740.02;0.00;Còn hàng;Chưa chọn danh mục;;;Single SKU;
https://res.bigseller.pro/sku/images/merchantsku/944484/312794_1754365625473.jpg?imageView2/1/w/300/h/300;2381;SKIN1004 Mặt nạ giấy Madagascar Centella Watergel Sheet Ampoule Mask 25ml;8809576260496;0.00;0.00;0.00;0.00;VIE GROUP HCM;Default Piling Area;Default Shelf;1;0;1;0;0;0.00;0;0.00;--;37486.00;37486.00;Còn hàng;Chưa chọn danh mục;;;Single SKU;
https://res.bigseller.pro/sku/images/merchantsku/944484/710726_1754365818869.jpg?imageView2/1/w/300/h/300;2380;SKIN1004 Kem dưỡng Madagascar Centella - Soothing Cream 75ml;8809576261134;0.00;0.00;0.00;0.00;VIE GROUP HCM;Default Piling Area;Default Shelf;0;0;0;0;0;0.00;0;0.00;0;247130.00;0.00;Ngừng bán;Chưa chọn danh mục;;;Single SKU;
https://res.bigseller.pro/sku/images/merchantsku/944484/136965_1787500842045.jpg?imageView2/1/w/300/h/300;2379;SKIN1004 Kem dưỡng Madagascar Centella - Cream 75ml;8809576260441;0.00;0.00;0.00;0.00;VIE GROUP HCM;Default Piling Area;Default Shelf;1;0;1;0;0;0.00;0;0.17;5;247450.00;247450.00;Còn hàng;Chưa chọn danh mục;;;Single SKU;
https://res.bigseller.pro/sku/images/merchantsku/944484/448697_1754998314175.jpg?imageView2/1/w/300/h/300;2378;SKIN1004 Kem chống nắng Madagascar Centella Air-Fit SunCream Plus 50ml (IP04);8809576261301;0.00;0.00;0.00;0.00;VIE GROUP HCM;Default Piling Area;Default Shelf;147;0;147;0;0;0.00;0;2.40;61;193000.00;28371000.00;Còn hàng;Chưa chọn danh mục;;;Single SKU;
https://res.bigseller.pro/sku/images/merchantsku/944484/576560_1755553282917.jpg?imageView2/1/w/300/h/300;2377;SKIN1004 Kem chống nắng Madagascar Centella Air-Fit SunCream Plus - 20ml (IP04);;0.00;0.00;0.00;0.00;VIE GROUP HCM;Default Piling Area;Default Shelf;0;0;0;0;0;0.00;0;0.00;--;50000.00;0.00;Còn hàng;Chưa chọn danh mục;;;Single SKU;
;2376;SKIN1004 Kem chống nắng Madagascar centella 50ml [XT];;0.00;0.00;0.00;0.00;VIE GROUP HCM;Default Piling Area;Default Shelf;0;0;0;0;0;0.00;0;0.00;--;165888.89;0.00;Ngừng bán;Chưa chọn danh mục;;;Single SKU;
https://res.bigseller.pro/sku/images/merchantsku/944484/919146_1754364216583.jpg?imageView2/1/w/300/h/300;2373;SIMPLE Sữa Rửa Mặt Refreshing Facial Wash - 50ml [Xanh lá];50052806;0.00;0.00;0.00;0.00;VIE GROUP HCM;Default Piling Area;Default Shelf;0;0;0;0;0;0.00;0;0.00;--;82972.22;0.00;Còn hàng;Chưa chọn danh mục;;;Single SKU;
https://res.bigseller.pro/sku/images/merchantsku/944484/106789_1787289379447.jpg?imageView2/1/w/300/h/300;2372;SIMPLE Sữa Rửa Mặt Refreshing Facial Wash - 150ml [Xanh lá];5011451103863;0.00;0.00;0.00;0.00;VIE GROUP HCM;Default Piling Area;Default Shelf;164;20;144;0;0;0.00;0;23.14;6;72915.66;11958168.24;Còn hàng;Chưa chọn danh mục;;;Single SKU;
https://res.bigseller.pro/sku/images/merchantsku/944484/360736_1754365721435.jpg?imageView2/1/w/300/h/300;2371;SIMPLE Sữa rửa mặt Purifying Gel Wash 150ml [Xanh dương];8710447474419;0.00;0.00;0.00;0.00;VIE GROUP HCM;Default Piling Area;Default Shelf;3;3;0;0;0;0.00;0;5.88;0;70046.41;210139.23;Còn hàng;Chưa chọn danh mục;;;Single SKU;
https://res.bigseller.pro/sku/images/merchantsku/944484/909267_1785901378995.jpg?imageView2/1/w/300/h/300;2370;SIMPLE Sữa rửa mặt Moisturising Facial Wash 150ml [Xanh lá trắng];5011451103870;0.00;0.00;0.00;0.00;VIE GROUP HCM;Default Piling Area;Default Shelf;6;6;0;0;0;0.00;0;8.19;0;73091.68;438550.08;Còn hàng;Chưa chọn danh mục;;;Single SKU;
https://res.bigseller.pro/sku/images/merchantsku/944484/816039_1754365724504.jpg?imageView2/1/w/300/h/300;2369;SIMPLE Sữa rửa mặt Micellar Gel Wash Water boost 150ml [ Xanh dương nhạt];8710908710773;0.00;0.00;0.00;0.00;VIE GROUP HCM;Default Piling Area;Default Shelf;14;10;4;0;0;0.00;20;3.50;1;73246.45;1025450.30;Còn hàng;Chưa chọn danh mục;;;Single SKU;
https://res.bigseller.pro/sku/images/merchantsku/944484/160848_1754365818073.jpg?imageView2/1/w/300/h/300;2367;SIMPLE Nước Tẩy Trang Micellar Cleansing Water - 200ml;8712561669825;0.00;0.00;0.00;0.00;VIE GROUP HCM;Default Piling Area;Default Shelf;95;32;63;0;0;0.00;0;29.14;2;40225.36;3821409.20;Còn hàng;Chưa chọn danh mục;;;Single SKU;
https://res.bigseller.pro/sku/images/merchantsku/944484/627992_1754361504862.jpg?imageView2/1/w/300/h/300;2366;SIMPLE Nước hoa hồng Toner Kind to Skin Soothing Facial 200ml;5011451103856;0.00;0.00;0.00;0.00;VIE GROUP HCM;Default Piling Area;Default Shelf;0;0;0;0;0;0.00;20;0.00;--;81425.81;0.00;Còn hàng;Chưa chọn danh mục;;;Single SKU;
https://res.bigseller.pro/sku/images/merchantsku/944484/685500_1754366221823.jpg?imageView2/1/w/300/h/300;2365;SILKY hands Kem dưỡng da tay Silky  Nga - Xanh dưỡng ban đêm;4600702035438;0.00;0.00;0.00;0.00;VIE GROUP HCM;Default Piling Area;Default Shelf;3;0;3;0;0;0.00;0;0.00;--;28982.14;86946.42;Còn hàng;Chưa chọn danh mục;;;Single SKU;
https://res.bigseller.pro/sku/images/merchantsku/944484/515664_1754365724554.jpg?imageView2/1/w/300/h/300;2364;SILKY hands Kem dưỡng da tay Silky  Nga - Olive;4600702025996;0.00;0.00;0.00;0.00;VIE GROUP HCM;Default Piling Area;Default Shelf;0;0;0;0;0;0.00;0;0.06;0;28941.22;0.00;Còn hàng;Chưa chọn danh mục;;;Single SKU;
https://res.bigseller.pro/sku/images/merchantsku/944484/721868_1754365712277.jpg?imageView2/1/w/300/h/300;2363;SILCOT Khăn Khô Lau Mặt Silcot Cotton, Thấm Khô Nhẹ Nhàng Cho Da - Gói 40 Miếng;4903111449590;0.00;0.00;0.00;0.00;VIE GROUP HCM;Default Piling Area;Default Shelf;0;0;0;0;0;0.00;0;2.00;--;47000.00;0.00;Ngừng bán;Chưa chọn danh mục;;;Single SKU;
https://res.bigseller.pro/sku/images/merchantsku/944484/941114_1755015056285.jpg?imageView2/1/w/300/h/300;2361;SILCOT Bông tẩy trang Unicharm - 82 miếng Xanh dương;4903111455546;0.00;0.00;0.00;0.00;VIE GROUP HCM;Default Piling Area;Default Shelf;1717;43;1674;0;0;0.00;0;89.53;18;20977.59;36018522.03;Còn hàng;Chưa chọn danh mục;;;Single SKU;
https://res.bigseller.pro/sku/images/merchantsku/944484/780386_1754365910094.jpg?imageView2/1/w/300/h/300;2360;SILCOT Bông tẩy trang Unicharm - 66 miếng Xanh lá;4903111424283;0.00;0.00;0.00;0.00;VIE GROUP HCM;Default Piling Area;Default Shelf;529;1;528;0;0;0.00;0;7.18;73;26887.36;14223413.44;Còn hàng;Chưa chọn danh mục;;;Single SKU;
https://res.bigseller.pro/sku/images/merchantsku/944484/358631_1766387825258.jpg?imageView2/1/w/300/h/300;2359;SENSODYNE Kem Đánh Răng Sensodyne Bảo Vệ Nướu - 100g;8850090114109;0.00;0.00;0.00;0.00;VIE GROUP HCM;Default Piling Area;Default Shelf;11;0;11;0;0;0.00;0;0.00;--;59327.00;652597.00;Còn hàng;Chưa chọn danh mục;;;Single SKU;
https://res.bigseller.pro/sku/images/merchantsku/944484/870561_1754365720778.jpg?imageView2/1/w/300/h/300;2358;SENSODYNE Kem đánh răng Repair & Protect 100g - Deep Repair Whitening;8851007198397;0.00;0.00;0.00;0.00;VIE GROUP HCM;Default Piling Area;Default Shelf;0;0;0;0;0;0.00;0;12.00;0;87214.80;0.00;Còn hàng;Chưa chọn danh mục;;;Single SKU;
https://res.bigseller.pro/sku/images/merchantsku/944484/288842_1754366219574.jpg?imageView2/1/w/300/h/300;2357;SENSODYNE Kem đánh răng Repair & Protect 100g - Deep Repair;8851007199332;0.00;0.00;0.00;0.00;VIE GROUP HCM;Default Piling Area;Default Shelf;0;0;0;0;0;0.00;0;0.15;0;79781.25;0.00;Còn hàng;Chưa chọn danh mục;;;Single SKU;
https://res.bigseller.pro/sku/images/merchantsku/944484/844777_1754365911791.jpg?imageView2/1/w/300/h/300;2356;SENSODYNE Kem đánh răng Rapid Action 100g - Whitening;5054563022592;0.00;0.00;0.00;0.00;VIE GROUP HCM;Default Piling Area;Default Shelf;9;0;9;0;0;0.00;0;0.03;300;79242.80;713185.20;Còn hàng;Chưa chọn danh mục;;;Single SKU;
https://res.bigseller.pro/sku/images/merchantsku/944484/609956_1754366313653.jpg?imageView2/1/w/300/h/300;2355;SENSODYNE Kem đánh răng Rapid Action 100g - Thường;5054563023803;0.00;0.00;0.00;0.00;VIE GROUP HCM;Default Piling Area;Default Shelf;8;0;8;0;0;0.00;0;0.03;266;78446.47;627571.76;Còn hàng;Chưa chọn danh mục;;;Single SKU;
https://res.bigseller.pro/sku/images/merchantsku/944484/846968_1754364218476.jpg?imageView2/1/w/300/h/300;2354;SENSODYNE Kem đánh răng Deep Clean - 160g;8851007110498;0.00;0.00;0.00;0.00;VIE GROUP HCM;Default Piling Area;Default Shelf;27;0;27;0;0;0.00;0;0.00;--;87100.00;2351700.00;Còn hàng;Chưa chọn danh mục;;;Single SKU;
https://res.bigseller.pro/sku/images/merchantsku/944484/934549_1754365906031.jpg?imageView2/1/w/300/h/300;2353;SENSODYNE Kem đánh răng Deep Clean - 100g;4892018013532;0.00;0.00;0.00;0.00;VIE GROUP HCM;Default Piling Area;Default Shelf;16;0;16;0;0;0.00;0;0.13;123;59910.00;958560.00;Còn hàng;Chưa chọn danh mục;;;Single SKU;
https://res.bigseller.pro/sku/images/merchantsku/944484/533189_1754365720866.jpg?imageView2/1/w/300/h/300;2352;SENSODYNE Kem đánh răng 160g - Multe Care;8851007198038;0.00;0.00;0.00;0.00;VIE GROUP HCM;Default Piling Area;Default Shelf;4;0;4;0;0;0.00;0;0.10;40;84629.00;338516.00;Còn hàng;Chưa chọn danh mục;;;Single SKU;
https://res.bigseller.pro/sku/images/merchantsku/944484/370668_1754365715935.jpg?imageView2/1/w/300/h/300;2351;SENSODYNE Kem đánh răng 160g - Gentle Whitening;8850090400424;0.00;0.00;0.00;0.00;VIE GROUP HCM;Default Piling Area;Default Shelf;0;0;0;0;0;0.00;0;24.00;0;87185.00;0.00;Còn hàng;Chưa chọn danh mục;;;Single SKU;
https://res.bigseller.pro/sku/images/merchantsku/944484/461381_1754366308346.jpg?imageView2/1/w/300/h/300;2350;SENSODYNE Kem đánh răng 160g - Fresh Mint;8992695705167;0.00;0.00;0.00;0.00;VIE GROUP HCM;Default Piling Area;Default Shelf;8;0;8;0;0;0.00;0;0.00;--;80001.92;640015.36;Còn hàng;Chưa chọn danh mục;;;Single SKU;
https://res.bigseller.pro/sku/images/merchantsku/944484/035527_1754366219613.jpg?imageView2/1/w/300/h/300;2349;SENSODYNE Kem đánh răng 160g - Cool Gel;8850090113164;0.00;0.00;0.00;0.00;VIE GROUP HCM;Default Piling Area;Default Shelf;4;0;4;0;0;0.00;0;0.00;--;78240.00;312960.00;Còn hàng;Chưa chọn danh mục;;;Single SKU;
https://res.bigseller.pro/sku/images/merchantsku/944484/218000_1754919948895.jpg?imageView2/1/w/300/h/300;2348;SENSODYNE Kem đánh răng 100g - Multe Care;4800318407937;0.00;0.00;0.00;0.00;VIE GROUP HCM;Default Piling Area;Default Shelf;0;0;0;0;0;0.00;0;0.00;--;62000.00;0.00;Còn hàng;Chưa chọn danh mục;;;Single SKU;
https://res.bigseller.pro/sku/images/merchantsku/944484/873180_1754365818068.jpg?imageView2/1/w/300/h/300;2347;SENSODYNE Kem đánh răng 100g - Gentle Whitening;4893776000772;0.00;0.00;0.00;0.00;VIE GROUP HCM;Default Piling Area;Default Shelf;5;0;5;0;0;0.00;0;0.81;6;58760.21;293801.05;Còn hàng;Chưa chọn danh mục;;;Single SKU;
https://res.bigseller.pro/sku/images/merchantsku/944484/047417_1754365627269.jpg?imageView2/1/w/300/h/300;2346;SENSODYNE Kem đánh răng 100g - Fresh Mint;8991991161332890;0.00;0.00;0.00;0.00;VIE GROUP HCM;Default Piling Area;Default Shelf;3;0;3;0;0;0.00;0;0.00;--;50000.00;150000.00;Còn hàng;Chưa chọn danh mục;;;Single SKU;
https://res.bigseller.pro/sku/images/merchantsku/944484/275435_1755553018434.jpg?imageView2/1/w/300/h/300;2345;SENSODYNE Kem đánh răng 100g - Cool Gel;4800318407739;0.00;0.00;0.00;0.00;VIE GROUP HCM;Default Piling Area;Default Shelf;14;0;14;0;0;0.00;0;0.00;--;50205.96;702883.44;Còn hàng;Chưa chọn danh mục;;;Single SKU;
https://res.bigseller.pro/sku/images/merchantsku/944484/724228_1754365714050.jpg?imageView2/1/w/300/h/300;2344;SENSODYNE Bàn chải đánh răng Sensitive Extra Soft - Vỉ 6 cây;;0.00;0.00;0.00;0.00;VIE GROUP HCM;Default Piling Area;Default Shelf;0;0;0;0;0;0.00;0;0.00;--;101538.46;0.00;Ngừng bán;Chưa chọn danh mục;;;Single SKU;
https://res.bigseller.pro/sku/images/merchantsku/944484/769612_1754365722972.jpg?imageView2/1/w/300/h/300;2343;SENSODYNE Bàn chải đánh răng Sensitive Extra Soft - Vỉ 2 cây;;0.00;0.00;0.00;0.00;VIE GROUP HCM;Default Piling Area;Default Shelf;0;0;0;0;0;0.00;0;0.00;--;35300.00;0.00;Còn hàng;Chưa chọn danh mục;;;Single SKU;
https://res.bigseller.pro/sku/images/merchantsku/944484/197155_1754365629899.jpg?imageView2/1/w/300/h/300;2342;SENSODYNE Bàn chải đánh răng Sensitive Extra Soft - Vỉ 1 cây;8992695920089;0.00;0.00;0.00;0.00;VIE GROUP HCM;Default Piling Area;Default Shelf;50;0;50;0;0;0.00;0;0.40;125;17600.00;880000.00;Còn hàng;Chưa chọn danh mục;;;Single SKU;
https://res.bigseller.pro/sku/images/merchantsku/944484/948623_1754361508008.jpg?imageView2/1/w/300/h/300;2341;SENSODYNE Bàn Chải Đánh Răng Sensitive & Gum Làm Sạch Răng Nhẹ Nhàng - Lẻ 1 cây;9556019302778;0.00;0.00;0.00;0.00;VIE GROUP HCM;Default Piling Area;Default Shelf;8;1;7;0;0;0.00;0;0.00;--;52530.77;420246.16;Còn hàng;Chưa chọn danh mục;;;Single SKU;
https://res.bigseller.pro/sku/images/merchantsku/944484/746522_1755015056335.jpg?imageView2/1/w/300/h/300;2340;SENSODYNE Bàn chải đánh răng Repair & Protect Extra Soft - Vỉ 3 cây;8851007108112;0.00;0.00;0.00;0.00;VIE GROUP HCM;Default Piling Area;Default Shelf;0;0;0;0;0;0.00;0;0.00;--;77000.00;0.00;Còn hàng;Chưa chọn danh mục;;;Single SKU;
https://res.bigseller.pro/sku/images/merchantsku/944484/427721_1754364217000.jpg?imageView2/1/w/300/h/300;2339;SENSODYNE Bàn chải đánh răng Repair & Protect Extra Soft - Vỉ 1 cây;8851007142413;0.00;0.00;0.00;0.00;VIE GROUP HCM;Default Piling Area;Default Shelf;4;0;4;0;0;0.00;0;0.13;30;37900.00;151600.00;Còn hàng;Chưa chọn danh mục;;;Single SKU;
https://res.bigseller.pro/sku/images/merchantsku/944484/816113_1754366219976.jpg?imageView2/1/w/300/h/300;2338;SENSODYNE Bàn chải đánh răng Multicare Soft bảo vệ nướu - 1 cây;;0.00;0.00;0.00;0.00;VIE GROUP HCM;Default Piling Area;Default Shelf;0;0;0;0;0;0.00;0;0.00;--;25958.33;0.00;Còn hàng;Chưa chọn danh mục;;;Single SKU;
https://res.bigseller.pro/sku/images/merchantsku/944484/304519_1754365904349.jpg?imageView2/1/w/300/h/300;2337;SENSODYNE Bàn chải đánh răng Deep Clean Soft - Vỉ 3 cây;9556019302846;0.00;0.00;0.00;0.00;VIE GROUP HCM;Default Piling Area;Default Shelf;0;0;0;0;0;0.00;0;0.36;0;70466.67;0.00;Còn hàng;Chưa chọn danh mục;;;Single SKU;
https://res.bigseller.pro/sku/images/merchantsku/944484/278615_1754366309159.jpg?imageView2/1/w/300/h/300;2336;SENSODYNE Bàn chải đánh răng Deep Clean Soft - Vỉ 1 cây;9556019301252;0.00;0.00;0.00;0.00;VIE GROUP HCM;Default Piling Area;Default Shelf;4;0;4;0;0;0.00;0;0.17;23;35920.50;143682.00;Còn hàng;Chưa chọn danh mục;;;Single SKU;
https://res.bigseller.pro/sku/images/merchantsku/944484/257155_1763694106469.jpg?imageView2/1/w/300/h/300;2335;SENSILIS Micellar Water [AR] Nước Tẩy Trang Dành Cho Da Nhạy Cảm 400ml;8428749868200;0.00;0.00;0.00;0.00;VIE GROUP HCM;Default Piling Area;Default Shelf;26;0;26;0;0;0.00;0;0.00;--;254767.65;6623958.90;Còn hàng;Chưa chọn danh mục;;;Single SKU;
https://res.bigseller.pro/sku/images/merchantsku/944484/204234_1763694430846.jpg?imageView2/1/w/300/h/300;2334;SENSILIS Gel Rửa Mặt Purify Essential Cleanser  - 400ml;8428749868804;0.00;0.00;0.00;0.00;VIE GROUP HCM;Default Piling Area;Default Shelf;21;0;21;0;0;0.00;0;0.14;150;286957.00;6026097.00;Còn hàng;Chưa chọn danh mục;;;Single SKU;
https://res.bigseller.pro/sku/images/merchantsku/944484/000193_1763694302298.jpg?imageView2/1/w/300/h/300;2333;SENSILIS Gel Rửa Mặt Purify Essential Cleanser  - 200ml;8428749007975;0.00;0.00;0.00;0.00;VIE GROUP HCM;Default Piling Area;Default Shelf;6;0;6;0;0;0.00;0;0.20;30;203473.00;1220838.00;Còn hàng;Chưa chọn danh mục;;;Single SKU;
https://res.bigseller.pro/sku/images/merchantsku/944484/978512_1790568736811.jpg?imageView2/1/w/300/h/300;2332;SENA DERMA Mặt Nạ Sodium DNA B5 25ml - 1 Miếng;;0.00;0.00;0.00;0.00;VIE GROUP HCM;Default Piling Area;Default Shelf;6;0;6;0;0;0.00;0;0.33;18;9997.66;59985.96;Còn hàng;Chưa chọn danh mục;;;Single SKU;
https://res.bigseller.pro/sku/images/merchantsku/944484/063199_1754361504553.jpg?imageView2/1/w/300/h/300;2331;SELSUN Dầu Gội Ngừa Gàu 100ml;8935006533363;0.00;0.00;0.00;0.00;VIE GROUP HCM;Default Piling Area;Default Shelf;0;0;0;0;0;0.00;0;0.00;--;67710.53;0.00;Còn hàng;Chưa chọn danh mục;;;Single SKU;
https://res.bigseller.pro/sku/images/merchantsku/944484/941296_1754366319822.jpg?imageView2/1/w/300/h/300;2330;SELSUN Dầu Gội Ngừa Gàu - 250ml;8935006542365;0.00;0.00;0.00;0.00;VIE GROUP HCM;Default Piling Area;Default Shelf;0;0;0;0;0;0.00;0;0.00;--;167000.00;0.00;Còn hàng;Chưa chọn danh mục;;;Single SKU;
https://res.bigseller.pro/sku/images/merchantsku/944484/992017_1754366210520.jpg?imageView2/1/w/300/h/300;2329;SELSUN Dầu Gội Anti-Dandruff Shampoo Làm Sạch Gàu - 50ml;8935006533370;0.00;0.00;0.00;0.00;VIE GROUP HCM;Default Piling Area;Default Shelf;3;0;3;0;0;0.00;0;0.00;--;40900.00;122700.00;Còn hàng;Chưa chọn danh mục;;;Single SKU;
https://res.bigseller.pro/sku/images/merchantsku/944484/927417_1754998488112.jpg?imageView2/1/w/300/h/300;2328;SEIWA Găng tay rửa bát – Size M;4904510887501;0.00;0.00;0.00;0.00;VIE GROUP HCM;Default Piling Area;Default Shelf;0;0;0;0;0;0.00;0;0.00;--;38000.00;0.00;Còn hàng;Chưa chọn danh mục;;;Single SKU;
https://res.bigseller.pro/sku/images/merchantsku/944484/643007_1754366212591.jpg?imageView2/1/w/300/h/300;2327;SEIWA Găng tay rửa bát - Size L (Xanh);4904510887518;0.00;0.00;0.00;0.00;VIE GROUP HCM;Default Piling Area;Default Shelf;7;0;7;0;0;0.00;0;0.03;233;37705.23;263936.61;Còn hàng;Chưa chọn danh mục;;;Single SKU;
https://res.bigseller.pro/sku/images/merchantsku/944484/795443_1754998313803.jpg?imageView2/1/w/300/h/300;2326;SECRET MỸ Gel khử mùi 73g - Waterlily;37000978831;0.00;0.00;0.00;0.00;VIE GROUP HCM;Default Piling Area;Default Shelf;0;0;0;0;0;0.00;0;0.00;0;98569.00;0.00;Ngừng bán;Chưa chọn danh mục;;;Single SKU;
https://res.bigseller.pro/sku/images/merchantsku/944484/791841_1754364218473.jpg?imageView2/1/w/300/h/300;2325;SECRET MỸ Gel khử mùi 73g - SẠCH MỊN;37000808220;0.00;0.00;0.00;0.00;VIE GROUP HCM;Default Piling Area;Default Shelf;0;0;0;0;0;0.00;0;0.00;--;96378.86;0.00;Ngừng bán;Chưa chọn danh mục;;;Single SKU;
https://res.bigseller.pro/sku/images/merchantsku/944484/182472_1754998314221.jpg?imageView2/1/w/300/h/300;2324;SECRET MỸ Gel khử mùi 73g - PHẤN THƠM;;0.00;0.00;0.00;0.00;VIE GROUP HCM;Default Piling Area;Default Shelf;0;0;0;0;0;0.00;0;0.00;0;96561.33;0.00;Ngừng bán;Chưa chọn danh mục;;;Single SKU;
https://res.bigseller.pro/sku/images/merchantsku/944484/722043_1754365911093.jpg?imageView2/1/w/300/h/300;2323;SECRET MỸ Gel khử mùi 73g - OẢI HƯƠNG;37000204688;0.00;0.00;0.00;0.00;VIE GROUP HCM;Default Piling Area;Default Shelf;0;0;0;0;0;0.00;0;0.00;--;97200.00;0.00;Ngừng bán;Chưa chọn danh mục;;;Single SKU;
https://res.bigseller.pro/sku/images/merchantsku/944484/111337_1754366313698.jpg?imageView2/1/w/300/h/300;2322;SECRET MỸ Gel khử mùi 73g - KHÔNG MÙI;37000808312;0.00;0.00;0.00;0.00;VIE GROUP HCM;Default Piling Area;Default Shelf;0;0;0;0;0;0.00;0;0.00;--;97353.00;0.00;Ngừng bán;Chưa chọn danh mục;;;Single SKU;
https://res.bigseller.pro/sku/images/merchantsku/944484/913496_1754365818812.jpg?imageView2/1/w/300/h/300;2321;SECRET KEY Kem Ủ Trắng SNOW WHITE Milky Pack 200g;8809305995989;0.00;0.00;0.00;0.00;VIE GROUP HCM;Default Piling Area;Default Shelf;3;3;0;0;0;0.00;0;0.10;0;263805.56;791416.68;Còn hàng;Chưa chọn danh mục;;;Single SKU;
https://res.bigseller.pro/sku/images/merchantsku/944484/847677_1754365823511.jpg?imageView2/1/w/300/h/300;2320;SEBAMED Serum Postbiotics Pro! Vital Serum - 30ml;;0.00;0.00;0.00;0.00;VIE GROUP HCM;Default Piling Area;Default Shelf;0;0;0;0;0;0.00;0;0.00;--;370000.00;0.00;Ngừng bán;Chưa chọn danh mục;;;Single SKU;
https://res.bigseller.pro/sku/images/merchantsku/944484/337842_1756730669804.jpg?imageView2/1/w/300/h/300;2319;SEBAMED Dầu gội đầu giảm khô, ngứa Sebamed Extreme Dry Skin Relief Shampoo 5% Urea - 200ml;;0.00;0.00;0.00;0.00;VIE GROUP HCM;Default Piling Area;Default Shelf;0;0;0;0;0;0.00;0;0.00;--;183000.00;0.00;Ngừng bán;Chưa chọn danh mục;;;Single SKU;
https://res.bigseller.pro/sku/images/merchantsku/944484/979328_1754919950917.jpg?imageView2/1/w/300/h/300;2318;SEBAMED  Sữa Dưỡng Thể Extreme Dry Skin Repair Lotion 10% Urea Cấp Ẩm Chuyên Sâu 200ml;4103040914071;0.00;0.00;0.00;0.00;VIE GROUP HCM;Default Piling Area;Default Shelf;0;0;0;0;0;0.00;0;0.00;--;123300.00;0.00;Ngừng bán;Chưa chọn danh mục;;;Single SKU;
https://res.bigseller.pro/sku/images/merchantsku/944484/756497_1754366317711.jpg?imageView2/1/w/300/h/300;2317;SEBAMED  Kem Dưỡng Anti-Redness Regenerating Intensive Care Cấp Ẩm Cho Da Nhạy Cảm 50ml;4103040036667;0.00;0.00;0.00;0.00;VIE GROUP HCM;Default Piling Area;Default Shelf;0;0;0;0;0;0.00;0;0.00;--;444000.00;0.00;Ngừng bán;Chưa chọn danh mục;;;Single SKU;
https://res.bigseller.pro/sku/images/merchantsku/944484/612880_1755687689252.jpg?imageView2/1/w/300/h/300;2316;SAFEGUARD Sữa Tắm Sạch Khuẩn & Dịu Nhẹ Cho Da Chai 720ml - Trắng Tinh Khiết;;0.00;0.00;0.00;0.00;VIE GROUP HCM;Default Piling Area;Default Shelf;0;0;0;0;0;0.00;0;0.00;--;114930.00;0.00;Ngừng bán;SAFEGUARD;;;Single SKU;
https://res.bigseller.pro/sku/images/merchantsku/944484/663430_1754365811863.jpg?imageView2/1/w/300/h/300;2315;SAFEGUARD Sữa Tắm Sạch Khuẩn & Dịu Nhẹ Cho Da Chai 720ml - Hoa Hồng Lô Hộ;20257559;0.00;0.00;0.00;0.00;VIE GROUP HCM;Default Piling Area;Default Shelf;0;0;0;0;0;0.00;0;0.00;--;114954.64;0.00;Ngừng bán;SAFEGUARD;;;Single SKU;
https://res.bigseller.pro/sku/images/merchantsku/944484/664224_1754365902852.jpg?imageView2/1/w/300/h/300;2314;SAFEGUARD Sữa Tắm Sạch Khuẩn & Dịu Nhẹ Cho Da Chai 650ml - ARCTIC FRESH;;0.00;0.00;0.00;0.00;VIE GROUP HCM;Default Piling Area;Default Shelf;0;0;0;0;0;0.00;0;0.00;0;114859.50;0.00;Ngừng bán;SAFEGUARD;;;Single SKU;
https://res.bigseller.pro/sku/images/merchantsku/944484/005917_1754366222707.jpg?imageView2/1/w/300/h/300;2313;SAFEGUARD Nước Rửa Tay Sạch Dịu Nhẹ Cho Da 450ml - Trắng Tinh Khiết;4902430805322;0.00;0.00;0.00;0.00;VIE GROUP HCM;Default Piling Area;Default Shelf;9;0;9;0;0;0.00;0;0.00;--;57552.89;517976.01;Còn hàng;SAFEGUARD;;;Single SKU;
https://res.bigseller.pro/sku/images/merchantsku/944484/711204_1754365725192.jpg?imageView2/1/w/300/h/300;2312;SAFEGUARD Nước Rửa Tay Sạch Dịu Nhẹ Cho Da 450ml - Hoa Hồng Lô Hộ;;0.00;0.00;0.00;0.00;VIE GROUP HCM;Default Piling Area;Default Shelf;0;0;0;0;0;0.00;0;0.00;0;57547.00;0.00;Ngừng bán;SAFEGUARD;;;Single SKU;
https://res.bigseller.pro/sku/images/merchantsku/944484/132361_1754366317831.jpg?imageView2/1/w/300/h/300;2311;SAFEGUARD Nước Rửa Tay Sạch Dịu Nhẹ Cho Da 450ml - Chanh Tươi Mát;4902430805339;0.00;0.00;0.00;0.00;VIE GROUP HCM;Default Piling Area;Default Shelf;16;0;16;0;0;0.00;0;0.00;--;57547.00;920752.00;Còn hàng;SAFEGUARD;;;Single SKU;
https://res.bigseller.pro/sku/images/merchantsku/944484/526848_1755553284937.jpg?imageView2/1/w/300/h/300;2310;SAFEGUARD Nước Rửa Tay Sạch Dịu Nhẹ Cho Da 420ml -Hoa Hồng Lô Hộ [TÚI REFILL];4987176027986;0.00;0.00;0.00;0.00;VIE GROUP HCM;Default Piling Area;Default Shelf;0;0;0;0;0;0.00;0;0.10;0;0.00;0.00;Còn hàng;SAFEGUARD;;;Single SKU;
https://res.bigseller.pro/sku/images/merchantsku/944484/193232_1754365914188.jpg?imageView2/1/w/300/h/300;2309;SAFEGUARD Nước Rửa Tay Sạch Dịu Nhẹ Cho Da 420ml - Trắng Tinh Khiết [TÚI REFILL];4902430805346;0.00;0.00;0.00;0.00;VIE GROUP HCM;Default Piling Area;Default Shelf;1;0;1;0;0;0.00;0;0.03;33;51570.00;51570.00;Còn hàng;SAFEGUARD;;;Single SKU;
https://res.bigseller.pro/sku/images/merchantsku/944484/137136_1754364214766.jpg?imageView2/1/w/300/h/300;2308;SAFEGUARD Nước Rửa Tay Sạch Dịu Nhẹ Cho Da 420ml - Chanh Tươi Mát [TÚI REFILL];4902430805360;0.00;0.00;0.00;0.00;VIE GROUP HCM;Default Piling Area;Default Shelf;3;0;3;0;0;0.00;0;0.03;100;50808.00;152424.00;Còn hàng;SAFEGUARD;;;Single SKU;
https://res.bigseller.pro/sku/images/merchantsku/944484/419746_1754365629067.jpg?imageView2/1/w/300/h/300;2307;SAFEGUARD Bánh Xà Phòng Trắng Tinh Khiết 125g- Xanh biển;4902430160896;0.00;0.00;0.00;0.00;VIE GROUP HCM;Default Piling Area;Default Shelf;0;0;0;0;0;0.00;0;0.00;--;13820.00;0.00;Ngừng bán;SAFEGUARD;;;Single SKU;
https://res.bigseller.pro/sku/images/merchantsku/944484/654434_1754366315676.jpg?imageView2/1/w/300/h/300;2306;SAFEGUARD Bánh Xà Phòng Thảo mộc 125g - Xanh lá;4902430244947;0.00;0.00;0.00;0.00;VIE GROUP HCM;Default Piling Area;Default Shelf;0;0;0;0;0;0.00;0;0.00;--;12677.00;0.00;Ngừng bán;SAFEGUARD;;;Single SKU;
https://res.bigseller.pro/sku/images/merchantsku/944484/628421_1754365911739.jpg?imageView2/1/w/300/h/300;2305;SAFEGUARD Bánh Xà Phòng Nha đam 125g - Hồng;4902430184311;0.00;0.00;0.00;0.00;VIE GROUP HCM;Default Piling Area;Default Shelf;10;0;10;0;0;0.00;0;0.00;--;12688.00;126880.00;Còn hàng;SAFEGUARD;;;Single SKU;
https://res.bigseller.pro/sku/images/merchantsku/944484/560401_1755015057069.jpg?imageView2/1/w/300/h/300;2304;SAFEGUARD Bánh Xà Phòng Dịu nhẹ 125g - Tím;4902430381857;0.00;0.00;0.00;0.00;VIE GROUP HCM;Default Piling Area;Default Shelf;20;0;20;0;0;0.00;0;0.10;200;12683.00;253660.00;Còn hàng;SAFEGUARD;;;Single SKU;
https://res.bigseller.pro/sku/images/merchantsku/944484/522125_1755553510629.jpg?imageView2/1/w/300/h/300;2303;SACHI Tinh Dầu Tràm Giúp Làm Ấm Cơ Thể 30ml - 100% Tràm nguyên chất;;0.00;0.00;0.00;0.00;VIE GROUP HCM;Default Piling Area;Default Shelf;0;0;0;0;0;0.00;0;0.17;0;106250.00;0.00;Còn hàng;SACHI;;;Single SKU;
https://res.bigseller.pro/sku/images/merchantsku/944484/919213_1754365724593.jpg?imageView2/1/w/300/h/300;2302;SACHI Nước Tắm Thảo Dược Ngừa Rôm Sảy, Làm Ấm Hỗ Trợ Ngăn Cảm Cúm, Cảm Lạnh Cho Bé Lọ 500ml;8938546397143;0.00;0.00;0.00;0.00;VIE GROUP HCM;Default Piling Area;Default Shelf;0;0;0;0;0;0.00;0;0.00;--;150000.00;0.00;Ngừng bán;SACHI;;;Single SKU;
https://res.bigseller.pro/sku/images/merchantsku/944484/160560_1754365629928.jpg?imageView2/1/w/300/h/300;2301;SACHI Nước Tắm Thảo Dược Ngừa Rôm Sảy, Làm Ấm Hỗ Trợ Ngăn Cảm Cúm, Cảm Lạnh Cho Bé Lọ 250ml;8938546397020;0.00;0.00;0.00;0.00;VIE GROUP HCM;Default Piling Area;Default Shelf;0;0;0;0;0;0.00;0;1.00;0;100446.00;0.00;Còn hàng;SACHI;;;Single SKU;
https://res.bigseller.pro/sku/images/merchantsku/944484/229417_1754365710716.jpg?imageView2/1/w/300/h/300;2300;SACHI Nước Giặt Xả Cho Bé Organic 2IN1 An Toàn Cho Bé Hương Nắng mai - 280ml;8054242364736;0.00;0.00;0.00;0.00;VIE GROUP HCM;Default Piling Area;Default Shelf;0;0;0;0;0;0.00;0;0.00;--;20000.00;0.00;Ngừng bán;SACHI;;;Single SKU;
https://res.bigseller.pro/sku/images/merchantsku/944484/181232_1754365902768.jpg?imageView2/1/w/300/h/300;2299;SACHI Nước Giặt Xả Cho Bé Organic 2IN1 An Toàn Cho Bé Hương Cỏ ngọt - 280ml;8054242364750;0.00;0.00;0.00;0.00;VIE GROUP HCM;Default Piling Area;Default Shelf;0;0;0;0;0;0.00;0;0.00;--;20000.00;0.00;Ngừng bán;SACHI;;;Single SKU;
https://res.bigseller.pro/sku/images/merchantsku/944484/445800_1754365629372.jpg?imageView2/1/w/300/h/300;2298;SACHI Khăn Lau Hạ Sốt Giúp Hạ Nhiệt, Giảm Sốt ( Hộp 25 cái ) - Trẻ trên 3 tuổi;8938546397037;0.00;0.00;0.00;0.00;VIE GROUP HCM;Default Piling Area;Default Shelf;2;0;2;0;0;0.00;0;0.13;15;112500.00;225000.00;Còn hàng;SACHI;;;Single SKU;
https://res.bigseller.pro/sku/images/merchantsku/944484/820627_1754365819961.jpg?imageView2/1/w/300/h/300;2297;SACHI Khăn Lau Hạ Sốt Giúp Hạ Nhiệt, Giảm Sốt ( Hộp 25 cái ) - Trẻ sơ sinh;8938522273874;0.00;0.00;0.00;0.00;VIE GROUP HCM;Default Piling Area;Default Shelf;0;0;0;0;0;0.00;0;0.40;0;115000.00;0.00;Còn hàng;SACHI;;;Single SKU;
https://res.bigseller.pro/sku/images/merchantsku/944484/905247_1755553510927.jpg?imageView2/1/w/300/h/300;2296;SACHI Kem Đánh Răng Làm SạchCho Trẻ Từ 12 Tháng Tuổi Tuýp 60ml - Đào;8938546397198;0.00;0.00;0.00;0.00;VIE GROUP HCM;Default Piling Area;Default Shelf;0;0;0;0;0;0.00;0;0.00;--;34000.00;0.00;Ngừng bán;SACHI;;;Single SKU;
https://res.bigseller.pro/sku/images/merchantsku/944484/432280_1755553184704.jpg?imageView2/1/w/300/h/300;2295;SACHI Kem Đánh Răng Làm SạchCho Trẻ Từ 12 Tháng Tuổi Chai 80ml - Cam;8938546397167;0.00;0.00;0.00;0.00;VIE GROUP HCM;Default Piling Area;Default Shelf;0;0;0;0;0;0.00;0;0.00;0;94444.00;0.00;Ngừng bán;SACHI;;;Single SKU;
https://res.bigseller.pro/sku/images/merchantsku/944484/079440_1754366219747.jpg?imageView2/1/w/300/h/300;2294;SACHI Kem Đa Năng Hỗ Trợ Giảm Hăm Da, Khô Da, Làm Dịu Da 20g;8938546397068;0.00;0.00;0.00;0.00;VIE GROUP HCM;Default Piling Area;Default Shelf;0;0;0;0;0;0.00;0;0.00;0;61400.00;0.00;Ngừng bán;SACHI;;;Single SKU;
https://res.bigseller.pro/sku/images/merchantsku/944484/666878_1754365722771.jpg?imageView2/1/w/300/h/300;2293;SACHI Gạc Rơ Lưỡi Vệ Sinh Răng Miệng An Toàn Cho Bé Từ 0 Tháng Tuổi - Lẻ 10 gói;;0.00;0.00;0.00;0.00;VIE GROUP HCM;Default Piling Area;Default Shelf;0;0;0;0;0;0.00;0;0.00;--;28300.00;0.00;Ngừng bán;SACHI;;;Single SKU;
https://res.bigseller.pro/sku/images/merchantsku/944484/362403_1754366317704.jpg?imageView2/1/w/300/h/300;2292;SACHI  Kem Đánh Răng Làm SạchCho Trẻ Từ 12 Tháng Tuổi Tuýp 60ml - Dâu;;0.00;0.00;0.00;0.00;VIE GROUP HCM;Default Piling Area;Default Shelf;0;0;0;0;0;0.00;0;0.00;--;34872.00;0.00;Ngừng bán;SACHI;;;Single SKU;
https://res.bigseller.pro/sku/images/merchantsku/944484/602652_1754365914979.jpg?imageView2/1/w/300/h/300;2291;SACHI  Kem Đánh Răng Làm SạchCho Trẻ Từ 12 Tháng Tuổi Tuýp 60ml - Cam;8938546397174;0.00;0.00;0.00;0.00;VIE GROUP HCM;Default Piling Area;Default Shelf;4;0;4;0;0;0.00;0;0.00;--;34000.00;136000.00;Còn hàng;SACHI;;;Single SKU;
https://res.bigseller.pro/sku/images/merchantsku/944484/182096_1754365721301.jpg?imageView2/1/w/300/h/300;2290;ROSETTE Tẩy Tế Bào Chết Gommage Peeling Gel 120g - Xanh;4901696506899;0.00;0.00;0.00;0.00;VIE GROUP HCM;Default Piling Area;Default Shelf;5;5;0;0;0;0.00;0;0.39;0;82443.33;412216.65;Còn hàng;Chưa chọn danh mục;;;Single SKU;
https://res.bigseller.pro/sku/images/merchantsku/944484/200231_1754365914961.jpg?imageView2/1/w/300/h/300;2289;ROSETTE Tẩy Tế Bào Chết Gommage Peeling Gel 120g - Cam;4901696542255;0.00;0.00;0.00;0.00;VIE GROUP HCM;Default Piling Area;Default Shelf;3;3;0;0;0;0.00;0;0.50;0;82238.03;246714.09;Còn hàng;Chưa chọn danh mục;;;Single SKU;
https://res.bigseller.pro/sku/images/merchantsku/944484/395883_1762349478780.jpg?imageView2/1/w/300/h/300;2288;ROGE CAVAILLES DDVS 250ml - XANH NGỌC FRAICHEUR;;0.00;0.00;0.00;0.00;VIE GROUP HCM;Default Piling Area;Default Shelf;0;0;0;0;0;0.00;0;0.00;--;186034.48;0.00;Ngừng bán;Chưa chọn danh mục;;;Single SKU;
https://res.bigseller.pro/sku/images/merchantsku/944484/304938_1762349479058.jpg?imageView2/1/w/300/h/300;2287;ROGE CAVAILLES DDVS 250ml - XANH LÁ;;0.00;0.00;0.00;0.00;VIE GROUP HCM;Default Piling Area;Default Shelf;0;0;0;0;0;0.00;0;0.00;--;185251.66;0.00;Ngừng bán;Chưa chọn danh mục;;;Single SKU;
https://res.bigseller.pro/sku/images/merchantsku/944484/156547_1760088266755.jpg?imageView2/1/w/300/h/300;2282;RMON Kem Dưỡng Trắng Da Body Tế Bào Gốc White Label Dia Whitening Cream 200ml;8809165334607;0.00;0.00;0.00;0.00;VIE GROUP HCM;Default Piling Area;Default Shelf;0;0;0;0;0;0.00;0;0.52;0;284919.70;0.00;Còn hàng;Chưa chọn danh mục;;;Single SKU;
https://res.bigseller.pro/sku/images/merchantsku/944484/297886_1755552875056.jpg?imageView2/1/w/300/h/300;2281;RICOLA Kẹo ngậm Original Đức Hộp 180 Viên 250g;;0.00;0.00;0.00;0.00;VIE GROUP HCM;Default Piling Area;Default Shelf;0;0;0;0;0;0.00;0;0.00;--;127325.58;0.00;Còn hàng;Chưa chọn danh mục;;;Single SKU;
https://res.bigseller.pro/sku/images/merchantsku/944484/496872_1754364216686.jpg?imageView2/1/w/300/h/300;2280;RAPID Băng vệ sinh lạnh giảm đau Relief Cold – 1 Miếng;;0.00;0.00;0.00;0.00;VIE GROUP HCM;Default Piling Area;Default Shelf;0;0;0;0;0;0.00;0;0.00;--;48662.29;0.00;Còn hàng;Chưa chọn danh mục;;;Single SKU;
https://res.bigseller.pro/sku/images/merchantsku/944484/767442_1772851194640.jpg?imageView2/1/w/300/h/300;2279;RAPID Băng vệ sinh chườm ấm Rapid Relief Warm;;0.00;0.00;0.00;0.00;VIE GROUP HCM;Default Piling Area;Default Shelf;152;0;152;0;0;0.00;0;0.00;--;27615.89;4197615.28;Còn hàng;Chưa chọn danh mục;;;Single SKU;
https://res.bigseller.pro/sku/images/merchantsku/944484/700777_1754366214360.jpg?imageView2/1/w/300/h/300;2278;QUICKSTICK Bút thử thai Midstream [XT];674033090125;0.00;0.00;0.00;0.00;VIE GROUP HCM;Default Piling Area;Default Shelf;4;0;4;0;0;0.00;0;0.00;--;59100.00;236400.00;Còn hàng;Chưa chọn danh mục;;;Single SKU;
https://res.bigseller.pro/sku/images/merchantsku/944484/594240_1754998487805.jpg?imageView2/1/w/300/h/300;2277;PRETTYSKIN Serum B5 PRETTYSKIN Multi Hydra Max 50ml - Xanh đậm;8809733218735;0.00;0.00;0.00;0.00;VIE GROUP HCM;Default Piling Area;Default Shelf;8;5;3;0;0;0.00;0;0.33;9;243675.79;1949406.32;Còn hàng;Chưa chọn danh mục;;;Single SKU;
https://res.bigseller.pro/sku/images/merchantsku/944484/865070_1754365716690.jpg?imageView2/1/w/300/h/300;2276;PRETTYSKIN Serum B5 PRETTYSKIN Hydra Max 50ml - Xanh nhạt;8809733214317;0.00;0.00;0.00;0.00;VIE GROUP HCM;Default Piling Area;Default Shelf;0;0;0;0;0;0.00;0;3.00;0;255770.27;0.00;Còn hàng;Chưa chọn danh mục;;;Single SKU;
https://res.bigseller.pro/sku/images/merchantsku/944484/100439_1754365818058.jpg?imageView2/1/w/300/h/300;2274;PRETTYSKIN Mặt Nạ Treatment Collection - HYDRA B5;8809733215635;0.00;0.00;0.00;0.00;VIE GROUP HCM;Default Piling Area;Default Shelf;7;0;7;0;0;0.00;0;0.10;70;17000.00;119000.00;Còn hàng;Chưa chọn danh mục;;;Single SKU;
https://res.bigseller.pro/sku/images/merchantsku/944484/561538_1754998487797.jpg?imageView2/1/w/300/h/300;2273;PRETTYSKIN Mặt Nạ Treatment Collection - GLUTATHION;8809733215611;0.00;0.00;0.00;0.00;VIE GROUP HCM;Default Piling Area;Default Shelf;0;0;0;0;0;0.00;0;0.07;0;17000.00;0.00;Còn hàng;Chưa chọn danh mục;;;Single SKU;
https://res.bigseller.pro/sku/images/merchantsku/944484/680628_1754364220579.jpg?imageView2/1/w/300/h/300;2272;PRETTYSKIN Kem Dưỡng Hydra B5 Derma Repair Cream 52ml;;0.00;0.00;0.00;0.00;VIE GROUP HCM;Default Piling Area;Default Shelf;0;0;0;0;0;0.00;0;3.20;0;255770.27;0.00;Còn hàng;Chưa chọn danh mục;;;Single SKU;
https://res.bigseller.pro/sku/images/merchantsku/944484/936406_1754366315559.jpg?imageView2/1/w/300/h/300;2271;PRESIDENT Kem đánh răng làm trắng loại bỏ vết ố vàng - Renome 75ml;4605370019902;0.00;0.00;0.00;0.00;VIE GROUP HCM;Default Piling Area;Default Shelf;0;0;0;0;0;0.00;0;0.00;--;72000.00;0.00;Ngừng bán;Chưa chọn danh mục;;;Single SKU;
https://res.bigseller.pro/sku/images/merchantsku/944484/283940_1754365629407.jpg?imageView2/1/w/300/h/300;2270;PRESIDENT Kem đánh răng làm trắng loại bỏ vết ố vàng - Black 50ml;4605370017243;0.00;0.00;0.00;0.00;VIE GROUP HCM;Default Piling Area;Default Shelf;0;0;0;0;0;0.00;0;0.00;--;100000.00;0.00;Còn hàng;Chưa chọn danh mục;;;Single SKU;
https://res.bigseller.pro/sku/images/merchantsku/944484/774479_1750401187792.jpg?imageView2/1/w/300/h/300;2269;PORÊVES Serum  Advanced Prebiotic Chiết Xuất Rau Má Giúp Làm Dịu, Hỗ Trợ Cân Bằng Da 30ml;;0.00;0.00;0.00;0.00;VIE GROUP HCM;Default Piling Area;Default Shelf;0;0;0;0;0;0.00;0;0.00;--;292800.00;0.00;Còn hàng;POREVES;;;Single SKU;
https://res.bigseller.pro/sku/images/merchantsku/944484/150521_1750401606589.jpg?imageView2/1/w/300/h/300;2268;PORÊVES Gel Rửa Mặt Thảo Mộc Botanical Face Cleanser Dịu Nhẹ Với Mọi Loại Da 50ml;;0.00;0.00;0.00;0.00;VIE GROUP HCM;Default Piling Area;Default Shelf;0;0;0;0;0;0.00;0;0.44;0;86400.00;0.00;Còn hàng;POREVES;;;Single SKU;
https://res.bigseller.pro/sku/images/merchantsku/944484/438118_1754366305987.jpg?imageView2/1/w/300/h/300;2267;PIERROT Xịt Thơm Miệng Kissing Spray Vị Bạc Hà Thơm Mát Giảm Hôi Miệng 10ml;8411732001395;0.00;0.00;0.00;0.00;VIE GROUP HCM;Default Piling Area;Default Shelf;0;0;0;0;0;0.00;0;0.93;0;44498.19;0.00;Còn hàng;Chưa chọn danh mục;;;Single SKU;
https://res.bigseller.pro/sku/images/merchantsku/944484/133100_1754365617393.jpg?imageView2/1/w/300/h/300;2266;PIERROT Kem Đánh Răng Trẻ Em Hương Táo 75ml;8411732001258;0.00;0.00;0.00;0.00;VIE GROUP HCM;Default Piling Area;Default Shelf;0;0;0;0;0;0.00;0;0.00;--;38100.00;0.00;Còn hàng;Chưa chọn danh mục;;;Single SKU;
https://res.bigseller.pro/sku/images/merchantsku/944484/042436_1754365810774.jpg?imageView2/1/w/300/h/300;2265;PIERROT Kem Đánh Răng Trẻ Em Hương Dâu 75ml;8411732105413;0.00;0.00;0.00;0.00;VIE GROUP HCM;Default Piling Area;Default Shelf;0;0;0;0;0;0.00;0;0.00;--;43270.00;0.00;Còn hàng;Chưa chọn danh mục;;;Single SKU;
https://res.bigseller.pro/sku/images/merchantsku/944484/856568_1754365821385.jpg?imageView2/1/w/300/h/300;2264;PHYSIOGEL Sữa Chống Nắng Daily Moisture Therapy Sun Lotion Cấp Ẩm, Bảo Vệ Da 100ml;8801051215991;0.00;0.00;0.00;0.00;VIE GROUP HCM;Default Piling Area;Default Shelf;1;0;1;0;0;0.00;0;0.00;--;425900.00;425900.00;Còn hàng;Chưa chọn danh mục;;;Single SKU;
https://res.bigseller.pro/sku/images/merchantsku/944484/385148_1754366306842.jpg?imageView2/1/w/300/h/300;2263;PHARMATECH Khẩu Trang Pharmatech 4 Lớp Kháng Khuẩn, Bảo Vệ Sức Khoẻ - 10 Chiếc;;0.00;0.00;0.00;0.00;VIE GROUP HCM;Default Piling Area;Default Shelf;0;0;0;0;0;0.00;0;0.00;--;5000.00;0.00;Ngừng bán;Chưa chọn danh mục;;;Single SKU;
https://res.bigseller.pro/sku/images/merchantsku/944484/852987_1754365714053.jpg?imageView2/1/w/300/h/300;2262;TONIC PHARMAACT dầu gội xả trị gàu 550ml;4513574037571;0.00;0.00;0.00;0.00;VIE GROUP HCM;Default Piling Area;Default Shelf;0;0;0;0;0;0.00;0;0.43;0;67397.09;0.00;Còn hàng;Chưa chọn danh mục;;;Single SKU;
https://res.bigseller.pro/sku/images/merchantsku/944484/860705_1754365902844.jpg?imageView2/1/w/300/h/300;2261;PERSPIREX Lăn Nách Khử Mùi For Men Maximum Dành Cho Nam 20ml;5701943100103;0.00;0.00;0.00;0.00;VIE GROUP HCM;Default Piling Area;Default Shelf;0;0;0;0;0;0.00;0;0.00;--;200800.00;0.00;Còn hàng;PERSPIREX;;;Single SKU;
https://res.bigseller.pro/sku/images/merchantsku/944484/364961_1754998317208.jpg?imageView2/1/w/300/h/300;2260;PERSPIREX Lăn Khử Mùi Strong Giảm Lượng Mồ Hôi 20ml - Xanh dương đậm;5701943010402;0.00;0.00;0.00;0.00;VIE GROUP HCM;Default Piling Area;Default Shelf;6;0;6;0;0;0.00;0;1.46;4;188711.26;1132267.56;Còn hàng;PERSPIREX;;;Single SKU;
https://res.bigseller.pro/sku/images/merchantsku/944484/605711_1754364215177.jpg?imageView2/1/w/300/h/300;2259;PERSPIREX Lăn Khử Mùi Orginal Giảm Lượng Mồ Hôi 20ml - Xanh dương;5701943011430;0.00;0.00;0.00;0.00;VIE GROUP HCM;Default Piling Area;Default Shelf;34;26;8;0;0;0.00;0;1.79;4;198771.11;6758217.74;Còn hàng;PERSPIREX;;;Single SKU;
https://res.bigseller.pro/sku/images/merchantsku/944484/048304_1754366217801.jpg?imageView2/1/w/300/h/300;2257;PAULA'S CHOICE Tẩy tế bào chết Skin Perfecting Liquid Exfoliant 2% BHA - 2016 30ml;655439020169;0.00;0.00;0.00;0.00;VIE GROUP HCM;Default Piling Area;Default Shelf;4;0;4;0;0;0.00;0;1.07;3;238622.61;954490.44;Còn hàng;Chưa chọn danh mục;;;Single SKU;
https://res.bigseller.pro/sku/images/merchantsku/944484/683436_1755015213591.jpg?imageView2/1/w/300/h/300;2256;PAULA'S CHOICE Kem dưỡng thể Resist Weightless Body Treatment 2% BHA - 5700 210ml;655439057004;0.00;0.00;0.00;0.00;VIE GROUP HCM;Default Piling Area;Default Shelf;1;0;1;0;0;0.00;0;0.00;--;587057.15;587057.15;Còn hàng;Chưa chọn danh mục;;;Single SKU;
https://res.bigseller.pro/sku/images/merchantsku/944484/529524_1754364218879.jpg?imageView2/1/w/300/h/300;2255;PAULA'S CHOICE Kem dưỡng Skin Revealing Body Lotion 10% AHA 5900 210ml;655439059008;0.00;0.00;0.00;0.00;VIE GROUP HCM;Default Piling Area;Default Shelf;0;0;0;0;0;0.00;0;0.11;0;581366.67;0.00;Còn hàng;Chưa chọn danh mục;;;Single SKU;
https://res.bigseller.pro/sku/images/merchantsku/944484/675793_1768691636450.jpg?imageView2/1/w/300/h/300;2254;OXICLEAN Bột Tẩy Quần Áo - Tẩy Trắng Vết Bẩn Chai 500g;;0.00;0.00;0.00;0.00;VIE GROUP HCM;Default Piling Area;Default Shelf;0;0;0;0;0;0.00;0;0.00;--;72394.74;0.00;Còn hàng;Chưa chọn danh mục;;;Single SKU;
https://res.bigseller.pro/sku/images/merchantsku/944484/848570_1754366217671.jpg?imageView2/1/w/300/h/300;2252;ORAL-B Chỉ nha khoa cao cấp Essential Floss 50m;9300647000342;0.00;0.00;0.00;0.00;VIE GROUP HCM;Default Piling Area;Default Shelf;6;0;6;0;0;0.00;0;0.00;--;47312.00;283872.00;Còn hàng;Chưa chọn danh mục;;;Single SKU;
https://res.bigseller.pro/sku/images/merchantsku/944484/405353_1754366315237.jpg?imageView2/1/w/300/h/300;2251;ORAL-B Bàn Chải Đánh Răng Stages Cho Bé - Dưới 2 tuổi;;0.00;0.00;0.00;0.00;VIE GROUP HCM;Default Piling Area;Default Shelf;0;0;0;0;0;0.00;0;0.00;--;21353.46;0.00;Còn hàng;Chưa chọn danh mục;;;Single SKU;
https://res.bigseller.pro/sku/images/merchantsku/944484/937619_1754366310086.jpg?imageView2/1/w/300/h/300;2250;OLEXRS Kem Ủ Tóc Collagen Complex Repair Mask 500ml;5060808885242;0.00;0.00;0.00;0.00;VIE GROUP HCM;Default Piling Area;Default Shelf;0;0;0;0;0;0.00;0;1.64;0;121666.67;0.00;Còn hàng;Chưa chọn danh mục;;;Single SKU;
https://res.bigseller.pro/sku/images/merchantsku/944484/021436_1755553184618.jpg?imageView2/1/w/300/h/300;2249;OLD SPICE Sữa tắm Body Wash Mỹ 532ml - TIMBER;12044051283;0.00;0.00;0.00;0.00;VIE GROUP HCM;Default Piling Area;Default Shelf;0;0;0;0;0;0.00;0;0.00;--;154440.00;0.00;Còn hàng;Chưa chọn danh mục;;;Single SKU;
https://res.bigseller.pro/sku/images/merchantsku/944484/435832_1754365907323.jpg?imageView2/1/w/300/h/300;2248;OLD SPICE Sữa tắm Body Wash Mỹ 532ml - PURE SPORT;37000393160;0.00;0.00;0.00;0.00;VIE GROUP HCM;Default Piling Area;Default Shelf;1;0;1;0;0;0.00;0;0.00;--;155000.00;155000.00;Còn hàng;Chưa chọn danh mục;;;Single SKU;
https://res.bigseller.pro/sku/images/merchantsku/944484/737222_1760088265649.jpg?imageView2/1/w/300/h/300;2247;Old Spice Sáp khử mùi và giảm tiết mồ hôi Old Spice PureSport 85g (Sáp trắng) - Mỹ;;0.00;0.00;0.00;0.00;VIE GROUP HCM;Default Piling Area;Default Shelf;0;0;0;0;0;0.00;0;0.00;--;100000.00;0.00;Còn hàng;Chưa chọn danh mục;;;Single SKU;
https://res.bigseller.pro/sku/images/merchantsku/944484/005479_1754365716638.jpg?imageView2/1/w/300/h/300;2246;OLD SPICE Sáp Khử Mùi Anti-Perspirant & Deodorant 73g - FIJI;12044015605;0.00;0.00;0.00;0.00;VIE GROUP HCM;Default Piling Area;Default Shelf;0;0;0;0;0;0.00;0;0.12;0;126468.70;0.00;Còn hàng;Chưa chọn danh mục;;;Single SKU;
https://res.bigseller.pro/sku/images/merchantsku/944484/601711_1754366214286.jpg?imageView2/1/w/300/h/300;2245;OLD SPICE Sáp Khử Mùi Anti-Perspirant & Deodorant 73g - BEARGLOVE;20171793;0.00;0.00;0.00;0.00;VIE GROUP HCM;Default Piling Area;Default Shelf;0;0;0;0;0;0.00;0;0.00;--;124046.00;0.00;Còn hàng;Chưa chọn danh mục;;;Single SKU;
https://res.bigseller.pro/sku/images/merchantsku/944484/480883_1754365623478.jpg?imageView2/1/w/300/h/300;2244;OLD SPICE Lăn khử mùi Mỹ 85g - PURE SPORT;12044038918;0.00;0.00;0.00;0.00;VIE GROUP HCM;Default Piling Area;Default Shelf;0;0;0;0;0;0.00;0;1.25;0;95400.00;0.00;Còn hàng;Chưa chọn danh mục;;;Single SKU;
https://res.bigseller.pro/sku/images/merchantsku/944484/489275_1754998489102.jpg?imageView2/1/w/300/h/300;2243;OLD SPICE Lăn khử mùi Mỹ 85g - FRESH;12044038840;0.00;0.00;0.00;0.00;VIE GROUP HCM;Default Piling Area;Default Shelf;6;0;6;0;0;0.00;0;6.00;1;95400.00;572400.00;Còn hàng;Chưa chọn danh mục;;;Single SKU;
https://res.bigseller.pro/sku/images/merchantsku/944484/752146_1754365915078.jpg?imageView2/1/w/300/h/300;2242;OLD SPICE Lăn khử mùi Mỹ 85g - CAPTAIN;37000734130;0.00;0.00;0.00;0.00;VIE GROUP HCM;Default Piling Area;Default Shelf;0;0;0;0;0;0.00;0;0.00;--;124425.00;0.00;Còn hàng;Chưa chọn danh mục;;;Single SKU;
https://res.bigseller.pro/sku/images/merchantsku/944484/020741_1790244004613.jpg?imageView2/1/w/300/h/300;2241;OLD SPICE Lăn Khử Mùi Anti-Perspirant & Deodorant 73g - TIMBER;12044040898;0.00;0.00;0.00;0.00;VIE GROUP HCM;Default Piling Area;Default Shelf;0;0;0;0;0;0.00;0;2.80;0;124046.00;0.00;Còn hàng;Chưa chọn danh mục;;;Single SKU;
https://res.bigseller.pro/sku/images/merchantsku/944484/862733_1754366308855.jpg?imageView2/1/w/300/h/300;2240;OLD SPICE Dầu Gội & Xả 2in1 Hương Nước Hoa Nam Tính 650ml - Pure Sport;12044045961;0.00;0.00;0.00;0.00;VIE GROUP HCM;Default Piling Area;Default Shelf;1;0;1;0;0;0.00;0;0.00;--;174617.00;174617.00;Còn hàng;Chưa chọn danh mục;;;Single SKU;
https://res.bigseller.pro/sku/images/merchantsku/944484/437289_1754366224428.jpg?imageView2/1/w/300/h/300;2239;OLD SPICE Dầu Gội - Xả 2in1 OLD SPICE Hương Nước Hoa Nam Tính - 650ml THICKFULL;12044046005;0.00;0.00;0.00;0.00;VIE GROUP HCM;Default Piling Area;Default Shelf;0;0;0;0;0;0.00;0;0.00;--;166667.00;0.00;Còn hàng;Chưa chọn danh mục;;;Single SKU;
https://res.bigseller.pro/sku/images/merchantsku/944484/581023_1789051733048.jpg?imageView2/1/w/300/h/300;2238;OLD SPICE Sữa tắm Body Wash Mỹ dạng gel 473ml - NightPanther;37000663959;0.00;0.00;0.00;0.00;VIE GROUP HCM;Default Piling Area;Default Shelf;1;0;1;0;0;0.00;0;0.00;--;134828.00;134828.00;Còn hàng;Chưa chọn danh mục;;;Single SKU;
https://res.bigseller.pro/sku/images/merchantsku/944484/185935_1754365631206.jpg?imageView2/1/w/300/h/300;2237;OLAY Sữa Dưỡng B3 Cải Tiến Whitening Body Lotion Vitamin C +Niacinamide - 30g ( BẢN CẢI TIẾN );6903148353646;0.00;0.00;0.00;0.00;VIE GROUP HCM;Default Piling Area;Default Shelf;0;0;0;0;0;0.00;0;0.00;--;13140.00;0.00;Còn hàng;Chưa chọn danh mục;;;Single SKU;
https://res.bigseller.pro/sku/images/merchantsku/944484/517976_1754919951082.jpg?imageView2/1/w/300/h/300;2236;OLAY Tinh Chất Olay Luminous Niacinamide + AHA Super Serum 30ML;4987176080561;0.00;0.00;0.00;0.00;VIE GROUP HCM;Default Piling Area;Default Shelf;3;0;3;0;0;0.00;0;0.00;--;282962.81;848888.43;Còn hàng;Chưa chọn danh mục;;;Single SKU;
https://res.bigseller.pro/sku/images/merchantsku/944484/521355_1754366317805.jpg?imageView2/1/w/300/h/300;2235;OLAY Tinh Chất Olay Luminous Niacinamide & Vitamin C Super Serum 30ML;4902430759458;0.00;0.00;0.00;0.00;VIE GROUP HCM;Default Piling Area;Default Shelf;2;0;2;0;0;0.00;0;0.00;--;282751.05;565502.10;Còn hàng;Chưa chọn danh mục;;;Single SKU;
https://res.bigseller.pro/sku/images/merchantsku/944484/941456_1764744106766.jpg?imageView2/1/w/300/h/300;2234;OLAY Tinh Chất Olay Collagen Ultra Firming Serum 30ml;;0.00;0.00;0.00;0.00;VIE GROUP HCM;Default Piling Area;Default Shelf;0;0;0;0;0;0.00;0;0.00;--;342504.00;0.00;Còn hàng;Chưa chọn danh mục;;;Single SKU;
https://res.bigseller.pro/sku/images/merchantsku/944484/388406_1764744010229.jpg?imageView2/1/w/300/h/300;2233;OLAY Super Collagen Peptides Moisturizer For Firm & Lifted Skin 45G;;0.00;0.00;0.00;0.00;VIE GROUP HCM;Default Piling Area;Default Shelf;0;0;0;0;0;0.00;0;0.11;0;342464.26;0.00;Còn hàng;Chưa chọn danh mục;;;Single SKU;
https://res.bigseller.pro/sku/images/merchantsku/944484/103926_1759716181722.jpg?imageView2/1/w/300/h/300;2232;OLAY Sữa Tắm Olay B3+ Trắng Da Thế Hệ 2 Hương Hoa Trà Strawberry & Mint - 50ML;6903148366738;0.00;0.00;0.00;0.00;VIE GROUP HCM;Default Piling Area;Default Shelf;0;0;0;0;0;0.00;0;0.00;--;5951.18;0.00;Còn hàng;Chưa chọn danh mục;;;Single SKU;
https://res.bigseller.pro/sku/images/merchantsku/944484/407182_1785214648295.jpg?imageView2/1/w/300/h/300;2231;OLAY Sữa Tắm Dưỡng Trắng Olay Nội Địa Trung Vitamin C + B3 (Mẫu Mới) - 500g;6903148364123;0.00;0.00;0.00;0.00;VIE GROUP HCM;Default Piling Area;Default Shelf;3;0;3;0;0;0.00;0;0.03;100;157564.00;472692.00;Còn hàng;Chưa chọn danh mục;;;Single SKU;
https://res.bigseller.pro/sku/images/merchantsku/944484/614299_1754365901977.jpg?imageView2/1/w/300/h/300;2230;OLAY Sữa Dưỡng B3 Cải Tiến Whitening Body Lotion Vitamin C +Niacinamide - 260ml;6903148353653;0.00;0.00;0.00;0.00;VIE GROUP HCM;Default Piling Area;Default Shelf;0;0;0;0;0;0.00;0;0.00;--;180000.00;0.00;Còn hàng;Chưa chọn danh mục;;;Single SKU;
https://res.bigseller.pro/sku/images/merchantsku/944484/315620_1754366317835.jpg?imageView2/1/w/300/h/300;2229;OLAY Serum Regenerist Micro-Sculpting Serum - 50ml;4902430735056;0.00;0.00;0.00;0.00;VIE GROUP HCM;Default Piling Area;Default Shelf;5;0;5;0;0;0.00;0;0.00;--;277865.86;1389329.30;Còn hàng;Chưa chọn danh mục;;;Single SKU;
https://res.bigseller.pro/sku/images/merchantsku/944484/384016_1754365810786.jpg?imageView2/1/w/300/h/300;2228;OLAY Serum Olay Regenerist Retinol 24 Night Serum Fragrance-Free 30ML;;0.00;0.00;0.00;0.00;VIE GROUP HCM;Default Piling Area;Default Shelf;0;0;0;0;0;0.00;0;0.00;--;282985.00;0.00;Còn hàng;Chưa chọn danh mục;;;Single SKU;
https://res.bigseller.pro/sku/images/merchantsku/944484/435378_1769587691147.jpg?imageView2/1/w/300/h/300;2227;OLAY MẪU MỚI Hương Quả Mọng - Dưỡng thể Body Cellscience B3+Vitamin C 260g - HỒNG;6903148347355;0.00;0.00;0.00;0.00;VIE GROUP HCM;Default Piling Area;Default Shelf;0;0;0;0;0;0.00;0;0.00;--;145678.43;0.00;Còn hàng;Chưa chọn danh mục;;;Single SKU;
https://res.bigseller.pro/sku/images/merchantsku/944484/508507_1769587685375.jpg?imageView2/1/w/300/h/300;2226;OLAY MẪU MỚI Hương Dạ Lan Hương - Dưỡng thể Body Cellscience B3+Vitamin C 260g - TRẮNG SỮA;6903148347362;0.00;0.00;0.00;0.00;VIE GROUP HCM;Default Piling Area;Default Shelf;0;0;0;0;0;0.00;0;0.00;--;145682.58;0.00;Còn hàng;Chưa chọn danh mục;;;Single SKU;
https://res.bigseller.pro/sku/images/merchantsku/944484/382789_1769587675058.jpg?imageView2/1/w/300/h/300;2225;OLAY MẪU MỚI B3 - Dưỡng thể Body Cellscience B3+Vitamin C 260g - NẮP VÀNG;6903148370483;0.00;0.00;0.00;0.00;VIE GROUP HCM;Default Piling Area;Default Shelf;100;0;100;0;0;0.00;0;0.83;120;182033.45;18203345.00;Còn hàng;Chưa chọn danh mục;;;Single SKU;
https://res.bigseller.pro/sku/images/merchantsku/944484/910717_1754365915020.jpg?imageView2/1/w/300/h/300;2224;OLAY kem dưỡng Olay Luminous Niacinamide & Vitamin C 50g;4987176101617;0.00;0.00;0.00;0.00;VIE GROUP HCM;Default Piling Area;Default Shelf;0;0;0;0;0;0.00;0;0.00;--;282905.25;0.00;Còn hàng;Chưa chọn danh mục;;;Single SKU;
https://res.bigseller.pro/sku/images/merchantsku/944484/022757_1755553018481.jpg?imageView2/1/w/300/h/300;2223;OLAY Kem Dưỡng Luminous Niacinamide + AHA Moisturizer 50G;;0.00;0.00;0.00;0.00;VIE GROUP HCM;Default Piling Area;Default Shelf;0;0;0;0;0;0.00;0;0.33;0;282966.37;0.00;Còn hàng;Chưa chọn danh mục;;;Single SKU;
https://res.bigseller.pro/sku/images/merchantsku/944484/790307_1754365810776.jpg?imageView2/1/w/300/h/300;2222;OLAY Kem Dưỡng Ẩm RETINOL24 Giúp Mờ Nếp Nhăn, Phục Hồi Bề Mặt Da 50g;4902430917964;0.00;0.00;0.00;0.00;VIE GROUP HCM;Default Piling Area;Default Shelf;0;0;0;0;0;0.00;0;0.00;--;282980.77;0.00;Còn hàng;Chưa chọn danh mục;;;Single SKU;
https://res.bigseller.pro/sku/images/merchantsku/944484/612966_1754365902759.jpg?imageView2/1/w/300/h/300;2221;OLAY Kem Dưỡng Ẩm BAN NGÀY TOTAL EFFECTS Phục Hồi & Làm Chậm 7 Dấu Hiệu Lão Hóa SPF15 50g;4902430360111;0.00;0.00;0.00;0.00;VIE GROUP HCM;Default Piling Area;Default Shelf;0;0;0;0;0;0.00;0;0.29;0;206667.87;0.00;Còn hàng;Chưa chọn danh mục;;;Single SKU;
https://res.bigseller.pro/sku/images/merchantsku/944484/675580_1754365712908.jpg?imageView2/1/w/300/h/300;2220;OLAY Kem Dưỡng Ẩm Ban NGÀY Regenerist Căng Mướt, Sáng Khỏe & Phục Hồi Dấu Hiệu Lão Hóa 50g - NGÀY;4902430734950;0.00;0.00;0.00;0.00;VIE GROUP HCM;Default Piling Area;Default Shelf;0;0;0;0;0;0.00;0;0.00;--;240151.62;0.00;Còn hàng;Chưa chọn danh mục;;;Single SKU;
https://res.bigseller.pro/sku/images/merchantsku/944484/312203_1755015212776.jpg?imageView2/1/w/300/h/300;2219;OLAY Kem Dưỡng Ẩm BAN NGÀY LUMINOUS Hỗ Trợ Căng Bóng, Sáng Da Rạng Rỡ 50G;4987176054395;0.00;0.00;0.00;0.00;VIE GROUP HCM;Default Piling Area;Default Shelf;0;0;0;0;0;0.00;0;0.00;--;150679.78;0.00;Còn hàng;Chưa chọn danh mục;;;Single SKU;
https://res.bigseller.pro/sku/images/merchantsku/944484/838016_1754366210460.jpg?imageView2/1/w/300/h/300;2218;OLAY Kem Dưỡng Ẩm BAN ĐÊM REGENERIST Căng Mướt, Sáng Khỏe & Phục Hồi Dấu Hiệu Lão Hóa 50g - ĐÊM;4902430734998;0.00;0.00;0.00;0.00;VIE GROUP HCM;Default Piling Area;Default Shelf;0;0;0;0;0;0.00;0;0.07;0;239882.92;0.00;Còn hàng;Chưa chọn danh mục;;;Single SKU;
https://res.bigseller.pro/sku/images/merchantsku/944484/695174_1754366305505.jpg?imageView2/1/w/300/h/300;2214;OLAY  Kem Dưỡng BAN ĐÊM 7in1 Total Effects Phục Hồi & Làm Chậm Dấu Hiệu Lão Hóa 50g;4902430735148;0.00;0.00;0.00;0.00;VIE GROUP HCM;Default Piling Area;Default Shelf;0;0;0;0;0;0.00;0;0.67;0;206728.47;0.00;Còn hàng;Chưa chọn danh mục;;;Single SKU;
https://res.bigseller.pro/sku/images/merchantsku/944484/784299_1754365617429.jpg?imageView2/1/w/300/h/300;2213;OLAY  Kem Dưỡng Ẩm BAN ĐÊM LUMINOUS Hỗ Trợ Căng Bóng, Sáng Da Rạng Rỡ 50G;4902430733830;0.00;0.00;0.00;0.00;VIE GROUP HCM;Default Piling Area;Default Shelf;0;0;0;0;0;0.00;0;5.00;0;140054.23;0.00;Còn hàng;Chưa chọn danh mục;;;Single SKU;
https://res.bigseller.pro/sku/images/merchantsku/944484/885510_1754365625525.jpg?imageView2/1/w/300/h/300;2212;OKAMURA Tăm chỉ nha khoa - Gói 90 Cây;4983435734909;0.00;0.00;0.00;0.00;VIE GROUP HCM;Default Piling Area;Default Shelf;0;0;0;0;0;0.00;0;0.00;--;27721.79;0.00;Còn hàng;Chưa chọn danh mục;;;Single SKU;
https://res.bigseller.pro/sku/images/merchantsku/944484/256300_1754365819064.jpg?imageView2/1/w/300/h/300;2211;OKAMURA Tăm chỉ nha khoa - Gói 50 Cây;;0.00;0.00;0.00;0.00;VIE GROUP HCM;Default Piling Area;Default Shelf;17;0;17;0;0;0.00;0;0.43;39;16646.91;282997.47;Còn hàng;Chưa chọn danh mục;;;Single SKU;
https://res.bigseller.pro/sku/images/merchantsku/944484/147235_1754361503299.jpg?imageView2/1/w/300/h/300;2210;OKAMURA Tăm chỉ hộp - 70P;;0.00;0.00;0.00;0.00;VIE GROUP HCM;Default Piling Area;Default Shelf;57;0;57;0;0;0.00;0;0.17;335;23908.00;1362756.00;Còn hàng;Chưa chọn danh mục;;;Single SKU;
https://res.bigseller.pro/sku/images/merchantsku/944484/269142_1755015056408.jpg?imageView2/1/w/300/h/300;2209;OKAMURA Tăm chỉ hộp - 40P;;0.00;0.00;0.00;0.00;VIE GROUP HCM;Default Piling Area;Default Shelf;0;0;0;0;0;0.00;0;0.00;--;25835.00;0.00;Ngừng bán;Chưa chọn danh mục;;;Single SKU;
https://res.bigseller.pro/sku/images/merchantsku/944484/014457_1754364214690.jpg?imageView2/1/w/300/h/300;2208;OKAMURA Dụng Cụ Cạo Lưỡi (4198) - Vĩ 2 cây;;0.00;0.00;0.00;0.00;VIE GROUP HCM;Default Piling Area;Default Shelf;0;0;0;0;0;0.00;0;0.00;--;14000.00;0.00;Còn hàng;Chưa chọn danh mục;;;Single SKU;
https://res.bigseller.pro/sku/images/merchantsku/944484/246742_1754365821717.jpg?imageView2/1/w/300/h/300;2207;OKAMURA Chỉ nha khoa Asahi - Hộp 45 mét [XT];;0.00;0.00;0.00;0.00;VIE GROUP HCM;Default Piling Area;Default Shelf;0;0;0;0;0;0.00;0;0.00;--;42000.00;0.00;Còn hàng;Chưa chọn danh mục;;;Single SKU;
https://res.bigseller.pro/sku/images/merchantsku/944484/925442_1754366313639.jpg?imageView2/1/w/300/h/300;2206;OKAMURA Bàn chải kẽ răng dạng I, gói 08 cây;4983435728205;0.00;0.00;0.00;0.00;VIE GROUP HCM;Default Piling Area;Default Shelf;18;0;18;0;0;0.00;0;0.00;--;22800.00;410400.00;Còn hàng;Chưa chọn danh mục;;;Single SKU;
https://res.bigseller.pro/sku/images/merchantsku/944484/799326_1754365721145.jpg?imageView2/1/w/300/h/300;2205;OKAMURA Bàn chải kẽ răng Asahi dạng L;4983435728106;0.00;0.00;0.00;0.00;VIE GROUP HCM;Default Piling Area;Default Shelf;17;0;17;0;0;0.00;0;0.00;--;21900.00;372300.00;Còn hàng;Chưa chọn danh mục;;;Single SKU;
https://res.bigseller.pro/sku/images/merchantsku/944484/854386_1790910084397.jpg?imageView2/1/w/300/h/300;2204;OH!OH!  Serum Oh Oh Niacinamide 20% Giảm Mụn Mờ Nám - Minisize 30ml;;0.00;0.00;0.00;0.00;VIE GROUP HCM;Default Piling Area;Default Shelf;0;0;0;0;0;0.00;0;0.00;--;491714.29;0.00;Còn hàng;Chưa chọn danh mục;;;Single SKU;
https://res.bigseller.pro/sku/images/merchantsku/944484/603119_1789808550427.jpg?imageView2/1/w/300/h/300;2203;OH!OH! Serum Tế Bào Gốc, Tái Tạo Da oh!oh! Oatmere Serum 25ml;8809310877355;0.00;0.00;0.00;0.00;VIE GROUP HCM;Default Piling Area;Default Shelf;2;0;2;0;0;0.00;0;0.00;--;561724.14;1123448.28;Còn hàng;Chưa chọn danh mục;;;Single SKU;
https://res.bigseller.pro/sku/images/merchantsku/944484/330960_1754365621805.jpg?imageView2/1/w/300/h/300;2202;OH!OH! Serum Skin Health with 20% Niacinamide & 2% Acetyl Glucosamine - 30ml;8809310877256;0.00;0.00;0.00;0.00;VIE GROUP HCM;Default Piling Area;Default Shelf;0;0;0;0;0;0.00;0;0.00;--;496545.45;0.00;Còn hàng;Chưa chọn danh mục;;;Single SKU;
https://res.bigseller.pro/sku/images/merchantsku/944484/580151_1754366213719.jpg?imageView2/1/w/300/h/300;2201;OH!OH! Serum Skin Health with 20% Niacinamide & 2% Acetyl Glucosamine - 10ml;8809310877331;0.00;0.00;0.00;0.00;VIE GROUP HCM;Default Piling Area;Default Shelf;1;0;1;0;0;0.00;0;0.00;--;235580.00;235580.00;Còn hàng;Chưa chọn danh mục;;;Single SKU;
https://res.bigseller.pro/sku/images/merchantsku/944484/703202_1754366217760.jpg?imageView2/1/w/300/h/300;2200;OGX Dầu Xả tóc Thick & Full + Biotin & Collagen Shampoo 385ml;22796916716;0.00;0.00;0.00;0.00;VIE GROUP HCM;Default Piling Area;Default Shelf;0;0;0;0;0;0.00;0;12.00;0;162368.00;0.00;Còn hàng;Chưa chọn danh mục;;;Single SKU;
https://res.bigseller.pro/sku/images/merchantsku/944484/681617_1754365619912.jpg?imageView2/1/w/300/h/300;2199;OGX Dầu Xả Heavenly Hydration + Cherry Blossom Shampoo 385ml;;0.00;0.00;0.00;0.00;VIE GROUP HCM;Default Piling Area;Default Shelf;0;0;0;0;0;0.00;0;0.00;--;175676.00;0.00;Còn hàng;Chưa chọn danh mục;;;Single SKU;
https://res.bigseller.pro/sku/images/merchantsku/944484/415073_1754366214454.jpg?imageView2/1/w/300/h/300;2198;OGX Dầu Gội Đầu Thick & Full + Biotin & Collagen Shampoo 385ml;22796916709;0.00;0.00;0.00;0.00;VIE GROUP HCM;Default Piling Area;Default Shelf;10;0;10;0;0;0.00;0;0.00;--;163121.00;1631210.00;Còn hàng;Chưa chọn danh mục;;;Single SKU;
https://res.bigseller.pro/sku/images/merchantsku/944484/316693_1754365616403.jpg?imageView2/1/w/300/h/300;2197;OBAGI Tẩy Tế Bào Chết BHA 2% Clenziderm MD Pore Therapy USA - 148ml [DKSH];362032612829;0.00;0.00;0.00;0.00;VIE GROUP HCM;Default Piling Area;Default Shelf;8;0;8;0;0;0.00;12;1.07;7;650000.00;5200000.00;Còn hàng;Chưa chọn danh mục;;;Single SKU;
https://res.bigseller.pro/sku/images/merchantsku/944484/386898_1784944366891.jpg?imageView2/1/w/300/h/300;2196;OBAGI Sữa Rửa Mặt Clenziderm MD Daily Lightweight Obagi 2% BHA - 118ml;362032610801;0.00;0.00;0.00;0.00;VIE GROUP HCM;Default Piling Area;Default Shelf;13;0;13;0;0;0.00;0;0.00;--;170458.93;2215966.09;Còn hàng;Chưa chọn danh mục;;;Single SKU;
https://res.bigseller.pro/sku/images/merchantsku/944484/263801_1779502049368.jpg?imageView2/1/w/300/h/300;2193;OBAGI Serum Daily Hydro Drops Facial - 30ml;362032090016;0.00;0.00;0.00;0.00;VIE GROUP HCM;Default Piling Area;Default Shelf;0;0;0;0;0;0.00;0;0.00;--;1512500.00;0.00;Còn hàng;Chưa chọn danh mục;;;Single SKU;
https://res.bigseller.pro/sku/images/merchantsku/944484/580450_1779501879252.jpg?imageView2/1/w/300/h/300;2192;OBAGI Retinol Cream 1.0% USA - 28g;362032083025;0.00;0.00;0.00;0.00;VIE GROUP HCM;Default Piling Area;Default Shelf;6;0;6;0;0;0.00;0;0.28;21;1127500.00;6765000.00;Còn hàng;Chưa chọn danh mục;;;Single SKU;
https://res.bigseller.pro/sku/images/merchantsku/944484/242749_1779501893288.jpg?imageView2/1/w/300/h/300;2191;OBAGI Retinol Cream 0.5% USA 28g;362032083018;0.00;0.00;0.00;0.00;VIE GROUP HCM;Default Piling Area;Default Shelf;7;2;5;0;0;0.00;0;0.20;25;999182.42;6994276.94;Còn hàng;Chưa chọn danh mục;;;Single SKU;
https://res.bigseller.pro/sku/images/merchantsku/944484/435479_1779501945444.jpg?imageView2/1/w/300/h/300;2190;OBAGI Kem Dưỡng Kinetin+ Hydrating - 50ml;362032303024;0.00;0.00;0.00;0.00;VIE GROUP HCM;Default Piling Area;Default Shelf;6;2;4;0;0;0.00;0;1.80;2;926750.00;5560500.00;Còn hàng;Chưa chọn danh mục;;;Single SKU;
https://res.bigseller.pro/sku/images/merchantsku/944484/718904_1754365904280.jpg?imageView2/1/w/300/h/300;2189;Tampon Ob - Băng vệ sinh từ 100% cotton siêu nhỏ siêu thấm hút - 4G - 54C Pro Comfort;;0.00;0.00;0.00;0.00;VIE GROUP HCM;Default Piling Area;Default Shelf;0;0;0;0;0;0.00;0;0.00;--;159000.00;0.00;Ngừng bán;Chưa chọn danh mục;;;Single SKU;
https://res.bigseller.pro/sku/images/merchantsku/944484/662440_1754365714074.jpg?imageView2/1/w/300/h/300;2188;Tampon Ob - Băng vệ sinh từ 100% cotton siêu nhỏ siêu thấm hút - 3G - 64C Pro Comfort;3574661582474;0.00;0.00;0.00;0.00;VIE GROUP HCM;Default Piling Area;Default Shelf;1;0;1;0;0;0.00;0;0.03;33;153000.00;153000.00;Còn hàng;Chưa chọn danh mục;;;Single SKU;
https://res.bigseller.pro/sku/images/merchantsku/944484/396995_1754366212104.jpg?imageView2/1/w/300/h/300;2187;Tampon Ob - Băng vệ sinh từ 100% cotton siêu nhỏ siêu thấm hút - 3G - 64C Original;3574661567310;0.00;0.00;0.00;0.00;VIE GROUP HCM;Default Piling Area;Default Shelf;8;0;8;0;0;0.00;0;0.00;--;170000.00;1360000.00;Còn hàng;Chưa chọn danh mục;;;Single SKU;
https://res.bigseller.pro/sku/images/merchantsku/944484/232443_1754365627180.jpg?imageView2/1/w/300/h/300;2185;NONGCHAT Mascara Browit My Everyday Endless Night 5.5g;8858842084106;0.00;0.00;0.00;0.00;VIE GROUP HCM;Default Piling Area;Default Shelf;7;0;7;0;0;0.00;0;0.00;--;83243.66;582705.62;Còn hàng;Chưa chọn danh mục;;;Single SKU;
https://res.bigseller.pro/sku/images/merchantsku/944484/849240_1756125438433.jpg?imageView2/1/w/300/h/300;2184;NIVEA Sữa Dưỡng Thể Nivea Extra White Night Nourish Body Lotion - VÀNG 350ml;8850029023076;0.00;0.00;0.00;0.00;VIE GROUP HCM;Default Piling Area;Default Shelf;7;0;7;0;0;0.00;0;0.00;--;84000.00;588000.00;Còn hàng;Chưa chọn danh mục;;;Single SKU;
https://res.bigseller.pro/sku/images/merchantsku/944484/699333_1754365901745.jpg?imageView2/1/w/300/h/300;2183;NIVEA Sữa Dưỡng Thể Nivea Extra White Night Nourish Body Lotion - Tím 350ml;;0.00;0.00;0.00;0.00;VIE GROUP HCM;Default Piling Area;Default Shelf;0;0;0;0;0;0.00;0;0.00;--;87999.19;0.00;Còn hàng;Chưa chọn danh mục;;;Single SKU;
https://res.bigseller.pro/sku/images/merchantsku/944484/075566_1755553018865.jpg?imageView2/1/w/300/h/300;2182;NIVEA Serum Dưỡng Thể Sáng Da Mờ Thâm Nám Extra Bright 10 Super Vitamins  - HỒNG ĐẬM 170ML;;0.00;0.00;0.00;0.00;VIE GROUP HCM;Default Piling Area;Default Shelf;13;0;13;0;0;0.00;0;1.83;7;85505.62;1111573.06;Còn hàng;Chưa chọn danh mục;;;Single SKU;
https://res.bigseller.pro/sku/images/merchantsku/944484/447794_1754366308724.jpg?imageView2/1/w/300/h/300;2181;NGUYÊN XUÂN Dầu xả Dược Liệu Cổ Truyền Giúp Dưỡng Tóc Chuyên Sâu 300ml - Sữa gạo;8936009152834;0.00;0.00;0.00;0.00;VIE GROUP HCM;Default Piling Area;Default Shelf;0;0;0;0;0;0.00;0;0.00;--;115000.00;0.00;Ngừng bán;Chưa chọn danh mục;;;Single SKU;
https://res.bigseller.pro/sku/images/merchantsku/944484/522786_1754365904158.jpg?imageView2/1/w/300/h/300;2180;NGUYÊN XUÂN Dầu xả Dược Liệu Cổ Truyền Giúp Dưỡng Tóc Chuyên Sâu 300ml - Hương hoa Bồng bềnh;8936009152841;0.00;0.00;0.00;0.00;VIE GROUP HCM;Default Piling Area;Default Shelf;0;0;0;0;0;0.00;0;0.00;--;130000.00;0.00;Ngừng bán;Chưa chọn danh mục;;;Single SKU;
https://res.bigseller.pro/sku/images/merchantsku/944484/320103_1754998487738.jpg?imageView2/1/w/300/h/300;2179;NGUYÊN XUÂN Dầu xả Dược Liệu Cổ Truyền Giúp Dưỡng Tóc Bồng Bềnh 180ml - Hương Hoa;;0.00;0.00;0.00;0.00;VIE GROUP HCM;Default Piling Area;Default Shelf;0;0;0;0;0;0.00;0;0.07;0;65000.00;0.00;Còn hàng;Chưa chọn danh mục;;;Single SKU;
https://res.bigseller.pro/sku/images/merchantsku/944484/468835_1754365915022.jpg?imageView2/1/w/300/h/300;2178;NGUYÊN XUÂN Dầu Gội Dược Liệu Nguyên Xuân Chắc Khỏe - TÍM 250ML;;0.00;0.00;0.00;0.00;VIE GROUP HCM;Default Piling Area;Default Shelf;0;0;0;0;0;0.00;0;0.00;--;104157.00;0.00;Ngừng bán;Chưa chọn danh mục;;;Single SKU;
https://res.bigseller.pro/sku/images/merchantsku/944484/658431_1754366317880.jpg?imageView2/1/w/300/h/300;2177;NGUYÊN XUÂN Dầu Gội Dược Liệu Nguyên Xuân Chắc Khỏe - TÍM 200ML;8936009153794;0.00;0.00;0.00;0.00;VIE GROUP HCM;Default Piling Area;Default Shelf;0;0;0;0;0;0.00;0;0.00;--;83720.00;0.00;Ngừng bán;Chưa chọn danh mục;;;Single SKU;
https://res.bigseller.pro/sku/images/merchantsku/944484/206300_1754365820562.jpg?imageView2/1/w/300/h/300;2176;NGUYÊN XUÂN Dầu gội Dược liệu Cổ Truyền Giúp Tóc Sạch Gàu - Xanh dương 450ml;8936009153022;0.00;0.00;0.00;0.00;VIE GROUP HCM;Default Piling Area;Default Shelf;0;0;0;0;0;0.00;0;0.00;--;175000.00;0.00;Ngừng bán;Chưa chọn danh mục;;;Single SKU;
https://res.bigseller.pro/sku/images/merchantsku/944484/034981_1754361505899.jpg?imageView2/1/w/300/h/300;2175;NGUYÊN XUÂN Dầu gội Dược liệu Cổ Truyền Giúp Tóc Sạch Gàu - Xanh dương 350ml;8936009152612;0.00;0.00;0.00;0.00;VIE GROUP HCM;Default Piling Area;Default Shelf;0;0;0;0;0;0.00;0;0.00;--;134500.00;0.00;Ngừng bán;Chưa chọn danh mục;;;Single SKU;
https://res.bigseller.pro/sku/images/merchantsku/944484/112574_1756125438679.jpg?imageView2/1/w/300/h/300;2174;NGUYÊN XUÂN Dầu gội Dược liệu Cổ Truyền Giúp Tóc Sạch Gàu - Xanh dương 250ml;8936009152421;0.00;0.00;0.00;0.00;VIE GROUP HCM;Default Piling Area;Default Shelf;4;0;4;0;0;0.00;0;0.00;--;92649.00;370596.00;Còn hàng;Chưa chọn danh mục;;;Single SKU;
https://res.bigseller.pro/sku/images/merchantsku/944484/382014_1754365912064.jpg?imageView2/1/w/300/h/300;2173;NGUYÊN XUÂN Dầu gội Dược liệu Cổ Truyền Giúp Tóc Sạch Gàu - Xanh dương 200ml;8936009152414;0.00;0.00;0.00;0.00;VIE GROUP HCM;Default Piling Area;Default Shelf;0;0;0;0;0;0.00;0;0.00;--;81900.00;0.00;Ngừng bán;Chưa chọn danh mục;;;Single SKU;
https://res.bigseller.pro/sku/images/merchantsku/944484/518386_1754366315242.jpg?imageView2/1/w/300/h/300;2171;NGUYÊN XUÂN Dầu gội Dược liệu Cổ Truyền Giúp Tóc Bồng Bềnh - Vàng 350ml;8936009152490;0.00;0.00;0.00;0.00;VIE GROUP HCM;Default Piling Area;Default Shelf;0;0;0;0;0;0.00;0;0.00;--;118813.00;0.00;Ngừng bán;Chưa chọn danh mục;;;Single SKU;
https://res.bigseller.pro/sku/images/merchantsku/944484/521888_1754365723301.jpg?imageView2/1/w/300/h/300;2170;NGUYÊN XUÂN Dầu gội Dược liệu Cổ Truyền Giúp Tóc Bồng Bềnh - Vàng 250ml;8936009152193;0.00;0.00;0.00;0.00;VIE GROUP HCM;Default Piling Area;Default Shelf;0;0;0;0;0;0.00;0;0.00;--;88761.92;0.00;Ngừng bán;Chưa chọn danh mục;;;Single SKU;
https://res.bigseller.pro/sku/images/merchantsku/944484/793973_1754366220504.jpg?imageView2/1/w/300/h/300;2169;NGUYÊN XUÂN Dầu gội Dược liệu Cổ Truyền Giúp Tóc Bồng Bềnh - Vàng 200ml;8936009152186;0.00;0.00;0.00;0.00;VIE GROUP HCM;Default Piling Area;Default Shelf;0;0;0;0;0;0.00;0;0.00;--;67042.00;0.00;Ngừng bán;Chưa chọn danh mục;;;Single SKU;
https://res.bigseller.pro/sku/images/merchantsku/944484/300853_1754365723124.jpg?imageView2/1/w/300/h/300;2168;NGUYÊN XUÂN Dầu gội Dược liệu Cổ Truyền Giúp Dưỡng Tóc - Xanh lá 450ml;8936009152681;0.00;0.00;0.00;0.00;VIE GROUP HCM;Default Piling Area;Default Shelf;0;0;0;0;0;0.00;0;0.00;--;125551.00;0.00;Ngừng bán;Chưa chọn danh mục;;;Single SKU;
https://res.bigseller.pro/sku/images/merchantsku/944484/587167_1754366219574.jpg?imageView2/1/w/300/h/300;2167;NGUYÊN XUÂN Dầu gội Dược liệu Cổ Truyền Giúp Dưỡng Tóc - Xanh lá 350ml;8936009152483;0.00;0.00;0.00;0.00;VIE GROUP HCM;Default Piling Area;Default Shelf;0;0;0;0;0;0.00;0;0.00;--;105580.00;0.00;Ngừng bán;Chưa chọn danh mục;;;Single SKU;
https://res.bigseller.pro/sku/images/merchantsku/944484/845918_1754365627355.jpg?imageView2/1/w/300/h/300;2166;NGUYÊN XUÂN Dầu gội Dược liệu Cổ Truyền Giúp Dưỡng Tóc - Xanh lá 250ml;8936009151783;0.00;0.00;0.00;0.00;VIE GROUP HCM;Default Piling Area;Default Shelf;0;0;0;0;0;0.00;0;0.00;--;77046.33;0.00;Ngừng bán;Chưa chọn danh mục;;;Single SKU;
https://res.bigseller.pro/sku/images/merchantsku/944484/641334_1754365820492.jpg?imageView2/1/w/300/h/300;2165;NGUYÊN XUÂN Dầu gội Dược liệu Cổ Truyền Giúp Dưỡng Tóc - Xanh lá 200ml;8936009151769;0.00;0.00;0.00;0.00;VIE GROUP HCM;Default Piling Area;Default Shelf;0;0;0;0;0;0.00;0;0.00;--;53325.60;0.00;Ngừng bán;Chưa chọn danh mục;;;Single SKU;
https://res.bigseller.pro/sku/images/merchantsku/944484/844699_1754366212590.jpg?imageView2/1/w/300/h/300;2164;NGUYÊN XUÂN Dầu gội Dược liệu Cổ Truyền Dành cho Tóc Thường - Tím 600ml;;0.00;0.00;0.00;0.00;VIE GROUP HCM;Default Piling Area;Default Shelf;0;0;0;0;0;0.00;0;0.00;--;134000.00;0.00;Ngừng bán;Chưa chọn danh mục;;;Single SKU;
https://res.bigseller.pro/sku/images/merchantsku/944484/178042_1754365619332.jpg?imageView2/1/w/300/h/300;2163;NGUYÊN XUÂN Dầu gội Dược liệu Cổ Truyền Dành cho Tóc Thường - Tím 450ml;;0.00;0.00;0.00;0.00;VIE GROUP HCM;Default Piling Area;Default Shelf;0;0;0;0;0;0.00;0;0.00;0;127364.33;0.00;Ngừng bán;Chưa chọn danh mục;;;Single SKU;
https://res.bigseller.pro/sku/images/merchantsku/944484/844392_1754364216620.jpg?imageView2/1/w/300/h/300;2162;NGUYÊN XUÂN Dầu gội Dược liệu Cổ Truyền Dành cho Tóc Thường - Tím 200ml;;0.00;0.00;0.00;0.00;VIE GROUP HCM;Default Piling Area;Default Shelf;0;0;0;0;0;0.00;0;0.00;--;52800.00;0.00;Ngừng bán;Chưa chọn danh mục;;;Single SKU;
https://res.bigseller.pro/sku/images/merchantsku/944484/086528_1754365714067.jpg?imageView2/1/w/300/h/300;2161;NGUYÊN VƯƠNG Dầu gội thiên nhiên - Hươnng Sảng khoái 250ml ( Xanh dương );;0.00;0.00;0.00;0.00;VIE GROUP HCM;Default Piling Area;Default Shelf;0;0;0;0;0;0.00;0;0.00;--;78187.50;0.00;Ngừng bán;Chưa chọn danh mục;;;Single SKU;
https://res.bigseller.pro/sku/images/merchantsku/944484/274383_1754365619396.jpg?imageView2/1/w/300/h/300;2160;NGUYÊN VƯƠNG Dầu gội thiên nhiên - Hươnng Lịch lãm 250ml ( Xanh lá );8936009152704;0.00;0.00;0.00;0.00;VIE GROUP HCM;Default Piling Area;Default Shelf;0;0;0;0;0;0.00;0;0.00;--;80000.00;0.00;Ngừng bán;Chưa chọn danh mục;;;Single SKU;
https://res.bigseller.pro/sku/images/merchantsku/944484/891772_1754365819974.jpg?imageView2/1/w/300/h/300;2159;NGỌC CHÂU Nước Súc Miệng Dược Liệu Ngăn nhiệt miệng, giữ hơi thở thơm mát - 350ML;;0.00;0.00;0.00;0.00;VIE GROUP HCM;Default Piling Area;Default Shelf;0;0;0;0;0;0.00;0;0.00;0;88000.00;0.00;Ngừng bán;Chưa chọn danh mục;;;Single SKU;
https://res.bigseller.pro/sku/images/merchantsku/944484/521697_1754366307090.jpg?imageView2/1/w/300/h/300;2158;NGỌC CHÂU Kem Đánh Răng Dược liệu Truyền thống 170g;8936009152391;0.00;0.00;0.00;0.00;VIE GROUP HCM;Default Piling Area;Default Shelf;0;0;0;0;0;0.00;0;0.00;--;58106.00;0.00;Ngừng bán;Chưa chọn danh mục;;;Single SKU;
https://res.bigseller.pro/sku/images/merchantsku/944484/486444_1754365714048.jpg?imageView2/1/w/300/h/300;2157;NGỌC CHÂU Kem Đánh Răng Dược liệu Truyền thống 125g;;0.00;0.00;0.00;0.00;VIE GROUP HCM;Default Piling Area;Default Shelf;0;0;0;0;0;0.00;0;0.00;--;42400.00;0.00;Ngừng bán;Chưa chọn danh mục;;;Single SKU;
https://res.bigseller.pro/sku/images/merchantsku/944484/578420_1754365723586.jpg?imageView2/1/w/300/h/300;2156;NGỌC CHÂU Kem Đánh Răng Dược liệu Truyền thống 100g;8936009152377;0.00;0.00;0.00;0.00;VIE GROUP HCM;Default Piling Area;Default Shelf;0;0;0;0;0;0.00;0;0.00;--;37114.00;0.00;Ngừng bán;Chưa chọn danh mục;;;Single SKU;
https://res.bigseller.pro/sku/images/merchantsku/944484/250893_1754366315382.jpg?imageView2/1/w/300/h/300;2155;NGỌC CHÂU Kem Đánh Răng Dược Liệu Ngọc Châu Trẻ Em (2 - 6 tuổi) - Hươu cao cổ 70g;;0.00;0.00;0.00;0.00;VIE GROUP HCM;Default Piling Area;Default Shelf;0;0;0;0;0;0.00;0;0.00;--;35200.00;0.00;Ngừng bán;Chưa chọn danh mục;;;Single SKU;
https://res.bigseller.pro/sku/images/merchantsku/944484/656268_1754366221433.jpg?imageView2/1/w/300/h/300;2154;NGỌC CHÂU Kem Đánh Răng Dược liệu Chuyên gia - 170g;8936009152889;0.00;0.00;0.00;0.00;VIE GROUP HCM;Default Piling Area;Default Shelf;0;0;0;0;0;0.00;0;0.00;0;78438.00;0.00;Ngừng bán;Chưa chọn danh mục;;;Single SKU;
https://res.bigseller.pro/sku/images/merchantsku/944484/273142_1754998314263.jpg?imageView2/1/w/300/h/300;2152;NEUTROGENA Toner Alcohol Free Toner 150ml;8850007540212;0.00;0.00;0.00;0.00;VIE GROUP HCM;Default Piling Area;Default Shelf;0;0;0;0;0;0.00;0;0.00;--;89708.00;0.00;Còn hàng;NEUTROGENA;;;Single SKU;
https://res.bigseller.pro/sku/images/merchantsku/944484/589857_1755687784928.jpg?imageView2/1/w/300/h/300;2151;NEUTROGENA Sữa Rửa Mặt Oil-Free Acne Wash 175ml;705010171040705;0.00;0.00;0.00;0.00;VIE GROUP HCM;Default Piling Area;Default Shelf;0;0;0;0;0;0.00;0;0.00;--;107600.00;0.00;Còn hàng;NEUTROGENA;;;Single SKU;
https://res.bigseller.pro/sku/images/merchantsku/944484/446414_1754366214355.jpg?imageView2/1/w/300/h/300;2148;NEUTROGENA Sữa Rửa Mặt Deep Clean Foaming Cleanser - 175g;8850007543152;0.00;0.00;0.00;0.00;VIE GROUP HCM;Default Piling Area;Default Shelf;0;0;0;0;0;0.00;0;0.00;--;79428.57;0.00;Còn hàng;NEUTROGENA;;;Single SKU;
https://res.bigseller.pro/sku/images/merchantsku/944484/470362_1754365623501.jpg?imageView2/1/w/300/h/300;2147;NEUTROGENA Sữa Rửa Mặt Deep Clean Foaming Cleanser - 100g;8850007543138;0.00;0.00;0.00;0.00;VIE GROUP HCM;Default Piling Area;Default Shelf;66;0;66;0;0;0.00;0;0.10;660;63208.84;4171783.44;Còn hàng;NEUTROGENA;;;Single SKU;
https://res.bigseller.pro/sku/images/merchantsku/944484/980152_1754365814994.jpg?imageView2/1/w/300/h/300;2146;NEUTROGENA Sữa Rửa Mặt Blackhead Eliminating Daily Scrub 100g;8850007541684;0.00;0.00;0.00;0.00;VIE GROUP HCM;Default Piling Area;Default Shelf;7;0;7;0;0;0.00;0;0.33;21;61323.72;429266.04;Còn hàng;NEUTROGENA;;;Single SKU;
https://res.bigseller.pro/sku/images/merchantsku/944484/493534_1773803286113.jpg?imageView2/1/w/300/h/300;2145;NEUTROGENA Sữa Rửa Mặt Acne Foaming Cleanser - 100g;4710032516450;0.00;0.00;0.00;0.00;VIE GROUP HCM;Default Piling Area;Default Shelf;8;0;8;0;0;0.00;0;0.00;--;77950.00;623600.00;Còn hàng;NEUTROGENA;;;Single SKU;
https://res.bigseller.pro/sku/images/merchantsku/944484/810342_1754366213694.jpg?imageView2/1/w/300/h/300;2144;NEUTROGENA Mặt Nạ Ngủ Hydro Boost Hyaluronic Acid Night Cream 50g;4891080616436;0.00;0.00;0.00;0.00;VIE GROUP HCM;Default Piling Area;Default Shelf;12;0;12;0;0;0.00;0;0.00;--;258720.00;3104640.00;Còn hàng;NEUTROGENA;;;Single SKU;
https://res.bigseller.pro/sku/images/merchantsku/944484/578603_1755687689883.jpg?imageView2/1/w/300/h/300;2143;NEUTROGENA Kem Dưỡng Vùng Da Mắt Visible Repair Eye Cream 15g;9300607563566;0.00;0.00;0.00;0.00;VIE GROUP HCM;Default Piling Area;Default Shelf;0;0;0;0;0;0.00;0;0.00;--;245000.00;0.00;Ngừng bán;NEUTROGENA;;;Single SKU;
https://res.bigseller.pro/sku/images/merchantsku/944484/488152_1754366310891.jpg?imageView2/1/w/300/h/300;2142;NEUTROGENA Kem Dưỡng Ẩm Hydro Boost Water Gel - 50g;4891080614470;0.00;0.00;0.00;0.00;VIE GROUP HCM;Default Piling Area;Default Shelf;0;0;0;0;0;0.00;0;5.06;0;160000.00;0.00;Còn hàng;NEUTROGENA;;;Single SKU;
https://res.bigseller.pro/sku/images/merchantsku/944484/634999_1754365716406.jpg?imageView2/1/w/300/h/300;2141;NEUTROGENA Kem Dưỡng Ẩm Hydro Boost Water Gel - 15g;8850007543336;0.00;0.00;0.00;0.00;VIE GROUP HCM;Default Piling Area;Default Shelf;166;1;165;0;0;0.00;0;1.33;124;45000.00;7470000.00;Còn hàng;NEUTROGENA;;;Single SKU;
https://res.bigseller.pro/sku/images/merchantsku/944484/494433_1754366214670.jpg?imageView2/1/w/300/h/300;2140;NEUTROGENA Kem Dưỡng Ẩm Hydro boost nourishing gel cream 50g;4710032515538;0.00;0.00;0.00;0.00;VIE GROUP HCM;Default Piling Area;Default Shelf;5;0;5;0;0;0.00;0;0.00;--;309000.00;1545000.00;Còn hàng;NEUTROGENA;;;Single SKU;
https://res.bigseller.pro/sku/images/merchantsku/944484/898129_1754365623509.jpg?imageView2/1/w/300/h/300;2139;NEUTROGENA Kem Chống Nắng Ultra Sheer Dry Touch Sunblock SPF50 PA+++ 88ml;86800687900;0.00;0.00;0.00;0.00;VIE GROUP HCM;Default Piling Area;Default Shelf;0;0;0;0;0;0.00;0;0.00;--;205500.00;0.00;Ngừng bán;NEUTROGENA;;;Single SKU;
https://res.bigseller.pro/sku/images/merchantsku/944484/420375_1778913704463.jpg?imageView2/1/w/300/h/300;2138;NEUTROGENA Dầu dưỡng thể Neutrogena Body Oil - 250ml (XT);;0.00;0.00;0.00;0.00;VIE GROUP HCM;Default Piling Area;Default Shelf;0;0;0;0;0;0.00;0;0.00;--;210000.00;0.00;Ngừng bán;NEUTROGENA;;;Single SKU;
https://res.bigseller.pro/sku/images/merchantsku/944484/914403_1755932529524.jpg?imageView2/1/w/300/h/300;2137;Neutrogena - MẪU MỚI  Sữa Rửa Mặt Neutrogena Facial Cleanser Deep Clean 150mL;9300607563351;0.00;0.00;0.00;0.00;VIE GROUP HCM;Default Piling Area;Default Shelf;46;0;46;0;0;0.00;0;0.40;115;71860.92;3305602.32;Còn hàng;NEUTROGENA;;;Single SKU;
https://res.bigseller.pro/sku/images/merchantsku/944484/697382_1755492735600.jpg?imageView2/1/w/300/h/300;2136;NAZOREL Dầu Gội Shampoo Giúp Giảm Gàu Ngứa, Dịu Da Đầu, Hỗ Trợ Chăm Sóc Da Đầu Nhạy Cảm - 150ml;;0.00;0.00;0.00;0.00;VIE GROUP HCM;Default Piling Area;Default Shelf;1;0;1;0;0;0.00;0;0.00;--;82800.00;82800.00;Còn hàng;NAZOREL;;;Single SKU;
https://res.bigseller.pro/sku/images/merchantsku/944484/127422_1755492800575.jpg?imageView2/1/w/300/h/300;2135;NAZOREL Dầu Gội Shampoo Giúp Giảm Gàu Ngứa, Dịu Da Đầu, Hỗ Trợ Chăm Sóc Da Đầu Nhạy Cảm - 100ml;;0.00;0.00;0.00;0.00;VIE GROUP HCM;Default Piling Area;Default Shelf;1;0;1;0;0;0.00;0;0.00;--;58800.00;58800.00;Còn hàng;NAZOREL;;;Single SKU;
https://res.bigseller.pro/sku/images/merchantsku/944484/779878_1754366217754.jpg?imageView2/1/w/300/h/300;2134;NATURE REPUBLIC Gel Dưỡng Nha Đam Nature Republic Soothing & Moisture Aloe Vera 92% 300ml;8806173420377;0.00;0.00;0.00;0.00;VIE GROUP HCM;Default Piling Area;Default Shelf;0;0;0;0;0;0.00;0;0.00;--;101714.29;0.00;Ngừng bán;Chưa chọn danh mục;;;Single SKU;
;2133;NARUKO Sữa Rửa Mặt Naruko Dạng Bùn Tràm Trà - 120ml;;0.00;0.00;0.00;0.00;VIE GROUP HCM;Default Piling Area;Default Shelf;4;0;4;0;0;0.00;0;0.00;--;143243.00;572972.00;Còn hàng;Chưa chọn danh mục;;;Single SKU;
https://res.bigseller.pro/sku/images/merchantsku/944484/930711_1754361505982.jpg?imageView2/1/w/300/h/300;2132;NARUKO Mặt nạ Tràm Trà Tea Tree Shine Control and Blemish Clear Mask 25ml;;0.00;0.00;0.00;0.00;VIE GROUP HCM;Default Piling Area;Default Shelf;0;0;0;0;0;0.00;0;0.00;--;21214.74;0.00;Còn hàng;Chưa chọn danh mục;;;Single SKU;
https://res.bigseller.pro/sku/images/merchantsku/944484/990425_1790910175181.jpg?imageView2/1/w/300/h/300;2131;MURAD Tinh Chất Murad Rapid Dark Spot Correcting Serum Mờ Thâm Nám 30ml;;0.00;0.00;0.00;0.00;VIE GROUP HCM;Default Piling Area;Default Shelf;0;0;0;0;0;0.00;0;0.00;--;1384698.30;0.00;Còn hàng;Chưa chọn danh mục;;;Single SKU;
https://res.bigseller.pro/sku/images/merchantsku/944484/260108_1754365913682.jpg?imageView2/1/w/300/h/300;2129;MOMMY CARE Kem Nám Perilla Whitening Cream 80G;;0.00;0.00;0.00;0.00;VIE GROUP HCM;Default Piling Area;Default Shelf;0;0;0;0;0;0.00;0;0.00;--;267466.67;0.00;Còn hàng;Chưa chọn danh mục;;;Single SKU;
https://res.bigseller.pro/sku/images/merchantsku/944484/085414_1754366317781.jpg?imageView2/1/w/300/h/300;2128;MOMMY CARE Kem Nám Perilla Whitening Cream 50G;;0.00;0.00;0.00;0.00;VIE GROUP HCM;Default Piling Area;Default Shelf;0;0;0;0;0;0.00;0;0.00;--;235000.00;0.00;Còn hàng;Chưa chọn danh mục;;;Single SKU;
https://res.bigseller.pro/sku/images/merchantsku/944484/663729_1754365901675.jpg?imageView2/1/w/300/h/300;2127;MLEN DIARY Kẹp mi gọng silicone;6974319673399;0.00;0.00;0.00;0.00;VIE GROUP HCM;Default Piling Area;Default Shelf;5;0;5;0;0;0.00;0;0.00;--;25447.60;127238.00;Còn hàng;Chưa chọn danh mục;;;Single SKU;
https://res.bigseller.pro/sku/images/merchantsku/944484/676130_1755015054468.jpg?imageView2/1/w/300/h/300;2126;MLEN DIARY Nhíp Gắn Mi;6974319670572;0.00;0.00;0.00;0.00;VIE GROUP HCM;Default Piling Area;Default Shelf;12;0;12;0;0;0.00;0;0.00;--;20872.46;250469.52;Còn hàng;Chưa chọn danh mục;;;Single SKU;
https://res.bigseller.pro/sku/images/merchantsku/944484/076379_1754365726681.jpg?imageView2/1/w/300/h/300;2125;MLEN DIARY Miếng Dán Kích Mí - #Ô liu96 miếng;6974319679865;0.00;0.00;0.00;0.00;VIE GROUP HCM;Default Piling Area;Default Shelf;0;0;0;0;0;0.00;0;0.00;--;17621.36;0.00;Còn hàng;Chưa chọn danh mục;;;Single SKU;
https://res.bigseller.pro/sku/images/merchantsku/944484/454379_1754361508453.jpg?imageView2/1/w/300/h/300;2124;Mlen Diary Miếng Dán Kích Mí - #lưỡi liềm S 120m;6974319679841;0.00;0.00;0.00;0.00;VIE GROUP HCM;Default Piling Area;Default Shelf;0;0;0;0;0;0.00;0;0.00;--;15853.00;0.00;Còn hàng;Chưa chọn danh mục;;;Single SKU;
https://res.bigseller.pro/sku/images/merchantsku/944484/138473_1754365823046.jpg?imageView2/1/w/300/h/300;2123;Mlen Diary Miếng Dán Kích Mí - #lưỡi liềm M 120m;6974319679872;0.00;0.00;0.00;0.00;VIE GROUP HCM;Default Piling Area;Default Shelf;0;0;0;0;0;0.00;0;0.00;--;20124.71;0.00;Còn hàng;Chưa chọn danh mục;;;Single SKU;
https://res.bigseller.pro/sku/images/merchantsku/944484/139121_1754366317729.jpg?imageView2/1/w/300/h/300;2122;Mlen Diary Miếng Dán Kích Mí - #L song song 120m;6974319679889;0.00;0.00;0.00;0.00;VIE GROUP HCM;Default Piling Area;Default Shelf;0;0;0;0;0;0.00;0;0.00;--;17044.11;0.00;Còn hàng;Chưa chọn danh mục;;;Single SKU;
https://res.bigseller.pro/sku/images/merchantsku/944484/817089_1754365631683.jpg?imageView2/1/w/300/h/300;2121;Mlen Diary Miếng Dán Kích Mí -  #lưỡi liềm L 120m;6974319679858;0.00;0.00;0.00;0.00;VIE GROUP HCM;Default Piling Area;Default Shelf;0;0;0;0;0;0.00;0;0.00;--;24412.29;0.00;Còn hàng;Chưa chọn danh mục;;;Single SKU;
https://res.bigseller.pro/sku/images/merchantsku/944484/057924_1754366210507.jpg?imageView2/1/w/300/h/300;2120;MLEN DIARY Mi Giả Cụm Tự Dính - Tai Thỏ Hộp Nhỏ+Keo;;0.00;0.00;0.00;0.00;VIE GROUP HCM;Default Piling Area;Default Shelf;0;0;0;0;0;0.00;0;0.00;--;47578.00;0.00;Còn hàng;Chưa chọn danh mục;;;Single SKU;
https://res.bigseller.pro/sku/images/merchantsku/944484/697254_1754365710687.jpg?imageView2/1/w/300/h/300;2119;MLEN DIARY Mi Giả Cụm Tự Dính - Tai Thỏ Hộp Lớn;6974319677908;0.00;0.00;0.00;0.00;VIE GROUP HCM;Default Piling Area;Default Shelf;2;0;2;0;0;0.00;0;0.00;--;77000.00;154000.00;Còn hàng;Chưa chọn danh mục;;;Single SKU;
https://res.bigseller.pro/sku/images/merchantsku/944484/303068_1754365617489.jpg?imageView2/1/w/300/h/300;2118;MLEN DIARY Mi Giả Cụm Tự Dính - Hướng Dương Hộp To;;0.00;0.00;0.00;0.00;VIE GROUP HCM;Default Piling Area;Default Shelf;2;0;2;0;0;0.00;0;0.07;28;69670.10;139340.20;Còn hàng;Chưa chọn danh mục;;;Single SKU;
https://res.bigseller.pro/sku/images/merchantsku/944484/093980_1754364214771.jpg?imageView2/1/w/300/h/300;2116;MLEN DIARY Mi Giả Cụm Tự Dính - H.Dương Nhỏ+Keo (Bản Trung);6974319670848;0.00;0.00;0.00;0.00;VIE GROUP HCM;Default Piling Area;Default Shelf;0;0;0;0;0;0.00;0;0.00;--;47243.24;0.00;Còn hàng;Chưa chọn danh mục;;;Single SKU;
https://res.bigseller.pro/sku/images/merchantsku/944484/358122_1754365726686.jpg?imageView2/1/w/300/h/300;2114;MLEN DIARY Mascara Keo Dán - 4IN1;6977057250037;0.00;0.00;0.00;0.00;VIE GROUP HCM;Default Piling Area;Default Shelf;0;0;0;0;0;0.00;0;0.00;--;73218.75;0.00;Còn hàng;Chưa chọn danh mục;;;Single SKU;
https://res.bigseller.pro/sku/images/merchantsku/944484/179188_1754364214691.jpg?imageView2/1/w/300/h/300;2112;MLEN DIARY Keo Dán Mi Giả - Travelsize 1.5ml;6977057250792;0.00;0.00;0.00;0.00;VIE GROUP HCM;Default Piling Area;Default Shelf;5;0;5;0;0;0.00;0;0.00;--;12550.00;62750.00;Còn hàng;Chưa chọn danh mục;;;Single SKU;
https://res.bigseller.pro/sku/images/merchantsku/944484/636015_1755552875046.jpg?imageView2/1/w/300/h/300;2110;MLEN DIARY Mi Giả  - Hướng Dương: Tím;6977057251034;0.00;0.00;0.00;0.00;VIE GROUP HCM;Default Piling Area;Default Shelf;8;0;8;0;0;0.00;0;0.00;--;69765.31;558122.48;Còn hàng;Chưa chọn danh mục;;;Single SKU;
https://res.bigseller.pro/sku/images/merchantsku/944484/465210_1754365914909.jpg?imageView2/1/w/300/h/300;2109;MLEN DIARY Mi Giả MLEN DIARY - Hồng: Sơn Trà;6977057251065;0.00;0.00;0.00;0.00;VIE GROUP HCM;Default Piling Area;Default Shelf;5;0;5;0;0;0.00;0;0.00;--;69065.00;345325.00;Còn hàng;Chưa chọn danh mục;;;Single SKU;
https://res.bigseller.pro/sku/images/merchantsku/944484/074412_1754366317750.jpg?imageView2/1/w/300/h/300;2108;MLEN DIARY Mi Giả  - Cam: Diên Vĩ;6977057251058;0.00;0.00;0.00;0.00;VIE GROUP HCM;Default Piling Area;Default Shelf;5;0;5;0;0;0.00;0;0.00;--;69335.00;346675.00;Còn hàng;Chưa chọn danh mục;;;Single SKU;
https://res.bigseller.pro/sku/images/merchantsku/944484/967568_1754365726182.jpg?imageView2/1/w/300/h/300;2107;MLEN DIARY Mi Giả -  Xanh nhạt: bồ công anh;6977057251041;0.00;0.00;0.00;0.00;VIE GROUP HCM;Default Piling Area;Default Shelf;6;0;6;0;0;0.00;0;0.00;--;69183.00;415098.00;Còn hàng;Chưa chọn danh mục;;;Single SKU;
https://res.bigseller.pro/sku/images/merchantsku/944484/654674_1767705306087.jpg?imageView2/1/w/300/h/300;2106;MKL Kem Dưỡng TayOrganic Hand Cream 50ml - Hương Cam;3760162122497;0.00;0.00;0.00;0.00;VIE GROUP HCM;Default Piling Area;Default Shelf;5;0;5;0;0;0.00;0;0.00;--;69600.00;348000.00;Còn hàng;Chưa chọn danh mục;;;Single SKU;
https://res.bigseller.pro/sku/images/merchantsku/944484/177252_1765334477808.jpg?imageView2/1/w/300/h/300;2105;MKL Kem Dưỡng Tay Organic Hand Cream 50ml - Quả Mơ;3760162122503;0.00;0.00;0.00;0.00;VIE GROUP HCM;Default Piling Area;Default Shelf;2;0;2;0;0;0.00;0;0.00;--;69550.00;139100.00;Còn hàng;Chưa chọn danh mục;;;Single SKU;
https://res.bigseller.pro/sku/images/merchantsku/944484/006397_1765334429016.jpg?imageView2/1/w/300/h/300;2104;MKL Kem Dưỡng Tay Organic Hand Cream 50ml - Lô Hội;3760162122527;0.00;0.00;0.00;0.00;VIE GROUP HCM;Default Piling Area;Default Shelf;5;0;5;0;0;0.00;0;0.00;--;69550.00;347750.00;Còn hàng;Chưa chọn danh mục;;;Single SKU;
https://res.bigseller.pro/sku/images/merchantsku/944484/779726_1765334519083.jpg?imageView2/1/w/300/h/300;2103;MKL Kem Dưỡng Tay Organic Hand Cream 50ml - Bơ Hạt Mỡ;3760162122534;0.00;0.00;0.00;0.00;VIE GROUP HCM;Default Piling Area;Default Shelf;3;0;3;0;0;0.00;0;0.00;--;69550.00;208650.00;Còn hàng;Chưa chọn danh mục;;;Single SKU;
https://res.bigseller.pro/sku/images/merchantsku/944484/297234_1754365631628.jpg?imageView2/1/w/300/h/300;2102;MKL  Sữa Tắm Shower Gel1000ml - White Peach;;0.00;0.00;0.00;0.00;VIE GROUP HCM;Default Piling Area;Default Shelf;0;0;0;0;0;0.00;0;0.00;--;160020.00;0.00;Còn hàng;Chưa chọn danh mục;;;Single SKU;
https://res.bigseller.pro/sku/images/merchantsku/944484/895215_1754365823165.jpg?imageView2/1/w/300/h/300;2101;MKL  Sữa Tắm Shower Gel1000ml - Jasmine;;0.00;0.00;0.00;0.00;VIE GROUP HCM;Default Piling Area;Default Shelf;0;0;0;0;0;0.00;0;0.00;--;171349.75;0.00;Còn hàng;Chưa chọn danh mục;;;Single SKU;
https://res.bigseller.pro/sku/images/merchantsku/944484/287075_1754365818087.jpg?imageView2/1/w/300/h/300;2100;MINISO Bông tẩy trang Nhật Bản 100% 180 Miếng;4511732064216;0.00;0.00;0.00;0.00;VIE GROUP HCM;Default Piling Area;Default Shelf;1;1;0;0;0;0.00;0;15.03;0;12066.29;12066.29;Còn hàng;Chưa chọn danh mục;;;Single SKU;
https://res.bigseller.pro/sku/images/merchantsku/944484/426204_1765421787076.jpg?imageView2/1/w/300/h/300;2099;MINISO Bông tẩy trang Miniso Cao Cấp  100% cotton TRÒN 180 miếng;;0.00;0.00;0.00;0.00;VIE GROUP HCM;Default Piling Area;Default Shelf;242;6;236;0;0;0.00;0;7.90;29;17151.25;4150602.50;Còn hàng;Chưa chọn danh mục;;;Single SKU;
https://res.bigseller.pro/sku/images/merchantsku/944484/486844_1760339706523.jpg?imageView2/1/w/300/h/300;2096;MINCER PHARMA Kem Body Lotion Dưỡng Trắng & Chống Lão Hoá Vita C Infusion - 250ml;;0.00;0.00;0.00;0.00;VIE GROUP HCM;Default Piling Area;Default Shelf;0;0;0;0;0;0.00;0;0.50;0;222823.53;0.00;Còn hàng;Chưa chọn danh mục;;;Single SKU;
https://res.bigseller.pro/sku/images/merchantsku/944484/556639_1765352136336.jpg?imageView2/1/w/300/h/300;2095;MELASMA Kem Dưỡng Melasma-X 3D Whitening Clinic Renewal 40ml;;0.00;0.00;0.00;0.00;VIE GROUP HCM;Default Piling Area;Default Shelf;0;0;0;0;0;0.00;0;0.00;--;172333.33;0.00;Còn hàng;Chưa chọn danh mục;;;Single SKU;
https://res.bigseller.pro/sku/images/merchantsku/944484/708543_1754366311150.jpg?imageView2/1/w/300/h/300;2094;MEGADUO Gel dưỡng 15g - bản thường;8936039103264;0.00;0.00;0.00;0.00;VIE GROUP HCM;Default Piling Area;Default Shelf;11;10;1;0;0;0.00;0;1.10;0;111757.08;1229327.88;Còn hàng;Chưa chọn danh mục;;;Single SKU;
https://res.bigseller.pro/sku/images/merchantsku/944484/094434_1754365715952.jpg?imageView2/1/w/300/h/300;2093;MEGADUO Gel dưỡng 15g - bản plus;8936039102052;0.00;0.00;0.00;0.00;VIE GROUP HCM;Default Piling Area;Default Shelf;28;10;18;0;0;0.00;0;0.91;19;123500.00;3458000.00;Còn hàng;Chưa chọn danh mục;;;Single SKU;
https://res.bigseller.pro/sku/images/merchantsku/944484/077606_1755687785133.jpg?imageView2/1/w/300/h/300;2092;MEDIPHAR Serum Hydrating B5 30ml;;0.00;0.00;0.00;0.00;VIE GROUP HCM;Default Piling Area;Default Shelf;0;0;0;0;0;0.00;0;0.00;--;253634.92;0.00;Ngừng bán;Chưa chọn danh mục;;;Single SKU;
https://res.bigseller.pro/sku/images/merchantsku/944484/474571_1784700595270.jpg?imageView2/1/w/300/h/300;2091;MEDIPEEL NAITE THREAD Neck Cream Medi Peel 100ml Kem dưỡng da vùng cổ;8809941825688;0.00;0.00;0.00;0.00;VIE GROUP HCM;Default Piling Area;Default Shelf;46;0;46;0;0;0.00;0;1.17;39;190000.00;8740000.00;Còn hàng;Chưa chọn danh mục;;;Single SKU;
https://res.bigseller.pro/sku/images/merchantsku/944484/610614_1754364217226.jpg?imageView2/1/w/300/h/300;2090;MEDIHEAL Toner pad hỗ trợ cải thiện làn da 180ml ( 100 miếng ) - Trắng;;0.00;0.00;0.00;0.00;VIE GROUP HCM;Default Piling Area;Default Shelf;0;0;0;0;0;0.00;0;0.00;--;236643.00;0.00;Còn hàng;Chưa chọn danh mục;;;Single SKU;
https://res.bigseller.pro/sku/images/merchantsku/944484/076016_1754365823355.jpg?imageView2/1/w/300/h/300;2089;MEDIHEAL Son dưỡng Panteno Lips 10ml - Vàng;;0.00;0.00;0.00;0.00;VIE GROUP HCM;Default Piling Area;Default Shelf;0;0;0;0;0;0.00;0;0.00;--;45886.00;0.00;Còn hàng;Chưa chọn danh mục;;;Single SKU;
https://res.bigseller.pro/sku/images/merchantsku/944484/078929_1755552875177.jpg?imageView2/1/w/300/h/300;2088;MEDIHEAL Mặt Nạ Mediheal Essential Mask- Madecassoside;;0.00;0.00;0.00;0.00;VIE GROUP HCM;Default Piling Area;Default Shelf;0;0;0;0;0;0.00;0;0.00;--;16388.69;0.00;Còn hàng;Chưa chọn danh mục;;;Single SKU;
https://res.bigseller.pro/sku/images/merchantsku/944484/680142_1754364216663.jpg?imageView2/1/w/300/h/300;2087;MEDIHEAL Mặt Nạ Mediheal Essential Mask - Watermide mới;;0.00;0.00;0.00;0.00;VIE GROUP HCM;Default Piling Area;Default Shelf;0;0;0;0;0;0.00;0;0.00;--;16437.50;0.00;Còn hàng;Chưa chọn danh mục;;;Single SKU;
https://res.bigseller.pro/sku/images/merchantsku/944484/958002_1754365811796.jpg?imageView2/1/w/300/h/300;2086;MEDIHEAL Mặt Nạ Mediheal Essential Mask - Vita mới;;0.00;0.00;0.00;0.00;VIE GROUP HCM;Default Piling Area;Default Shelf;0;0;0;0;0;0.00;0;0.00;--;16181.03;0.00;Còn hàng;Chưa chọn danh mục;;;Single SKU;
https://res.bigseller.pro/sku/images/merchantsku/944484/466499_1755553510646.jpg?imageView2/1/w/300/h/300;2085;MEDIHEAL Mặt Nạ Mediheal Essential Mask - Placenta mới;;0.00;0.00;0.00;0.00;VIE GROUP HCM;Default Piling Area;Default Shelf;0;0;0;0;0;0.00;0;0.00;--;16437.50;0.00;Còn hàng;Chưa chọn danh mục;;;Single SKU;
https://res.bigseller.pro/sku/images/merchantsku/944484/355085_1754365712350.jpg?imageView2/1/w/300/h/300;2084;MEDIHEAL Mặt Nạ Mediheal Essential Mask - Collagen mới;;0.00;0.00;0.00;0.00;VIE GROUP HCM;Default Piling Area;Default Shelf;0;0;0;0;0;0.00;0;0.00;--;0.00;0.00;Còn hàng;Chưa chọn danh mục;;;Single SKU;
https://res.bigseller.pro/sku/images/merchantsku/944484/236352_1754365723234.jpg?imageView2/1/w/300/h/300;2083;MEDICUBE Toner Zero Pore Pad 2.0 (70 miếng) - Xanh lá;8809517414124;0.00;0.00;0.00;0.00;VIE GROUP HCM;Default Piling Area;Default Shelf;0;0;0;0;0;0.00;0;0.00;--;292500.00;0.00;Còn hàng;Chưa chọn danh mục;;;Single SKU;
https://res.bigseller.pro/sku/images/merchantsku/944484/200078_1754998314153.jpg?imageView2/1/w/300/h/300;2082;MEDICUBE Toner Zero Pore Pad 2.0 (70 miếng) - Xanh dương;8809517412908;0.00;0.00;0.00;0.00;VIE GROUP HCM;Default Piling Area;Default Shelf;0;0;0;0;0;0.00;0;0.00;--;257501.84;0.00;Còn hàng;Chưa chọn danh mục;;;Single SKU;
https://res.bigseller.pro/sku/images/merchantsku/944484/282667_1754366315213.jpg?imageView2/1/w/300/h/300;2081;MEDICUBE Toner Zero Pore Pad 2.0 (70 miếng) - Nâu;8800256109661;0.00;0.00;0.00;0.00;VIE GROUP HCM;Default Piling Area;Default Shelf;0;0;0;0;0;0.00;0;0.00;--;322420.10;0.00;Còn hàng;Chưa chọn danh mục;;;Single SKU;
https://res.bigseller.pro/sku/images/merchantsku/944484/602287_1777465259233.jpg?imageView2/1/w/300/h/300;2080;MEDICUBE kem viên nang Deep Vita C - 55g Nâu;;0.00;0.00;0.00;0.00;VIE GROUP HCM;Default Piling Area;Default Shelf;0;0;0;0;0;0.00;0;0.00;--;357000.00;0.00;Còn hàng;Chưa chọn danh mục;;;Single SKU;
https://res.bigseller.pro/sku/images/merchantsku/944484/390785_1754365621722.jpg?imageView2/1/w/300/h/300;2079;MEDIANSWER Mặt Nạ Thạch Vita Collagen Trắng da, Cải Thiện Nếp Nhăn - 1 miếng;8801013350890;0.00;0.00;0.00;0.00;VIE GROUP HCM;Default Piling Area;Default Shelf;15;0;15;0;0;0.00;0;3.10;4;45265.08;678976.20;Còn hàng;Chưa chọn danh mục;;;Single SKU;
https://res.bigseller.pro/sku/images/merchantsku/944484/462372_1754366306763.jpg?imageView2/1/w/300/h/300;2078;MEDIANSWER Mặt nạ thạch tươi cấp ẩm - Xanh Lẻ 1 mask;8801013351354;0.00;0.00;0.00;0.00;VIE GROUP HCM;Default Piling Area;Default Shelf;1;0;1;0;0;0.00;0;0.00;--;41020.27;41020.27;Còn hàng;Chưa chọn danh mục;;;Single SKU;
https://res.bigseller.pro/sku/images/merchantsku/944484/475114_1754365712483.jpg?imageView2/1/w/300/h/300;2077;MEDIANSWER Mặt nạ thạch tươi cấp ẩm  - Tím Lẻ 1 mask;;0.00;0.00;0.00;0.00;VIE GROUP HCM;Default Piling Area;Default Shelf;7;0;7;0;0;0.00;0;1.70;4;44831.05;313817.35;Còn hàng;Chưa chọn danh mục;;;Single SKU;
https://res.bigseller.pro/sku/images/merchantsku/944484/949516_1754366212615.jpg?imageView2/1/w/300/h/300;2076;MEDIANSWER Mặt nạ thạch tươi cấp ẩm  - CAM Lẻ 1 mask;8801013350463;0.00;0.00;0.00;0.00;VIE GROUP HCM;Default Piling Area;Default Shelf;17;0;17;0;0;0.00;0;0.00;--;49209.94;836568.98;Còn hàng;Chưa chọn danh mục;;;Single SKU;
https://res.bigseller.pro/sku/images/merchantsku/944484/573438_1787503040046.jpg?imageView2/1/w/300/h/300;2075;MEDIAN Kem Đánh Răng Dental IQ Tartar Protection Toothpaste 120g - White;8809585101438;0.00;0.00;0.00;0.00;VIE GROUP HCM;Default Piling Area;Default Shelf;26;0;26;0;0;0.00;0;0.50;52;35261.84;916807.84;Còn hàng;MEDIAN;;;Single SKU;
https://res.bigseller.pro/sku/images/merchantsku/944484/956908_1787503066742.jpg?imageView2/1/w/300/h/300;2074;MEDIAN Kem Đánh Răng Dental IQ Tartar Protection Toothpaste 120g - Red;8809585101421;0.00;0.00;0.00;0.00;VIE GROUP HCM;Default Piling Area;Default Shelf;0;0;0;0;0;0.00;0;0.07;0;35572.46;0.00;Còn hàng;MEDIAN;;;Single SKU;
https://res.bigseller.pro/sku/images/merchantsku/944484/949264_1787503094474.jpg?imageView2/1/w/300/h/300;2073;MEDIAN Kem Đánh Răng Dental IQ Tartar Protection Toothpaste 120g - Mint;8809585101445;0.00;0.00;0.00;0.00;VIE GROUP HCM;Default Piling Area;Default Shelf;14;0;14;0;0;0.00;0;0.07;200;35409.76;495736.64;Còn hàng;MEDIAN;;;Single SKU;
https://res.bigseller.pro/sku/images/merchantsku/944484/043783_1787503121709.jpg?imageView2/1/w/300/h/300;2072;MEDIAN Kem Đánh Răng Dental IQ Tartar Protection Toothpaste 120g - Blue;8806403146473;0.00;0.00;0.00;0.00;VIE GROUP HCM;Default Piling Area;Default Shelf;2;0;2;0;0;0.00;0;0.00;--;34185.95;68371.90;Còn hàng;MEDIAN;;;Single SKU;
https://res.bigseller.pro/sku/images/merchantsku/944484/816613_1754365813644.jpg?imageView2/1/w/300/h/300;2071;MEDI PEEL Kem Glutathione 600 White Cream Dưỡng Trắng Da 50g;;0.00;0.00;0.00;0.00;VIE GROUP HCM;Default Piling Area;Default Shelf;0;0;0;0;0;0.00;0;0.00;--;180366.03;0.00;Còn hàng;Chưa chọn danh mục;;;Single SKU;
https://res.bigseller.pro/sku/images/merchantsku/944484/162275_1779799430023.jpg?imageView2/1/w/300/h/300;2070;MD CARE Serum VitaC-Arbutin Serum - Whitening Advanced Formula 30ml  5.0  16 đánh giá - Cam;;0.00;0.00;0.00;0.00;VIE GROUP HCM;Default Piling Area;Default Shelf;0;0;0;0;0;0.00;0;0.00;--;434500.00;0.00;Còn hàng;Chưa chọn danh mục;;;Single SKU;
https://res.bigseller.pro/sku/images/merchantsku/944484/041930_1754366320453.jpg?imageView2/1/w/300/h/300;2069;MD CARE Serum NMF Prebiotics Serum 30ml - Xanh Mint;;0.00;0.00;0.00;0.00;VIE GROUP HCM;Default Piling Area;Default Shelf;2;0;2;0;0;0.00;0;0.00;--;264000.00;528000.00;Còn hàng;Chưa chọn danh mục;;;Single SKU;
https://res.bigseller.pro/sku/images/merchantsku/944484/932010_1754365916306.jpg?imageView2/1/w/300/h/300;2068;MD CARE Serum Copper Peptide Serum 30ml - Xanh Dương;;0.00;0.00;0.00;0.00;VIE GROUP HCM;Default Piling Area;Default Shelf;0;0;0;0;0;0.00;0;0.00;--;341724.14;0.00;Còn hàng;Chưa chọn danh mục;;;Single SKU;
https://res.bigseller.pro/sku/images/merchantsku/944484/158315_1786345489615.jpg?imageView2/1/w/300/h/300;2067;MAYBELLINE Nước Tẩy Trang New York Eye & Lip Makeup Remover - 150ml;6902395843467;0.00;0.00;0.00;0.00;VIE GROUP HCM;Default Piling Area;Default Shelf;0;0;0;0;0;0.00;0;0.09;0;118934.12;0.00;Còn hàng;Chưa chọn danh mục;;;Single SKU;
https://res.bigseller.pro/sku/images/merchantsku/944484/257264_1754365906595.jpg?imageView2/1/w/300/h/300;2066;MAYBELLINE Kem lót New York Fit Me Matte + Poreless 30ml;;0.00;0.00;0.00;0.00;VIE GROUP HCM;Default Piling Area;Default Shelf;0;0;0;0;0;0.00;0;0.00;--;139500.00;0.00;Còn hàng;Chưa chọn danh mục;;;Single SKU;
https://res.bigseller.pro/sku/images/merchantsku/944484/226981_1755553184628.jpg?imageView2/1/w/300/h/300;2065;MAYBELLINE  Nước tẩy trang mắt môi Make Up Remover Eye & Lip -  LẺ 1 CHAI 40ML;;0.00;0.00;0.00;0.00;VIE GROUP HCM;Default Piling Area;Default Shelf;0;0;0;0;0;0.00;0;5.00;0;22629.53;0.00;Còn hàng;Chưa chọn danh mục;;;Single SKU;
https://res.bigseller.pro/sku/images/merchantsku/944484/637816_1756125788320.jpg?imageView2/1/w/300/h/300;2064;MAYBELLINE  Kem Nền MAYBELLINE Super Stay Lumi Matte Foundation - #110;6902395970033;0.00;0.00;0.00;0.00;VIE GROUP HCM;Default Piling Area;Default Shelf;0;0;0;0;0;0.00;0;0.00;--;190281.44;0.00;Còn hàng;Chưa chọn danh mục;;;Single SKU;
https://res.bigseller.pro/sku/images/merchantsku/944484/193061_1754365629985.jpg?imageView2/1/w/300/h/300;2063;MAYBELLINE Che Khuyết Điểm MAYBELLINE Dạng Bút Cushion 60 ml - #120;;0.00;0.00;0.00;0.00;VIE GROUP HCM;Default Piling Area;Default Shelf;0;0;0;0;0;0.00;0;0.00;--;145687.50;0.00;Còn hàng;Chưa chọn danh mục;;;Single SKU;
https://res.bigseller.pro/sku/images/merchantsku/944484/808255_1785748688758.jpg?imageView2/1/w/300/h/300;2062;MAXCLINIC Tinh Chất Dưỡng Sáng Da Mờ Thâm Maxclinic Vita-10 Vital Ampoule - 100ml;;0.00;0.00;0.00;0.00;VIE GROUP HCM;Default Piling Area;Default Shelf;1;0;1;0;0;0.00;0;0.00;14;257670.85;257670.85;Ngừng bán;Chưa chọn danh mục;;;Single SKU;
https://res.bigseller.pro/sku/images/merchantsku/944484/868235_1755015054483.jpg?imageView2/1/w/300/h/300;2061;MAXCLINIC Kem Dưỡng Time Return Melatonin Cream 50g;;0.00;0.00;0.00;0.00;VIE GROUP HCM;Default Piling Area;Default Shelf;0;0;0;0;0;0.00;0;3.00;0;340189.08;0.00;Ngừng bán;Chưa chọn danh mục;;;Single SKU;
https://res.bigseller.pro/sku/images/merchantsku/944484/751327_1773386094691.jpg?imageView2/1/w/300/h/300;2060;MARVIS Nước Súc Miệng Collutorio Hương Bạc Hà Thơm Mát, Hỗ Trợ Làm Sạch Khoang Miệng Jasmin Mint - 400ml;;0.00;0.00;0.00;0.00;VIE GROUP HCM;Default Piling Area;Default Shelf;2;2;0;0;0;0.00;0;1.31;0;178931.21;357862.42;Còn hàng;Chưa chọn danh mục;;;Single SKU;
https://res.bigseller.pro/sku/images/merchantsku/944484/966197_1754365905990.jpg?imageView2/1/w/300/h/300;2059;MARVIS Kem Đánh Răng Ý 85ml – Whitening Mint (Màu bạc);8004395111718;0.00;0.00;0.00;0.00;VIE GROUP HCM;Default Piling Area;Default Shelf;59;5;54;0;0;0.00;0;6.55;8;144856.38;8546526.42;Còn hàng;Chưa chọn danh mục;;;Single SKU;
https://res.bigseller.pro/sku/images/merchantsku/944484/104801_1754366308295.jpg?imageView2/1/w/300/h/300;2058;MARVIS Kem Đánh Răng Ý 85ml – SmokerWhitening (Màu xám);8004395111817;0.00;0.00;0.00;0.00;VIE GROUP HCM;Default Piling Area;Default Shelf;16;5;11;0;0;0.00;0;1.37;8;145109.73;2321755.68;Còn hàng;Chưa chọn danh mục;;;Single SKU;
https://res.bigseller.pro/sku/images/merchantsku/944484/979534_1754365813276.jpg?imageView2/1/w/300/h/300;2057;MARVIS Kem Đánh Răng Ý 85ml – Ginger Mint (Màu cam);8004395111732;0.00;0.00;0.00;0.00;VIE GROUP HCM;Default Piling Area;Default Shelf;7;0;7;0;0;0.00;0;0.48;14;126446.00;885122.00;Còn hàng;Chưa chọn danh mục;;;Single SKU;
https://res.bigseller.pro/sku/images/merchantsku/944484/057955_1754366213668.jpg?imageView2/1/w/300/h/300;2056;MARVIS Kem Đánh Răng Ý 85ml – Cinnamon Mint (Màu đỏ);8004395111763;0.00;0.00;0.00;0.00;VIE GROUP HCM;Default Piling Area;Default Shelf;0;0;0;0;0;0.00;0;0.00;--;128897.06;0.00;Còn hàng;Chưa chọn danh mục;;;Single SKU;
https://res.bigseller.pro/sku/images/merchantsku/944484/474545_1754365622111.jpg?imageView2/1/w/300/h/300;2055;MARVIS Kem Đánh Răng Ý 85ml – Aquatic Mint (Màu xanh dương);8004395111725;0.00;0.00;0.00;0.00;VIE GROUP HCM;Default Piling Area;Default Shelf;0;0;0;0;0;0.00;0;11.00;0;135888.89;0.00;Còn hàng;Chưa chọn danh mục;;;Single SKU;
https://res.bigseller.pro/sku/images/merchantsku/944484/759865_1754364218518.jpg?imageView2/1/w/300/h/300;2054;MARVIS Kem Đánh Răng Ý 85ml – Amarelli Licorice (Màu đen);;0.00;0.00;0.00;0.00;VIE GROUP HCM;Default Piling Area;Default Shelf;0;0;0;0;0;0.00;0;10.00;0;128897.06;0.00;Còn hàng;Chưa chọn danh mục;;;Single SKU;
https://res.bigseller.pro/sku/images/merchantsku/944484/067615_1754366315855.jpg?imageView2/1/w/300/h/300;2053;MARVIS Kem đánh răng phiên bản Garden Collection 75ml - Dreamy Osmanthus ( Hoa Mộc);;0.00;0.00;0.00;0.00;VIE GROUP HCM;Default Piling Area;Default Shelf;0;0;0;0;0;0.00;0;0.00;--;137971.29;0.00;Còn hàng;Chưa chọn danh mục;;;Single SKU;
https://res.bigseller.pro/sku/images/merchantsku/944484/206879_1749719651554.jpg?imageView2/1/w/300/h/300;2052;MARTIDERM Kem Chống Nắng The Originals Proteos Screen SPF50+ Color Fluid Cream 40ml;8436589052512;0.00;0.00;0.00;0.00;VIE GROUP HCM;Default Piling Area;Default Shelf;6;0;6;0;0;0.00;0;0.13;46;516027.27;3096163.62;Còn hàng;Chưa chọn danh mục;;;Single SKU;
https://res.bigseller.pro/sku/images/merchantsku/944484/643596_1754365912650.jpg?imageView2/1/w/300/h/300;2051;MARTIDERM Mặt nạ dưỡng da The Originals Moisturising Mask 25ml;8437015942636;0.00;0.00;0.00;0.00;VIE GROUP HCM;Default Piling Area;Default Shelf;0;0;0;0;0;0.00;0;0.00;--;29139.17;0.00;Còn hàng;Chưa chọn danh mục;;;Single SKU;
https://res.bigseller.pro/sku/images/merchantsku/944484/176800_1754366213629.jpg?imageView2/1/w/300/h/300;2050;MARTIDERM Kem Chống Nắng The Originals Proteos Screen SPF50+ Fluid Cream 40ml;8437019178062;0.00;0.00;0.00;0.00;VIE GROUP HCM;Default Piling Area;Default Shelf;15;3;12;0;0;0.00;0;1.17;10;481186.39;7217795.85;Còn hàng;Chưa chọn danh mục;;;Single SKU;
https://res.bigseller.pro/sku/images/merchantsku/944484/932028_1754361506378.jpg?imageView2/1/w/300/h/300;2045;MAKE P:REM Kem Chống Nắng Defense Me SPF 50+ PA +++ 50ML - Xanh lá kiềm dầu;;0.00;0.00;0.00;0.00;VIE GROUP HCM;Default Piling Area;Default Shelf;0;0;0;0;0;0.00;0;0.00;--;240979.10;0.00;Còn hàng;Chưa chọn danh mục;;;Single SKU;
https://res.bigseller.pro/sku/images/merchantsku/944484/101198_1754365629003.jpg?imageView2/1/w/300/h/300;2044;MAKE P:REM Kem Chống Nắng Defense Me SPF 50+ PA +++ 50ML - Xanh dương nắp trong;;0.00;0.00;0.00;0.00;VIE GROUP HCM;Default Piling Area;Default Shelf;0;0;0;0;0;0.00;0;0.00;--;243000.00;0.00;Còn hàng;Chưa chọn danh mục;;;Single SKU;
https://res.bigseller.pro/sku/images/merchantsku/944484/642227_1754365820470.jpg?imageView2/1/w/300/h/300;2043;MAKE P:REM Kem Chống Nắng Defense Me SPF 50+ PA +++ 50ML - Hồng tone up;;0.00;0.00;0.00;0.00;VIE GROUP HCM;Default Piling Area;Default Shelf;5;0;5;0;0;0.00;0;0.00;--;0.00;0.00;Còn hàng;Chưa chọn danh mục;;;Single SKU;
https://res.bigseller.pro/sku/images/merchantsku/944484/154372_1754366319789.jpg?imageView2/1/w/300/h/300;2042;LUVUM Mặt nạ thạch Collagen Phyto Gel Mask 33g - #Vita C [XT];8809736650662;0.00;0.00;0.00;0.00;VIE GROUP HCM;Default Piling Area;Default Shelf;0;0;0;0;0;0.00;0;0.00;--;43600.00;0.00;Ngừng bán;Chưa chọn danh mục;;;Single SKU;
https://res.bigseller.pro/sku/images/merchantsku/944484/296662_1755553184634.jpg?imageView2/1/w/300/h/300;2041;LUVUM Mặt nạ thạch Collagen Phyto Gel Mask 33g - #Pore reset[XT];;0.00;0.00;0.00;0.00;VIE GROUP HCM;Default Piling Area;Default Shelf;7;0;7;0;0;0.00;0;0.00;--;43623.33;305363.31;Ngừng bán;Chưa chọn danh mục;;;Single SKU;
https://res.bigseller.pro/sku/images/merchantsku/944484/226842_1754365726696.jpg?imageView2/1/w/300/h/300;2040;LUVUM Mặt nạ thạch Collagen Phyto Gel Mask 33g - #Phyto Collagen [XT];;0.00;0.00;0.00;0.00;VIE GROUP HCM;Default Piling Area;Default Shelf;3;0;3;0;0;0.00;0;0.00;--;44115.00;132345.00;Ngừng bán;Chưa chọn danh mục;;;Single SKU;
https://res.bigseller.pro/sku/images/merchantsku/944484/417624_1754364213772.jpg?imageView2/1/w/300/h/300;2039;LRP Kem Chống Nắng Nâng Tông Kiềm Dầu Anthelios XL SPF 50+ PA++++ 50ml ( Mẫu mới XL);3337875546430;0.00;0.00;0.00;0.00;VIE GROUP HCM;Default Piling Area;Default Shelf;155;3;152;0;0;0.00;0;7.37;20;250346.18;38803657.90;Còn hàng;Chưa chọn danh mục;;;Single SKU;
https://res.bigseller.pro/sku/images/merchantsku/944484/717157_1754365720535.jpg?imageView2/1/w/300/h/300;2031;LRP Tẩy trang Micellar Water Ultra Sensitive Skin - 400ml (Trắng);3337872411595;0.00;0.00;0.00;0.00;VIE GROUP HCM;Default Piling Area;Default Shelf;31;4;27;0;0;0.00;0;8.34;3;307972.84;9547158.04;Còn hàng;Chưa chọn danh mục;;;Single SKU;
https://res.bigseller.pro/sku/images/merchantsku/944484/477666_1754365625525.jpg?imageView2/1/w/300/h/300;2030;LRP Tẩy Trang Effaclar Micellar Water For Oily Skin - 400ml (Xanh);3337872412516;0.00;0.00;0.00;0.00;VIE GROUP HCM;Default Piling Area;Default Shelf;1;0;1;0;0;0.00;0;5.77;0;319762.81;319762.81;Còn hàng;Chưa chọn danh mục;;;Single SKU;
https://res.bigseller.pro/sku/images/merchantsku/944484/224749_1754365625508.jpg?imageView2/1/w/300/h/300;2028;LRP Sữa Rửa Mặt Sữa Tắm Lipikar Syndet AP+ Cream Wash - 200ml;3337875537308;0.00;0.00;0.00;0.00;VIE GROUP HCM;Default Piling Area;Default Shelf;6;2;4;0;0;0.00;30;1.83;2;305539.27;1833235.62;Còn hàng;Chưa chọn danh mục;;;Single SKU;
https://res.bigseller.pro/sku/images/merchantsku/944484/167414_1756125787902.jpg?imageView2/1/w/300/h/300;2027;LRP Sữa rửa mặt Mela B3 Clarifying Micro-Peeling Gel 200ml;3612623962350;0.00;0.00;0.00;0.00;VIE GROUP HCM;Default Piling Area;Default Shelf;7;0;7;0;0;0.00;0;0.60;11;366896.90;2568278.30;Còn hàng;Chưa chọn danh mục;;;Single SKU;
https://res.bigseller.pro/sku/images/merchantsku/944484/579270_1754366214381.jpg?imageView2/1/w/300/h/300;2026;LRP Sữa Rửa Mặt Effaclar Purifying Foaming Gel - 50ml;3337872414961;0.00;0.00;0.00;0.00;VIE GROUP HCM;Default Piling Area;Default Shelf;2347;161;2186;0;0;0.00;0;247.17;8;29076.45;68242428.15;Còn hàng;Chưa chọn danh mục;;;Single SKU;
https://res.bigseller.pro/sku/images/merchantsku/944484/937850_1754365623454.jpg?imageView2/1/w/300/h/300;2025;LRP Sữa Rửa Mặt Effaclar Purifying Foaming Gel - 200ml;3337872411083;0.00;0.00;0.00;0.00;VIE GROUP HCM;Default Piling Area;Default Shelf;109;0;109;0;0;0.00;0;1.60;68;259984.10;28338266.90;Còn hàng;Chưa chọn danh mục;;;Single SKU;
https://res.bigseller.pro/sku/images/merchantsku/944484/840394_1754365814941.jpg?imageView2/1/w/300/h/300;2024;LRP Sữa Rửa Mặt Effaclar Purifying Foaming Gel - 15ml;3337872416460;0.00;0.00;0.00;0.00;VIE GROUP HCM;Default Piling Area;Default Shelf;707;0;707;0;0;0.00;0;5.00;141;10741.50;7594240.50;Còn hàng;Chưa chọn danh mục;;;Single SKU;
https://res.bigseller.pro/sku/images/merchantsku/944484/821917_1754365714089.jpg?imageView2/1/w/300/h/300;2023;LRP Túi Refill Sữa Rửa Mặt Effaclar + M Purifying Foaming Gel - 400ml ( Dạng Túi);3337875876407;0.00;0.00;0.00;0.00;VIE GROUP HCM;Default Piling Area;Default Shelf;0;0;0;0;0;0.00;0;0.00;--;342000.00;0.00;Còn hàng;Chưa chọn danh mục;;;Single SKU;
https://res.bigseller.pro/sku/images/merchantsku/944484/518799_1754366212624.jpg?imageView2/1/w/300/h/300;2022;LRP Sữa Rửa Mặt Effaclar + M Purifying Foaming Gel - 400ml;3337872411991;0.00;0.00;0.00;0.00;VIE GROUP HCM;Default Piling Area;Default Shelf;102;7;95;0;0;0.00;20;1.44;66;347328.30;35427486.60;Còn hàng;Chưa chọn danh mục;;;Single SKU;
https://res.bigseller.pro/sku/images/merchantsku/944484/960720_1754365906422.jpg?imageView2/1/w/300/h/300;2021;LRP Sữa Rửa Mặt & Sữa Tắm Effaclar Micro-Peeling Gel Cleanser - 400mL;3337875708289;0.00;0.00;0.00;0.00;VIE GROUP HCM;Default Piling Area;Default Shelf;5;0;5;0;0;0.00;0;0.67;7;400629.94;2003149.70;Còn hàng;Chưa chọn danh mục;;;Single SKU;
https://res.bigseller.pro/sku/images/merchantsku/944484/036229_1755552876763.jpg?imageView2/1/w/300/h/300;2018;LRP Serum Mela B3 Giúp Giảm Thâm Nám Và Dưỡng Sáng Da 30ml;3337875890021;0.00;0.00;0.00;0.00;VIE GROUP HCM;Default Piling Area;Default Shelf;1;0;1;0;0;0.00;0;0.10;10;780100.00;780100.00;Còn hàng;Chưa chọn danh mục;;;Single SKU;
https://res.bigseller.pro/sku/images/merchantsku/944484/618245_1754366223461.jpg?imageView2/1/w/300/h/300;2017;LRP Serum Mela B3 Giúp Giảm Thâm Nám Và Dưỡng Sáng Da - 10ml;;0.00;0.00;0.00;0.00;VIE GROUP HCM;Default Piling Area;Default Shelf;0;0;0;0;0;0.00;0;0.00;--;160000.00;0.00;Còn hàng;Chưa chọn danh mục;;;Single SKU;
https://res.bigseller.pro/sku/images/merchantsku/944484/092339_1754365623759.jpg?imageView2/1/w/300/h/300;2016;LRP Serum EFFACLAR ULTRA CONCENTRATED 30ML;3337875722827;0.00;0.00;0.00;0.00;VIE GROUP HCM;Default Piling Area;Default Shelf;2;0;2;0;0;0.00;0;0.00;--;635500.00;1271000.00;Còn hàng;Chưa chọn danh mục;;;Single SKU;
https://res.bigseller.pro/sku/images/merchantsku/944484/118402_1754364221141.jpg?imageView2/1/w/300/h/300;2015;LRP SERUM B5 HYALU CONCENTRE - 30ml;3337875583626;0.00;0.00;0.00;0.00;VIE GROUP HCM;Default Piling Area;Default Shelf;5;0;5;0;0;0.00;0;0.00;--;895100.00;4475500.00;Còn hàng;Chưa chọn danh mục;;;Single SKU;
https://res.bigseller.pro/sku/images/merchantsku/944484/889245_1782466792795.jpg?imageView2/1/w/300/h/300;2014;LRP SERUM B5 HYALU CONCENTRE - 10ml;30165021;0.00;0.00;0.00;0.00;VIE GROUP HCM;Default Piling Area;Default Shelf;928;8;920;0;0;0.00;0;18.60;49;70922.49;65816070.72;Còn hàng;Chưa chọn danh mục;;;Single SKU;
https://res.bigseller.pro/sku/images/merchantsku/944484/699346_1754364220823.jpg?imageView2/1/w/300/h/300;2012;LRP Kem Dưỡng Lipikar Baume AP+M - 75ml;3337875696586;0.00;0.00;0.00;0.00;VIE GROUP HCM;Default Piling Area;Default Shelf;2;0;2;0;0;0.00;30;1.00;2;198054.23;396108.46;Còn hàng;Chưa chọn danh mục;;;Single SKU;
https://res.bigseller.pro/sku/images/merchantsku/944484/543265_1755015056370.jpg?imageView2/1/w/300/h/300;2011;LRP Kem Dưỡng Lipikar Baume AP+M - 200ml;3337875763790;0.00;0.00;0.00;0.00;VIE GROUP HCM;Default Piling Area;Default Shelf;5;2;3;0;0;0.00;30;1.64;1;436897.04;2184485.20;Còn hàng;Chưa chọn danh mục;;;Single SKU;
https://res.bigseller.pro/sku/images/merchantsku/944484/475297_1754364214677.jpg?imageView2/1/w/300/h/300;2010;LRP Kem Dưỡng Effaclar H Iso Biome Cream Giúp Giảm Mụn Trong Quá Trình Da Khô 40ml;3337875777797;0.00;0.00;0.00;0.00;VIE GROUP HCM;Default Piling Area;Default Shelf;4;0;4;0;0;0.00;0;0.50;8;298800.00;1195200.00;Còn hàng;Chưa chọn danh mục;;;Single SKU;
https://res.bigseller.pro/sku/images/merchantsku/944484/513582_1754366308906.jpg?imageView2/1/w/300/h/300;2009;LRP Kem Dưỡng Effaclar Duo+ M - 7.5ml;3337875878807;0.00;0.00;0.00;0.00;VIE GROUP HCM;Default Piling Area;Default Shelf;30;0;30;0;0;0.00;15;0.00;--;73183.23;2195496.90;Còn hàng;Chưa chọn danh mục;;;Single SKU;
https://res.bigseller.pro/sku/images/merchantsku/944484/556550_1754366312298.jpg?imageView2/1/w/300/h/300;2007;LRP Kem dưỡng Cicaplast Gel B5 Epidermal Recovery Accelerator 40ml;3337875586269;0.00;0.00;0.00;0.00;VIE GROUP HCM;Default Piling Area;Default Shelf;0;0;0;0;0;0.00;0;0.00;--;290004.71;0.00;Còn hàng;Chưa chọn danh mục;;;Single SKU;
https://res.bigseller.pro/sku/images/merchantsku/944484/497540_1754365720522.jpg?imageView2/1/w/300/h/300;2005;LRP Kem Dưỡng Cicaplast Baume B5+ Soothing Repairing Balm - 40ML;3337875816809;0.00;0.00;0.00;0.00;VIE GROUP HCM;Default Piling Area;Default Shelf;561;5;556;0;0;0.00;50;2.87;193;238153.54;133604135.94;Còn hàng;Chưa chọn danh mục;;;Single SKU;
https://res.bigseller.pro/sku/images/merchantsku/944484/123752_1754365625495.jpg?imageView2/1/w/300/h/300;2000;LRP Kem Chống Nắng Uvidea Anthelios Tone-Up Rosy SPF50+ PA++++ UVB + UVA 30ml;3337875913188;0.00;0.00;0.00;0.00;VIE GROUP HCM;Default Piling Area;Default Shelf;3;0;3;0;0;0.00;0;0.10;30;461939.29;1385817.87;Còn hàng;Chưa chọn danh mục;;;Single SKU;
https://res.bigseller.pro/sku/images/merchantsku/944484/767755_1754361503267.jpg?imageView2/1/w/300/h/300;1999;LRP Kem Chống Nắng Anthelios UVMUNE400 Oil Control Gel-Cream SPF50+ PA++++ - 50ml (MẪU MỚI);;0.00;0.00;0.00;0.00;VIE GROUP HCM;Default Piling Area;Default Shelf;0;0;0;0;0;0.00;0;0.00;--;160000.00;0.00;Ngừng bán;Chưa chọn danh mục;;;Single SKU;
https://res.bigseller.pro/sku/images/merchantsku/944484/056003_1754365912781.jpg?imageView2/1/w/300/h/300;1997;LRP Kem Chống Nắng Anthelios UVMUNE400 FLUIDE OIL CONTROL SPF50+ - 50ml (VẠCH XANH);3337875847292330;0.00;0.00;0.00;0.00;VIE GROUP HCM;Default Piling Area;Default Shelf;0;0;0;0;0;0.00;0;0.00;--;195262.01;0.00;Còn hàng;Chưa chọn danh mục;;;Single SKU;
https://res.bigseller.pro/sku/images/merchantsku/944484/966797_1754365909702.jpg?imageView2/1/w/300/h/300;1996;LRP Kem Chống Nắng Anthelios UVMUNE400 FLUIDE OIL CONTROL SPF50+ - 15ml (VẠCH XANH);3337875847063;0.00;0.00;0.00;0.00;VIE GROUP HCM;Default Piling Area;Default Shelf;0;0;0;0;0;0.00;0;0.00;--;38840.62;0.00;Còn hàng;Chưa chọn danh mục;;;Single SKU;
https://res.bigseller.pro/sku/images/merchantsku/944484/815608_1754366217683.jpg?imageView2/1/w/300/h/300;1993;LRP Dưỡng Môi Cicaplast Levres Barrier Repairing Balm Lips 7.5ml;30106659;0.00;0.00;0.00;0.00;VIE GROUP HCM;Default Piling Area;Default Shelf;8;0;8;0;0;0.00;0;0.07;114;226305.00;1810440.00;Còn hàng;Chưa chọn danh mục;;;Single SKU;
https://res.bigseller.pro/sku/images/merchantsku/944484/717461_1786956431166.jpg?imageView2/1/w/300/h/300;1991;LRP Serum Chống Nắng Siêu Mỏng Nhẹ Anthelios UVAir SPF50+ PA++++ - 50ml;;0.00;0.00;0.00;0.00;VIE GROUP HCM;Default Piling Area;Default Shelf;12;0;12;0;0;0.00;0;0.03;400;345692.67;4148312.04;Còn hàng;Chưa chọn danh mục;;;Single SKU;
https://res.bigseller.pro/sku/images/merchantsku/944484/097181_1775182016901.jpg?imageView2/1/w/300/h/300;1990;LRP  Serum Chống Nắng La Roche-Posay Anthelios UVAir SPF50+ PA++++ - 15ML;;0.00;0.00;0.00;0.00;VIE GROUP HCM;Default Piling Area;Default Shelf;0;0;0;0;0;0.00;0;0.00;--;60904.76;0.00;Còn hàng;Chưa chọn danh mục;;;Single SKU;
https://res.bigseller.pro/sku/images/merchantsku/944484/208033_1755687784968.jpg?imageView2/1/w/300/h/300;1989;LOREAL Dầu Xả Elseve Full Resist Anti Hair Fall - 440ml;;0.00;0.00;0.00;0.00;VIE GROUP HCM;Default Piling Area;Default Shelf;0;0;0;0;0;0.00;0;0.00;--;174525.78;0.00;Còn hàng;LOREAL;;;Single SKU;
https://res.bigseller.pro/sku/images/merchantsku/944484/634184_1754998487827.jpg?imageView2/1/w/300/h/300;1988;LOREAL Dầu Gội Elseve Full Resist Anti Hair Fall - 440ml;;0.00;0.00;0.00;0.00;VIE GROUP HCM;Default Piling Area;Default Shelf;0;0;0;0;0;0.00;0;0.00;--;174471.59;0.00;Còn hàng;LOREAL;;;Single SKU;
https://res.bigseller.pro/sku/images/merchantsku/944484/438757_1755553284995.jpg?imageView2/1/w/300/h/300;1987;LOREAL Dầu Dưỡng Tóc Elseve Extraordinary Oil 30ml;8935274645645;0.00;0.00;0.00;0.00;VIE GROUP HCM;Default Piling Area;Default Shelf;0;0;0;0;0;0.00;0;31.60;0;30370.37;0.00;Còn hàng;LOREAL;;;Single SKU;
https://res.bigseller.pro/sku/images/merchantsku/944484/630035_1754998317291.jpg?imageView2/1/w/300/h/300;1986;LOREAL [Travelsize 5.5ml] Sữa Chống Nắng L’Oréal Paris UV Invisible Resist SPF 50+ PA++++ Phổ Rộng Vô Hình Thoáng Da, Kháng Mọi Tác Động 5.5ml;;0.00;0.00;0.00;0.00;VIE GROUP HCM;Default Piling Area;Default Shelf;0;0;0;0;0;0.00;0;0.00;--;8556.97;0.00;Còn hàng;LOREAL;;;Single SKU;
https://res.bigseller.pro/sku/images/merchantsku/944484/233386_1761893519704.jpg?imageView2/1/w/300/h/300;1985;LOREAL Sữa Chống Nắng L’oréal Paris Giảm Đốm Nâu Glyco Dark Spot Uv Spf50  - 50ml;;0.00;0.00;0.00;0.00;VIE GROUP HCM;Default Piling Area;Default Shelf;0;0;0;0;0;0.00;0;0.00;--;245405.41;0.00;Còn hàng;LOREAL;;;Single SKU;
https://res.bigseller.pro/sku/images/merchantsku/944484/592170_1757141829926.jpg?imageView2/1/w/300/h/300;1984;Loreal Serum Hyaluronic Acid Cấp Ẩm Sáng Da 30ml;;0.00;0.00;0.00;0.00;VIE GROUP HCM;Default Piling Area;Default Shelf;0;0;0;0;0;0.00;0;0.00;--;299589.03;0.00;Còn hàng;LOREAL;;;Single SKU;
https://res.bigseller.pro/sku/images/merchantsku/944484/358879_1757141731069.jpg?imageView2/1/w/300/h/300;1983;Loreal Serum Glycolic Bright Melasyl 8% [Melasyl+Glycolic+Niacinamide] 30ml;;0.00;0.00;0.00;0.00;VIE GROUP HCM;Default Piling Area;Default Shelf;0;0;0;0;0;0.00;0;0.00;--;279647.96;0.00;Còn hàng;LOREAL;;;Single SKU;
https://res.bigseller.pro/sku/images/merchantsku/944484/482593_1754366213712.jpg?imageView2/1/w/300/h/300;1982;LOREAL Nước Tẩy Trang Revitalift Hyaluronic Acid Hydrating Micellar Water [Tím] - 95ml;6923700987751;0.00;0.00;0.00;0.00;VIE GROUP HCM;Default Piling Area;Default Shelf;0;0;0;0;0;0.00;0;12.86;0;15098.93;0.00;Còn hàng;LOREAL;;;Single SKU;
https://res.bigseller.pro/sku/images/merchantsku/944484/329036_1754365623460.jpg?imageView2/1/w/300/h/300;1981;LOREAL Nước Tẩy Trang Revitalift Hyaluronic Acid Hydrating Micellar Water [Tím] - 400ml;6923700987782;0.00;0.00;0.00;0.00;VIE GROUP HCM;Default Piling Area;Default Shelf;7;0;7;0;0;0.00;0;0.00;--;164897.61;1154283.27;Còn hàng;LOREAL;;;Single SKU;
https://res.bigseller.pro/sku/images/merchantsku/944484/702311_1788144582501.jpg?imageView2/1/w/300/h/300;1980;LOREAL Nước Tẩy Trang Revitalift Crystal Purifying Micellar Water [Xám] - 95ml;8935274642606;0.00;0.00;0.00;0.00;VIE GROUP HCM;Default Piling Area;Default Shelf;0;0;0;0;0;0.00;0;7.82;0;15187.77;0.00;Còn hàng;LOREAL;;;Single SKU;
https://res.bigseller.pro/sku/images/merchantsku/944484/184781_1755687785931.jpg?imageView2/1/w/300/h/300;1979;LOREAL Nước Tẩy Trang Revitalift Crystal Purifying Micellar Water [Xám] - 400ml;6923700981476;0.00;0.00;0.00;0.00;VIE GROUP HCM;Default Piling Area;Default Shelf;0;0;0;0;0;0.00;0;0.50;0;166347.83;0.00;Còn hàng;LOREAL;;;Single SKU;
https://res.bigseller.pro/sku/images/merchantsku/944484/526509_1754365716234.jpg?imageView2/1/w/300/h/300;1978;LOREAL Nước tẩy trang 3-in-1 Micellar Water 400ml - Xanh nhạt;692882030226;0.00;0.00;0.00;0.00;VIE GROUP HCM;Default Piling Area;Default Shelf;16;0;16;0;0;0.00;0;0.67;23;127879.76;2046076.16;Còn hàng;LOREAL;;;Single SKU;
https://res.bigseller.pro/sku/images/merchantsku/944484/758022_1754366215499.jpg?imageView2/1/w/300/h/300;1977;LOREAL Nước tẩy trang 3-in-1 Micellar Water 400ml - Xanh đậm;6902395498919;0.00;0.00;0.00;0.00;VIE GROUP HCM;Default Piling Area;Default Shelf;0;0;0;0;0;0.00;0;0.75;0;159181.82;0.00;Còn hàng;LOREAL;;;Single SKU;
https://res.bigseller.pro/sku/images/merchantsku/944484/482200_1754365623503.jpg?imageView2/1/w/300/h/300;1976;LOREAL Nước tẩy trang 3-in-1 Micellar Water 400ml - Hồng;6928820030240;0.00;0.00;0.00;0.00;VIE GROUP HCM;Default Piling Area;Default Shelf;21;0;21;0;0;0.00;0;0.40;52;127517.50;2677867.50;Còn hàng;LOREAL;;;Single SKU;
https://res.bigseller.pro/sku/images/merchantsku/944484/597403_1784777676082.jpg?imageView2/1/w/300/h/300;1975;LOREAL Kem Ủ Tóc Hair Spa Deep Nourishing Creambath – 500ml;;0.00;0.00;0.00;0.00;VIE GROUP HCM;Default Piling Area;Default Shelf;0;0;0;0;0;0.00;0;0.00;--;251406.25;0.00;Còn hàng;LOREAL;;;Single SKU;
https://res.bigseller.pro/sku/images/merchantsku/944484/052753_1765764174865.jpg?imageView2/1/w/300/h/300;1974;LOREAL Kem Dưỡng L'Oreal Glycolic-Bright Glowing Cream Day SPF 30 Ban Ngày - 15ml;;0.00;0.00;0.00;0.00;VIE GROUP HCM;Default Piling Area;Default Shelf;0;0;0;0;0;0.00;0;0.00;--;35156.86;0.00;Còn hàng;LOREAL;;;Single SKU;
https://res.bigseller.pro/sku/images/merchantsku/944484/589088_1762237438674.jpg?imageView2/1/w/300/h/300;1973;LOREAL Kem Dưỡng Glycolic-Bright Glowing Cream Night -  TRẮNG MINISIZE 15ML;;0.00;0.00;0.00;0.00;VIE GROUP HCM;Default Piling Area;Default Shelf;0;0;0;0;0;0.00;0;0.00;--;35541.78;0.00;Còn hàng;LOREAL;;;Single SKU;
https://res.bigseller.pro/sku/images/merchantsku/944484/491935_1754365907927.jpg?imageView2/1/w/300/h/300;1972;LOREAL Kem Chống Nắng X20 UV Defender Serum Invisible Fluid SPF+ 50++++ 50ml;8994993018086;0.00;0.00;0.00;0.00;VIE GROUP HCM;Default Piling Area;Default Shelf;0;0;0;0;0;0.00;0;0.00;--;239635.79;0.00;Còn hàng;LOREAL;;;Single SKU;
https://res.bigseller.pro/sku/images/merchantsku/944484/510003_1756449657797.jpg?imageView2/1/w/300/h/300;1971;LOREAL Dưỡng chất Peel sáng da làm sạch tế bào  PARIS 15% GLYCOLIC-BRIGHT ANTI- 25ML;;0.00;0.00;0.00;0.00;VIE GROUP HCM;Default Piling Area;Default Shelf;0;0;0;0;0;0.00;0;0.00;--;326478.00;0.00;Còn hàng;LOREAL;;;Single SKU;
https://res.bigseller.pro/sku/images/merchantsku/944484/517876_1760088265737.jpg?imageView2/1/w/300/h/300;1970;LOREAL Dầu Xã L'Oreal Extraordinary Oil Smooth Conditioner Dưỡng Tóc Suôn Mượt Tóc Cao Cấp 440ml;;0.00;0.00;0.00;0.00;VIE GROUP HCM;Default Piling Area;Default Shelf;0;0;0;0;0;0.00;0;0.00;--;99592.46;0.00;Còn hàng;LOREAL;;;Single SKU;
https://res.bigseller.pro/sku/images/merchantsku/944484/764360_1756173241243.jpg?imageView2/1/w/300/h/300;1969;LOREAL Dầu Gội L'Oreal Extraordinary Oil Smooth Shampoo Dưỡng Tóc Suôn Mượt Tóc Cao Cấp 440ml;;0.00;0.00;0.00;0.00;VIE GROUP HCM;Default Piling Area;Default Shelf;0;0;0;0;0;0.00;0;0.00;--;175474.45;0.00;Còn hàng;LOREAL;;;Single SKU;
https://res.bigseller.pro/sku/images/merchantsku/944484/206797_1782887385165.jpg?imageView2/1/w/300/h/300;1968;LOREAL Dầu Dưỡng Tóc L'Oreal Tinh Dầu Hoa Tự Nhiên - 100ml VÀNG;;0.00;0.00;0.00;0.00;VIE GROUP HCM;Default Piling Area;Default Shelf;0;0;0;0;0;0.00;0;0.00;--;167200.00;0.00;Còn hàng;LOREAL;;;Single SKU;
https://res.bigseller.pro/sku/images/merchantsku/944484/504294_1754365620289.jpg?imageView2/1/w/300/h/300;1967;LISTERINE Xịt Thơm Miệng Cool Mint Pocketmist Hương Bạc Hà Thơm Mát 7.7ml;9300607091236;0.00;0.00;0.00;0.00;VIE GROUP HCM;Default Piling Area;Default Shelf;0;0;0;0;0;0.00;0;0.00;--;85640.00;0.00;Còn hàng;LISTERINE;;;Single SKU;
https://res.bigseller.pro/sku/images/merchantsku/944484/019844_1754366315318.jpg?imageView2/1/w/300/h/300;1965;LISTERINE Nước Súc Miệng Total Care Sensitive - 250ML;8850007816621;0.00;0.00;0.00;0.00;VIE GROUP HCM;Default Piling Area;Default Shelf;46;0;46;0;0;0.00;0;0.00;--;54327.00;2499042.00;Còn hàng;LISTERINE;;;Single SKU;
https://res.bigseller.pro/sku/images/merchantsku/944484/124566_1768418181307.jpg?imageView2/1/w/300/h/300;1964;LISTERINE Nước Súc Miệng Total Care Mouthwash ZERO ALCOHOL - 250ML;;0.00;0.00;0.00;0.00;VIE GROUP HCM;Default Piling Area;Default Shelf;1;0;1;0;0;0.00;0;2.00;--;24000.00;24000.00;Ngừng bán;LISTERINE;;;Single SKU;
https://res.bigseller.pro/sku/images/merchantsku/944484/534843_1754365723059.jpg?imageView2/1/w/300/h/300;1963;LISTERINE Nước Súc Miệng Total Care Mouthwash - 750ML;4801010217404;0.00;0.00;0.00;0.00;VIE GROUP HCM;Default Piling Area;Default Shelf;0;0;0;0;0;0.00;0;0.00;--;144935.00;0.00;Ngừng bán;LISTERINE;;;Single SKU;
https://res.bigseller.pro/sku/images/merchantsku/944484/839712_1754366220064.jpg?imageView2/1/w/300/h/300;1962;LISTERINE Nước Súc Miệng Total Care Mouthwash - 250ML;8850007812173;0.00;0.00;0.00;0.00;VIE GROUP HCM;Default Piling Area;Default Shelf;3;0;3;0;0;0.00;0;0.07;42;48769.60;146308.80;Còn hàng;LISTERINE;;;Single SKU;
https://res.bigseller.pro/sku/images/merchantsku/944484/668354_1754364216693.jpg?imageView2/1/w/300/h/300;1961;LISTERINE Nước súc miệng Tartar Protection - 750ml;8850007811695;0.00;0.00;0.00;0.00;VIE GROUP HCM;Default Piling Area;Default Shelf;0;0;0;0;0;0.00;0;0.00;--;128601.00;0.00;Ngừng bán;LISTERINE;;;Single SKU;
https://res.bigseller.pro/sku/images/merchantsku/944484/362501_1754366222203.jpg?imageView2/1/w/300/h/300;1960;LISTERINE Nước súc miệng Tartar Protection - 500ml;;0.00;0.00;0.00;0.00;VIE GROUP HCM;Default Piling Area;Default Shelf;7;0;7;0;0;0.00;0;0.00;--;108459.00;759213.00;Còn hàng;LISTERINE;;;Single SKU;
https://res.bigseller.pro/sku/images/merchantsku/944484/866662_1754998313942.jpg?imageView2/1/w/300/h/300;1959;LISTERINE Nước súc miệng Kids Mouthwash 250ml;6132325;0.00;0.00;0.00;0.00;VIE GROUP HCM;Default Piling Area;Default Shelf;24;24;0;0;0;0.00;0;24.00;0;47628.00;1143072.00;Còn hàng;LISTERINE;;;Single SKU;
https://res.bigseller.pro/sku/images/merchantsku/944484/662149_1754365912313.jpg?imageView2/1/w/300/h/300;1958;LISTERINE Nước súc miệng Green Tea Zero - 750ml;6132307;0.00;0.00;0.00;0.00;VIE GROUP HCM;Default Piling Area;Default Shelf;39;0;39;0;0;0.00;0;0.00;--;112108.00;4372212.00;Còn hàng;LISTERINE;;;Single SKU;
https://res.bigseller.pro/sku/images/merchantsku/944484/362059_1754365625493.jpg?imageView2/1/w/300/h/300;1957;LISTERINE Nước súc miệng Green Tea Zero - 250ml;8850007812562;0.00;0.00;0.00;0.00;VIE GROUP HCM;Default Piling Area;Default Shelf;0;0;0;0;0;0.00;0;0.00;--;48208.57;0.00;Ngừng bán;LISTERINE;;;Single SKU;
https://res.bigseller.pro/sku/images/merchantsku/944484/491732_1754365816950.jpg?imageView2/1/w/300/h/300;1956;LISTERINE Nước súc miệng Cool Mint Zero - 750ml;8850007813149;0.00;0.00;0.00;0.00;VIE GROUP HCM;Default Piling Area;Default Shelf;22;0;22;0;0;0.00;0;0.80;27;140200.00;3084400.00;Còn hàng;LISTERINE;;;Single SKU;
https://res.bigseller.pro/sku/images/merchantsku/944484/718995_1755015213298.jpg?imageView2/1/w/300/h/300;1955;LISTERINE Nước súc miệng Cool Mint - 750ml;8850007811251;0.00;0.00;0.00;0.00;VIE GROUP HCM;Default Piling Area;Default Shelf;12;12;0;0;0;0.00;0;12.00;0;75109.10;901309.20;Ngừng bán;LISTERINE;;;Single SKU;
https://res.bigseller.pro/sku/images/merchantsku/944484/842475_1754998314212.jpg?imageView2/1/w/300/h/300;1954;LISTERINE Nước súc miệng Cool Mint - 250ml;8850007813040;0.00;0.00;0.00;0.00;VIE GROUP HCM;Default Piling Area;Default Shelf;36;0;36;0;0;0.00;0;2.93;12;33757.15;1215257.40;Còn hàng;LISTERINE;;;Single SKU;
https://res.bigseller.pro/sku/images/merchantsku/944484/395797_1754366315697.jpg?imageView2/1/w/300/h/300;1953;LISTERIN Nước Súc Miệng Healthy Bright Mouthwash - 750ml;;0.00;0.00;0.00;0.00;VIE GROUP HCM;Default Piling Area;Default Shelf;0;0;0;0;0;0.00;0;0.00;--;100000.00;0.00;Ngừng bán;LISTERINE;;;Single SKU;
https://res.bigseller.pro/sku/images/merchantsku/944484/392205_1754365720571.jpg?imageView2/1/w/300/h/300;1952;LET'S SLIM Găng tay chống nắng AQUA X túi zip loại cao cấp - TRẮNG [XT];;0.00;0.00;0.00;0.00;VIE GROUP HCM;Default Piling Area;Default Shelf;56;0;56;0;0;0.00;0;0.03;1866;6000.00;336000.00;Còn hàng;Chưa chọn danh mục;;;Single SKU;
https://res.bigseller.pro/sku/images/merchantsku/944484/301035_1754365910397.jpg?imageView2/1/w/300/h/300;1951;LET'S SLIM Găng tay chống nắng - TRẮNG [XT];;0.00;0.00;0.00;0.00;VIE GROUP HCM;Default Piling Area;Default Shelf;41;0;41;0;0;0.00;0;0.00;--;7000.00;287000.00;Còn hàng;Chưa chọn danh mục;;;Single SKU;
https://res.bigseller.pro/sku/images/merchantsku/944484/962508_1754364214086.jpg?imageView2/1/w/300/h/300;1950;LANEIGE Mặt nạ môi Lip Sleeping Mask EX - BERRY 8g;8809685797340;0.00;0.00;0.00;0.00;VIE GROUP HCM;Default Piling Area;Default Shelf;3;0;3;0;0;0.00;0;0.00;--;140000.00;420000.00;Còn hàng;Chưa chọn danh mục;;;Single SKU;
;1949;LANEIGE Mặt nạ ngủ Laneihe Bouncy & Firm - 10ml;;0.00;0.00;0.00;0.00;VIE GROUP HCM;Default Piling Area;Default Shelf;7;0;7;0;0;0.00;0;0.00;--;36093.75;252656.25;Còn hàng;Chưa chọn danh mục;;;Single SKU;
https://res.bigseller.pro/sku/images/merchantsku/944484/215943_1767873596780.jpg?imageView2/1/w/300/h/300;1948;LANEIGE Mặt Nạ Ngủ Cho Làn Da Căng Mọng Nước 15ML -Xanh Dương [XT];;0.00;0.00;0.00;0.00;VIE GROUP HCM;Default Piling Area;Default Shelf;0;0;0;0;0;0.00;0;0.00;--;0.00;0.00;Ngừng bán;Chưa chọn danh mục;;;Single SKU;
https://res.bigseller.pro/sku/images/merchantsku/944484/692084_1754365907716.jpg?imageView2/1/w/300/h/300;1947;LANEIGE Mặt nạ môi Lip Sleeping Mask Mini 3g;8809685755906;0.00;0.00;0.00;0.00;VIE GROUP HCM;Default Piling Area;Default Shelf;1;0;1;0;0;0.00;0;73.07;0;39649.20;39649.20;Còn hàng;Chưa chọn danh mục;;;Single SKU;
https://res.bigseller.pro/sku/images/merchantsku/944484/158005_1754365911695.jpg?imageView2/1/w/300/h/300;1946;LANEIGE Mặt nạ môi Lip Sleeping Mask Mini 15g – Xanh [XT];;0.00;0.00;0.00;0.00;VIE GROUP HCM;Default Piling Area;Default Shelf;0;0;0;0;0;0.00;0;0.00;--;35000.00;0.00;Ngừng bán;Chưa chọn danh mục;;;Single SKU;
https://res.bigseller.pro/sku/images/merchantsku/944484/632236_1754365820225.jpg?imageView2/1/w/300/h/300;1945;LANEIGE Mặt nạ môi Lip Sleeping Mask EX 20g;;0.00;0.00;0.00;0.00;VIE GROUP HCM;Default Piling Area;Default Shelf;0;0;0;0;0;0.00;0;77.43;0;180110.82;0.00;Còn hàng;Chưa chọn danh mục;;;Single SKU;
https://res.bigseller.pro/sku/images/merchantsku/944484/161515_1754366315262.jpg?imageView2/1/w/300/h/300;1944;LAMER Bông Tẩy Trang – 201 Miếng;;0.00;0.00;0.00;0.00;VIE GROUP HCM;Default Piling Area;Default Shelf;0;0;0;0;0;0.00;0;0.00;--;40200.00;0.00;Ngừng bán;Chưa chọn danh mục;;;Single SKU;
https://res.bigseller.pro/sku/images/merchantsku/944484/321755_1754366310173.jpg?imageView2/1/w/300/h/300;1943;LAMEILA Bông tẩy trang 222 miếng - Vàng FM;8935286982;0.00;0.00;0.00;0.00;VIE GROUP HCM;Default Piling Area;Default Shelf;5851;6;5845;0;0;0.00;0;133.77;43;11700.02;68456817.02;Còn hàng;Chưa chọn danh mục;;;Single SKU;
https://res.bigseller.pro/sku/images/merchantsku/944484/827916_1755553018452.jpg?imageView2/1/w/300/h/300;1942;LACTACYD Sữa Tắm Gội Cho Bé Baby Active Play - 500ml;8936123411411;0.00;0.00;0.00;0.00;VIE GROUP HCM;Default Piling Area;Default Shelf;4;0;4;0;0;0.00;0;0.00;--;166570.00;666280.00;Còn hàng;LACTACYD;;;Single SKU;
https://res.bigseller.pro/sku/images/merchantsku/944484/341297_1754365904182.jpg?imageView2/1/w/300/h/300;1941;LACTACYD Sữa Tắm Gội Cho Bé Baby Active Play - 250ml;8936123411404;0.00;0.00;0.00;0.00;VIE GROUP HCM;Default Piling Area;Default Shelf;5;3;2;0;0;0.00;0;0.10;20;92692.00;463460.00;Còn hàng;LACTACYD;;;Single SKU;
https://res.bigseller.pro/sku/images/merchantsku/944484/236145_1754365726184.jpg?imageView2/1/w/300/h/300;1940;LACTACYD Sữa tắm gội Baby Gentle Care – 60ml;890562;0.00;0.00;0.00;0.00;VIE GROUP HCM;Default Piling Area;Default Shelf;0;0;0;0;0;0.00;0;0.00;--;7000.00;0.00;Còn hàng;LACTACYD;;;Single SKU;
https://res.bigseller.pro/sku/images/merchantsku/944484/320441_1754365904104.jpg?imageView2/1/w/300/h/300;1939;LACTACYD Sữa tắm gội Baby Gentle Care – 500ml;8936123411107;0.00;0.00;0.00;0.00;VIE GROUP HCM;Default Piling Area;Default Shelf;8;0;8;0;0;0.00;0;0.00;--;153272.00;1226176.00;Còn hàng;LACTACYD;;;Single SKU;
https://res.bigseller.pro/sku/images/merchantsku/944484/303922_1754366308458.jpg?imageView2/1/w/300/h/300;1938;LACTACYD Sữa tắm gội Baby Gentle Care – 250ml;;0.00;0.00;0.00;0.00;VIE GROUP HCM;Default Piling Area;Default Shelf;3;3;0;0;0;0.00;0;0.30;0;85664.00;256992.00;Còn hàng;LACTACYD;;;Single SKU;
https://res.bigseller.pro/sku/images/merchantsku/944484/081954_1754366319795.jpg?imageView2/1/w/300/h/300;1937;LACTACYD Sữa tắm gội Baby Extra Milky – 60ml;;0.00;0.00;0.00;0.00;VIE GROUP HCM;Default Piling Area;Default Shelf;0;0;0;0;0;0.00;0;0.00;--;7000.00;0.00;Còn hàng;LACTACYD;;;Single SKU;
https://res.bigseller.pro/sku/images/merchantsku/944484/720608_1754365819855.jpg?imageView2/1/w/300/h/300;1936;LACTACYD Sữa tắm gội Baby Extra Milky – 250ml;;0.00;0.00;0.00;0.00;VIE GROUP HCM;Default Piling Area;Default Shelf;14;3;11;0;0;0.00;0;0.10;110;84300.00;1180200.00;Còn hàng;LACTACYD;;;Single SKU;
https://res.bigseller.pro/sku/images/merchantsku/944484/177763_1754366215910.jpg?imageView2/1/w/300/h/300;1935;LACTACYD DDVS Soft & Silky Tím - 250ml;8936123410070;0.00;0.00;0.00;0.00;VIE GROUP HCM;Default Piling Area;Default Shelf;0;0;0;0;0;0.00;0;3.00;0;63355.00;0.00;Còn hàng;LACTACYD;;;Single SKU;
https://res.bigseller.pro/sku/images/merchantsku/944484/798560_1754365623815.jpg?imageView2/1/w/300/h/300;1934;LACTACYD DDVS Soft & Silky Tím - 150ml;8936123410063;0.00;0.00;0.00;0.00;VIE GROUP HCM;Default Piling Area;Default Shelf;2;0;2;0;0;0.00;0;0.21;9;51927.00;103854.00;Còn hàng;LACTACYD;;;Single SKU;
https://res.bigseller.pro/sku/images/merchantsku/944484/680134_1754365815340.jpg?imageView2/1/w/300/h/300;1933;LACTACYD DDVS Pro Sensitive Hồng - 250ml;8936123410223;0.00;0.00;0.00;0.00;VIE GROUP HCM;Default Piling Area;Default Shelf;0;0;0;0;0;0.00;0;3.00;0;85979.57;0.00;Còn hàng;LACTACYD;;;Single SKU;
https://res.bigseller.pro/sku/images/merchantsku/944484/823525_1755687689158.jpg?imageView2/1/w/300/h/300;1932;LACTACYD DDVS Pro Sensitive Hồng - 150ml;8936123410407;0.00;0.00;0.00;0.00;VIE GROUP HCM;Default Piling Area;Default Shelf;0;0;0;0;0;0.00;0;0.83;0;32770.18;0.00;Còn hàng;LACTACYD;;;Single SKU;
https://res.bigseller.pro/sku/images/merchantsku/944484/760047_1754365914942.jpg?imageView2/1/w/300/h/300;1931;LACTACYD DDVS Odor Fresh Xanh - 60ml;8850886002627;0.00;0.00;0.00;0.00;VIE GROUP HCM;Default Piling Area;Default Shelf;0;0;0;0;0;0.00;0;0.00;--;7511.61;0.00;Còn hàng;LACTACYD;;;Single SKU;
https://res.bigseller.pro/sku/images/merchantsku/944484/946553_1754365907972.jpg?imageView2/1/w/300/h/300;1930;LACTACYD DDVS Odor Fresh Xanh - 250ml;946403410254;0.00;0.00;0.00;0.00;VIE GROUP HCM;Default Piling Area;Default Shelf;2;0;2;0;0;0.00;0;0.12;16;47147.18;94294.36;Còn hàng;LACTACYD;;;Single SKU;
https://res.bigseller.pro/sku/images/merchantsku/944484/063092_1754366310521.jpg?imageView2/1/w/300/h/300;1929;LACTACYD DDVS Odor Fresh Xanh - 150ml;8936123410131;0.00;0.00;0.00;0.00;VIE GROUP HCM;Default Piling Area;Default Shelf;3;3;0;0;0;0.00;0;0.40;0;50018.37;150055.11;Còn hàng;LACTACYD;;;Single SKU;
https://res.bigseller.pro/sku/images/merchantsku/944484/993761_1754366319697.jpg?imageView2/1/w/300/h/300;1928;LACTACYD DDVS Cool Sensation Xanh - 60ml;8936123411114;0.00;0.00;0.00;0.00;VIE GROUP HCM;Default Piling Area;Default Shelf;0;0;0;0;0;0.00;0;0.00;--;7587.60;0.00;Còn hàng;LACTACYD;;;Single SKU;
https://res.bigseller.pro/sku/images/merchantsku/944484/259891_1754366308359.jpg?imageView2/1/w/300/h/300;1927;LACTACYD DDVS Cool Sensation Xanh - 250ml;8936123411138;0.00;0.00;0.00;0.00;VIE GROUP HCM;Default Piling Area;Default Shelf;1;0;1;0;0;0.00;0;0.17;5;89041.31;89041.31;Còn hàng;LACTACYD;;;Single SKU;
https://res.bigseller.pro/sku/images/merchantsku/944484/890380_1754365714010.jpg?imageView2/1/w/300/h/300;1926;LACTACYD DDVS Cool Sensation Xanh - 150ml;8936123411121;0.00;0.00;0.00;0.00;VIE GROUP HCM;Default Piling Area;Default Shelf;0;0;0;0;0;0.00;0;3.00;0;28913.81;0.00;Còn hàng;LACTACYD;;;Single SKU;
https://res.bigseller.pro/sku/images/merchantsku/944484/602566_1754365820191.jpg?imageView2/1/w/300/h/300;1925;LA SOIRÉE Bông Tẩy Trang 100% Cotton Siêu Mềm Siêu Mịn - 85 Miếng Vuông;8938557020122;0.00;0.00;0.00;0.00;VIE GROUP HCM;Default Piling Area;Default Shelf;83;1;82;0;0;0.00;0;2.37;34;29195.57;2423232.31;Còn hàng;Chưa chọn danh mục;;;Single SKU;
https://res.bigseller.pro/sku/images/merchantsku/944484/725777_1761736516031.jpg?imageView2/1/w/300/h/300;1924;LA SOIRÉE Bông Tẩy Trang 100% Cotton Siêu Mềm Siêu Mịn - 500 Miếng Vuông;;0.00;0.00;0.00;0.00;VIE GROUP HCM;Default Piling Area;Default Shelf;26;2;24;0;0;0.00;0;2.30;10;145800.00;3790800.00;Còn hàng;Chưa chọn danh mục;;;Single SKU;
https://res.bigseller.pro/sku/images/merchantsku/944484/015074_1761736516089.jpg?imageView2/1/w/300/h/300;1923;LA SOIRÉE Bông Tẩy Trang 100% Cotton Siêu Mềm Siêu Mịn - 255 Miếng Vuông;;0.00;0.00;0.00;0.00;VIE GROUP HCM;Default Piling Area;Default Shelf;29;1;28;0;0;0.00;0;0.67;41;77760.00;2255040.00;Còn hàng;Chưa chọn danh mục;;;Single SKU;
https://res.bigseller.pro/sku/images/merchantsku/944484/574597_1754365723437.jpg?imageView2/1/w/300/h/300;1922;LA SOIRÉE Bông Tẩy Trang 100% Cotton Siêu Mềm Siêu Mịn - 225 Miếng Tròn;8938557020030;0.00;0.00;0.00;0.00;VIE GROUP HCM;Default Piling Area;Default Shelf;368;2;366;0;0;0.00;0;18.03;20;53998.96;19871617.28;Còn hàng;Chưa chọn danh mục;;;Single SKU;
https://res.bigseller.pro/sku/images/merchantsku/944484/535139_1754365629167.jpg?imageView2/1/w/300/h/300;1921;LA SOIRÉE Bông Tẩy Trang 100% Cotton Siêu Mềm Siêu Mịn - 120 Miếng Vuông;;0.00;0.00;0.00;0.00;VIE GROUP HCM;Default Piling Area;Default Shelf;0;0;0;0;0;0.00;0;0.00;--;1.00;0.00;Ngừng bán;Chưa chọn danh mục;;;Single SKU;
https://res.bigseller.pro/sku/images/merchantsku/944484/365208_1754366221461.jpg?imageView2/1/w/300/h/300;1920;LA SOIRÉE Bông Tẩy Trang 100% Cotton Siêu Mềm Siêu Mịn - 120 Miếng Tròn;8938557020023;0.00;0.00;0.00;0.00;VIE GROUP HCM;Default Piling Area;Default Shelf;92;0;92;0;0;0.00;0;2.80;32;32400.00;2980800.00;Còn hàng;Chưa chọn danh mục;;;Single SKU;
https://res.bigseller.pro/sku/images/merchantsku/944484/180405_1768691635399.jpg?imageView2/1/w/300/h/300;1919;LA PURA Bông Đa Năng LA PURA Mềm Mịn - Tiện Dụng - An Toàn Cho Mọi Loại Da - 630 MIẾNG;;0.00;0.00;0.00;0.00;VIE GROUP HCM;Default Piling Area;Default Shelf;44;0;44;0;0;0.00;0;0.03;1466;97000.00;4268000.00;Còn hàng;Chưa chọn danh mục;;;Single SKU;
https://res.bigseller.pro/sku/images/merchantsku/944484/970291_1754998317136.jpg?imageView2/1/w/300/h/300;1918;KYUNGLAB Mặt nạ PDRN dưỡng ẩm phục hồi da 23ml - LẺ 1 MIẾNG;;0.00;0.00;0.00;0.00;VIE GROUP HCM;Default Piling Area;Default Shelf;0;0;0;0;0;0.00;0;0.00;--;8416.87;0.00;Ngừng bán;Chưa chọn danh mục;;;Single SKU;
https://res.bigseller.pro/sku/images/merchantsku/944484/801889_1787131983182.jpg?imageView2/1/w/300/h/300;1917;Kyung Lab PDRN Therapy Mist -  Xịt Khoáng 150ml;;0.00;0.00;0.00;0.00;VIE GROUP HCM;Default Piling Area;Default Shelf;0;0;0;0;0;0.00;0;0.00;--;195326.67;0.00;Còn hàng;Chưa chọn danh mục;;;Single SKU;
https://res.bigseller.pro/sku/images/merchantsku/944484/263448_1786524010479.jpg?imageView2/1/w/300/h/300;1916;KYUNG LAB Mặt Nạ Kyunglab Repair Mask Phục Hồi Da Màu Xanh - 25ml;;0.00;0.00;0.00;0.00;VIE GROUP HCM;Default Piling Area;Default Shelf;20;0;20;0;0;0.00;0;0.00;--;10000.00;200000.00;Còn hàng;Chưa chọn danh mục;;;Single SKU;
https://res.bigseller.pro/sku/images/merchantsku/944484/085574_1754365904177.jpg?imageView2/1/w/300/h/300;1915;KYUNG LAB Mặt Nạ Dưỡng Ẩm, Phục Hồi Da Kyung Lab PDRN Therapy Mask 23ml;8809801693570;0.00;0.00;0.00;0.00;VIE GROUP HCM;Default Piling Area;Default Shelf;5181;20;5161;0;0;0.00;0;32.33;159;7751.43;40160158.83;Còn hàng;Chưa chọn danh mục;;;Single SKU;
https://res.bigseller.pro/sku/images/merchantsku/944484/591467_1754365715996.jpg?imageView2/1/w/300/h/300;1914;KUMANO Sữa tắm Shikioriori SOY MILK 600ml;4513574028104;0.00;0.00;0.00;0.00;VIE GROUP HCM;Default Piling Area;Default Shelf;3;0;3;0;0;0.00;0;0.00;--;80000.00;240000.00;Còn hàng;Chưa chọn danh mục;;;Single SKU;
https://res.bigseller.pro/sku/images/merchantsku/944484/555079_1754366215271.jpg?imageView2/1/w/300/h/300;1913;KUMANO Sữa Rửa Mặt Soy Milk The Facial Foam 200g;4513574028098;0.00;0.00;0.00;0.00;VIE GROUP HCM;Default Piling Area;Default Shelf;12;0;12;0;0;0.00;0;0.00;--;55998.24;671978.88;Còn hàng;Chưa chọn danh mục;;;Single SKU;
https://res.bigseller.pro/sku/images/merchantsku/944484/170018_1754365912407.jpg?imageView2/1/w/300/h/300;1912;KUMANO Dầu tẩy trang Deve Nhật Bản chiết xuất từ Olive và Argan - 200ml;;0.00;0.00;0.00;0.00;VIE GROUP HCM;Default Piling Area;Default Shelf;0;0;0;0;0;0.00;0;0.00;--;85454.55;0.00;Còn hàng;Chưa chọn danh mục;;;Single SKU;
https://res.bigseller.pro/sku/images/merchantsku/944484/845191_1754365912174.jpg?imageView2/1/w/300/h/300;1910;JM Solution Nước Tẩy Trang Hyaluronic Cleansing Water - 500ml;8809505547773;0.00;0.00;0.00;0.00;VIE GROUP HCM;Default Piling Area;Default Shelf;0;0;0;0;0;0.00;0;0.00;--;100305.56;0.00;Còn hàng;Chưa chọn danh mục;;;Single SKU;
https://res.bigseller.pro/sku/images/merchantsku/944484/031692_1754365626985.jpg?imageView2/1/w/300/h/300;1909;Kr.Lab Mặt Nạ Kr.Lab+ B5 EGF Complex Mask 25ml - lẻ 1 miếng;;0.00;0.00;0.00;0.00;VIE GROUP HCM;Default Piling Area;Default Shelf;1684;20;1664;0;0;0.00;0;13.00;128;9205.39;15501876.76;Còn hàng;Chưa chọn danh mục;;;Single SKU;
https://res.bigseller.pro/sku/images/merchantsku/944484/551418_1754366315282.jpg?imageView2/1/w/300/h/300;1907;KOSE Sữa rửa mặt Softymo Cleansing Foam 220g - Collagen;4971710303759;0.00;0.00;0.00;0.00;VIE GROUP HCM;Default Piling Area;Default Shelf;0;0;0;0;0;0.00;0;0.00;--;77000.00;0.00;Còn hàng;Chưa chọn danh mục;;;Single SKU;
https://res.bigseller.pro/sku/images/merchantsku/944484/347702_1755553018708.jpg?imageView2/1/w/300/h/300;1906;KOSE Dầu tẩy trang Softymo Deep Cleansing Oil 230ml - SPEEDY XANH;4971710313468;0.00;0.00;0.00;0.00;VIE GROUP HCM;Default Piling Area;Default Shelf;0;0;0;0;0;0.00;0;0.00;--;76000.00;0.00;Ngừng bán;Chưa chọn danh mục;;;Single SKU;
https://res.bigseller.pro/sku/images/merchantsku/944484/009399_1754366220606.jpg?imageView2/1/w/300/h/300;1905;KOKUBO Khử mùi tủ lạnh than hoạt tính 150g;4956810219872;0.00;0.00;0.00;0.00;VIE GROUP HCM;Default Piling Area;Default Shelf;0;0;0;0;0;0.00;0;0.00;--;28000.00;0.00;Ngừng bán;Chưa chọn danh mục;;;Single SKU;
https://res.bigseller.pro/sku/images/merchantsku/944484/209539_1754366317827.jpg?imageView2/1/w/300/h/300;1904;KOKUBO Khử mùi tủ bếp 150g - Xanh lá;4956810223619;0.00;0.00;0.00;0.00;VIE GROUP HCM;Default Piling Area;Default Shelf;4;0;4;0;0;0.00;0;0.00;--;28000.00;112000.00;Còn hàng;Chưa chọn danh mục;;;Single SKU;
https://res.bigseller.pro/sku/images/merchantsku/944484/872089_1754366220024.jpg?imageView2/1/w/300/h/300;1903;KOKUBO Hộp Hút Ẩm 450ml;4971902060026;0.00;0.00;0.00;0.00;VIE GROUP HCM;Default Piling Area;Default Shelf;9;0;9;0;0;0.00;0;0.10;90;25000.00;225000.00;Còn hàng;Chưa chọn danh mục;;;Single SKU;
https://res.bigseller.pro/sku/images/merchantsku/944484/000000_1754364216755.jpg?imageView2/1/w/300/h/300;1902;KOBAYASHI Nước Giặt Đồ Lót Lingerie Soap 120ml;;0.00;0.00;0.00;0.00;VIE GROUP HCM;Default Piling Area;Default Shelf;0;0;0;0;0;0.00;0;2.33;0;55452.60;0.00;Còn hàng;Chưa chọn danh mục;;;Single SKU;
https://res.bigseller.pro/sku/images/merchantsku/944484/398219_1754366217746.jpg?imageView2/1/w/300/h/300;1899;KLAIRS Toner Supple Preparation Unscented KHÔNG MÙI - 30ml;8809572890864;0.00;0.00;0.00;0.00;VIE GROUP HCM;Default Piling Area;Default Shelf;0;0;0;0;0;0.00;0;0.00;--;25111.54;0.00;Còn hàng;KLAIRS;;;Single SKU;
https://res.bigseller.pro/sku/images/merchantsku/944484/040589_1765802701225.jpg?imageView2/1/w/300/h/300;1898;KLAIRS Toner Supple Preparation Unscented KHÔNG MÙI - 180ml - Kho ASIGO HÀ NỘI;;0.00;0.00;0.00;0.00;VIE GROUP HCM;Default Piling Area;Default Shelf;0;0;0;0;0;0.00;0;0.00;--;0.00;0.00;Ngừng bán;KLAIRS;;;Single SKU;
https://res.bigseller.pro/sku/images/merchantsku/944484/935165_1754365625494.jpg?imageView2/1/w/300/h/300;1897;KLAIRS Toner Supple Preparation Unscented KHÔNG MÙI - 180ml;8809115029119;0.00;0.00;0.00;0.00;VIE GROUP HCM;Default Piling Area;Default Shelf;8;8;0;0;0;0.00;0;6450.37;0;116958.43;935667.44;Còn hàng;KLAIRS;;;Single SKU;
https://res.bigseller.pro/sku/images/merchantsku/944484/116463_1754998488435.jpg?imageView2/1/w/300/h/300;1896;KLAIRS Tinh chất Freshly Juiced Vitamin Drop 35ml;8809115025050;0.00;0.00;0.00;0.00;VIE GROUP HCM;Default Piling Area;Default Shelf;0;0;0;0;0;0.00;0;0.00;--;245000.00;0.00;Còn hàng;KLAIRS;;;Single SKU;
https://res.bigseller.pro/sku/images/merchantsku/944484/727057_1754365625505.jpg?imageView2/1/w/300/h/300;1895;KLAIRS Nước hoa hồng Supple Preparation Facial Toner 180ml CÓ MÙI;8809115025012;0.00;0.00;0.00;0.00;VIE GROUP HCM;Default Piling Area;Default Shelf;0;0;0;0;0;0.00;0;0.07;0;230633.33;0.00;Còn hàng;KLAIRS;;;Single SKU;
https://res.bigseller.pro/sku/images/merchantsku/944484/501652_1755015213997.jpg?imageView2/1/w/300/h/300;1894;KLAIRS Mặt nạ giấy Midnight Blue Calming Sheet Mask 25ml;8809572890222;0.00;0.00;0.00;0.00;VIE GROUP HCM;Default Piling Area;Default Shelf;144;0;144;0;0;0.00;0;1.33;108;14923.10;2148926.40;Còn hàng;KLAIRS;;;Single SKU;
https://res.bigseller.pro/sku/images/merchantsku/944484/449045_1754365910444.jpg?imageView2/1/w/300/h/300;1893;KLAIRS Mặt nạ Freshly Juiced Vitamin E Mask 90ml;8809115024046;0.00;0.00;0.00;0.00;VIE GROUP HCM;Default Piling Area;Default Shelf;1;0;1;0;0;0.00;0;0.00;--;280445.00;280445.00;Còn hàng;KLAIRS;;;Single SKU;
https://res.bigseller.pro/sku/images/merchantsku/944484/012882_1754366312168.jpg?imageView2/1/w/300/h/300;1892;KLAIRS Kem dưỡng Rich Moist Soothing Cream 80ml;8809572891113;0.00;0.00;0.00;0.00;VIE GROUP HCM;Default Piling Area;Default Shelf;3;0;3;0;0;0.00;0;0.03;100;283653.00;850959.00;Còn hàng;KLAIRS;;;Single SKU;
https://res.bigseller.pro/sku/images/merchantsku/944484/090509_1754998314304.jpg?imageView2/1/w/300/h/300;1891;KLAIRS Kem dưỡng Midnight Blue Calming Cream - 60ml;8809572890291;0.00;0.00;0.00;0.00;VIE GROUP HCM;Default Piling Area;Default Shelf;0;0;0;0;0;0.00;0;0.00;--;301800.00;0.00;Còn hàng;KLAIRS;;;Single SKU;
https://res.bigseller.pro/sku/images/merchantsku/944484/433156_1755015056328.jpg?imageView2/1/w/300/h/300;1889;KIEHL'S Mặt nạ đất sét KIEHL'S Rare Earth Deep Pore Cleansing Masque - 14ml [XT];;0.00;0.00;0.00;0.00;VIE GROUP HCM;Default Piling Area;Default Shelf;0;0;0;0;0;0.00;0;0.00;--;88333.33;0.00;Ngừng bán;Chưa chọn danh mục;;;Single SKU;
https://res.bigseller.pro/sku/images/merchantsku/944484/255761_1765875426376.jpg?imageView2/1/w/300/h/300;1886;KEYSHU mặt nạ dưỡng da - 1 Miếng ( Rau Má );8938559960006;0.00;0.00;0.00;0.00;VIE GROUP HCM;Default Piling Area;Default Shelf;755;50;705;0;0;0.00;0;9.93;70;11272.31;8510594.05;Còn hàng;Chưa chọn danh mục;;;Single SKU;
https://res.bigseller.pro/sku/images/merchantsku/944484/304663_1765875687637.jpg?imageView2/1/w/300/h/300;1885;KEYSHU mặt nạ dưỡng da - 1 Miếng ( Nâng Cơ );8938559960198;0.00;0.00;0.00;0.00;VIE GROUP HCM;Default Piling Area;Default Shelf;259;0;259;0;0;0.00;0;2.93;88;12823.40;3321260.60;Còn hàng;Chưa chọn danh mục;;;Single SKU;
https://res.bigseller.pro/sku/images/merchantsku/944484/817463_1765875831816.jpg?imageView2/1/w/300/h/300;1883;KEYSHU mặt nạ dưỡng da - 1 Miếng ( Hoa Cúc );8938559960181;0.00;0.00;0.00;0.00;VIE GROUP HCM;Default Piling Area;Default Shelf;62;0;62;0;0;0.00;0;3.87;16;12822.35;794985.70;Còn hàng;Chưa chọn danh mục;;;Single SKU;
https://res.bigseller.pro/sku/images/merchantsku/944484/176159_1765875373134.jpg?imageView2/1/w/300/h/300;1882;KEYSHU mặt nạ dưỡng da - 1 Miếng ( Hành Tím );8938559960143;0.00;0.00;0.00;0.00;VIE GROUP HCM;Default Piling Area;Default Shelf;363;69;294;0;0;0.00;0;7.63;38;11749.04;4264901.52;Còn hàng;Chưa chọn danh mục;;;Single SKU;
https://res.bigseller.pro/sku/images/merchantsku/944484/910603_1754998487739.jpg?imageView2/1/w/300/h/300;1881;KAORI Xịt phòng Công Nghệ Nhật Bản 280ml - ĐỎ;8934732400321;0.00;0.00;0.00;0.00;VIE GROUP HCM;Default Piling Area;Default Shelf;1;0;1;0;0;0.00;0;0.00;--;30900.00;30900.00;Còn hàng;Chưa chọn danh mục;;;Single SKU;
https://res.bigseller.pro/sku/images/merchantsku/944484/681523_1754365911946.jpg?imageView2/1/w/300/h/300;1880;KAORI Xịt phòng Công Nghệ Nhật Bản 280ml - CAM;8934732400314;0.00;0.00;0.00;0.00;VIE GROUP HCM;Default Piling Area;Default Shelf;4;0;4;0;0;0.00;0;0.00;--;31133.00;124532.00;Còn hàng;Chưa chọn danh mục;;;Single SKU;
https://res.bigseller.pro/sku/images/merchantsku/944484/889515_1754361504979.jpg?imageView2/1/w/300/h/300;1879;KAI Kẹp bấm mi Compact Curler - Hồng đậm;4901601951615;0.00;0.00;0.00;0.00;VIE GROUP HCM;Default Piling Area;Default Shelf;4;0;4;0;0;0.00;0;0.00;--;94000.00;376000.00;Còn hàng;Chưa chọn danh mục;;;Single SKU;
https://res.bigseller.pro/sku/images/merchantsku/944484/781555_1754365907935.jpg?imageView2/1/w/300/h/300;1878;KAI Dao Cạo Razor For Bikini Line Nhật Bản 2 cái/ set;4901331011641;0.00;0.00;0.00;0.00;VIE GROUP HCM;Default Piling Area;Default Shelf;61;0;61;0;0;0.00;0;0.43;141;39010.18;2379620.98;Còn hàng;Chưa chọn danh mục;;;Single SKU;
https://res.bigseller.pro/sku/images/merchantsku/944484/160466_1754366310154.jpg?imageView2/1/w/300/h/300;1877;KAI Dao cạo lông mày Razor Nhật Bản dạng lưỡi thép không gỉ 5 cái/set;4901331010781;0.00;0.00;0.00;0.00;VIE GROUP HCM;Default Piling Area;Default Shelf;14;0;14;0;0;0.00;0;0.00;--;31500.00;441000.00;Còn hàng;Chưa chọn danh mục;;;Single SKU;
https://res.bigseller.pro/sku/images/merchantsku/944484/692127_1754365715858.jpg?imageView2/1/w/300/h/300;1876;KAI Dao Cạo Lông Mày Groom Eyebrow Razor 1 cái;;0.00;0.00;0.00;0.00;VIE GROUP HCM;Default Piling Area;Default Shelf;105;0;105;0;0;0.00;0;0.00;--;15090.29;1584480.45;Còn hàng;Chưa chọn danh mục;;;Single SKU;
https://res.bigseller.pro/sku/images/merchantsku/944484/809603_1754365720508.jpg?imageView2/1/w/300/h/300;1875;KAI Dao cạo lông mày Can dạng lưỡi đơn cao cấp 3 cái/set - Cạo lông Mày;4901331017827;0.00;0.00;0.00;0.00;VIE GROUP HCM;Default Piling Area;Default Shelf;48;0;48;0;0;0.00;0;0.00;--;30400.00;1459200.00;Còn hàng;Chưa chọn danh mục;;;Single SKU;
https://res.bigseller.pro/sku/images/merchantsku/944484/492552_1754364218351.jpg?imageView2/1/w/300/h/300;1874;KAI Dao cạo lông mặt BTM-5F1 cán hồng - Hộp 5 cái;4901331007422;0.00;0.00;0.00;0.00;VIE GROUP HCM;Default Piling Area;Default Shelf;12;0;12;0;0;0.00;0;0.00;--;31500.00;378000.00;Còn hàng;Chưa chọn danh mục;;;Single SKU;
https://res.bigseller.pro/sku/images/merchantsku/944484/475033_1754998488122.jpg?imageView2/1/w/300/h/300;1873;KAI Dao Cạo Lông Can For Women An Toàn Cho Nữ Chính Hãng Nhật Bản Set 3 Cái - Cạo lông mặt;;0.00;0.00;0.00;0.00;VIE GROUP HCM;Default Piling Area;Default Shelf;6;0;6;0;0;0.00;0;0.00;--;45500.00;273000.00;Còn hàng;Chưa chọn danh mục;;;Single SKU;
https://res.bigseller.pro/sku/images/merchantsku/944484/608156_1754365914142.jpg?imageView2/1/w/300/h/300;1872;KAI Dao Cạo Lông Can For Women An Toàn Cho Nữ Chính Hãng Nhật Bản Set 3 Cái - BODY;4901331017803;0.00;0.00;0.00;0.00;VIE GROUP HCM;Default Piling Area;Default Shelf;6;0;6;0;0;0.00;0;0.00;--;38333.00;229998.00;Còn hàng;Chưa chọn danh mục;;;Single SKU;
https://res.bigseller.pro/sku/images/merchantsku/944484/730068_1754366221478.jpg?imageView2/1/w/300/h/300;1870;JOONA BABY Miếng Dán Dreamy Breeze Thư Giãn, Hỗ Trợ Ngủ Ngon - 18 Miếng;8809668474589;0.00;0.00;0.00;0.00;VIE GROUP HCM;Default Piling Area;Default Shelf;33;0;33;0;0;0.00;0;0.10;330;39900.00;1316700.00;Còn hàng;Chưa chọn danh mục;;;Single SKU;
https://res.bigseller.pro/sku/images/merchantsku/944484/677795_1754365811831.jpg?imageView2/1/w/300/h/300;1869;JOONA BABY Miếng dán chống muỗi MOZZIE GUARD+ bảo vệ bé hiệu quả - Lẻ gói 18 miếng;8809668474367;0.00;0.00;0.00;0.00;VIE GROUP HCM;Default Piling Area;Default Shelf;2;0;2;0;0;0.00;0;0.90;2;46928.00;93856.00;Còn hàng;Chưa chọn danh mục;;;Single SKU;
https://res.bigseller.pro/sku/images/merchantsku/944484/703407_1754365820000.jpg?imageView2/1/w/300/h/300;1868;JONZAC Sữa Tắm Eau Thermale Jonzac Bébé Bio Gentle Dermo Cleansing Gel - 500ML;3517360012439;0.00;0.00;0.00;0.00;VIE GROUP HCM;Default Piling Area;Default Shelf;7;0;7;0;0;0.00;0;0.00;--;302705.00;2118935.00;Còn hàng;Chưa chọn danh mục;;;Single SKU;
https://res.bigseller.pro/sku/images/merchantsku/944484/796070_1754361506093.jpg?imageView2/1/w/300/h/300;1867;JONZAC Sữa Tắm Eau Thermale Jonzac Bébé Bio Gentle Dermo Cleansing Gel - 250ML;3517360016086;0.00;0.00;0.00;0.00;VIE GROUP HCM;Default Piling Area;Default Shelf;7;0;7;0;0;0.00;0;0.00;--;162254.80;1135783.60;Còn hàng;Chưa chọn danh mục;;;Single SKU;
https://res.bigseller.pro/sku/images/merchantsku/944484/671591_1755015212793.jpg?imageView2/1/w/300/h/300;1866;JONZAC Kem Dưỡng Eau Thermale Bébé Bio Nutri Gentle Cold Cream - 100ml;3517360012408;0.00;0.00;0.00;0.00;VIE GROUP HCM;Default Piling Area;Default Shelf;1;0;1;0;0;0.00;0;0.00;--;302550.38;302550.38;Còn hàng;Chưa chọn danh mục;;;Single SKU;
https://res.bigseller.pro/sku/images/merchantsku/944484/664137_1754366219825.jpg?imageView2/1/w/300/h/300;1865;JONZAC Dung Dịch Vệ Sinh Cho Bé Eau Thermale Liniment Oleo-Calcareous - 500ML;;0.00;0.00;0.00;0.00;VIE GROUP HCM;Default Piling Area;Default Shelf;27;0;27;0;0;0.00;0;0.00;--;298450.61;8058166.47;Còn hàng;Chưa chọn danh mục;;;Single SKU;
https://res.bigseller.pro/sku/images/merchantsku/944484/490765_1754365722838.jpg?imageView2/1/w/300/h/300;1864;JONZAC Dung Dịch Vệ Sinh Cho Bé Eau Thermale Liniment Oleo-Calcareous - 1L;;0.00;0.00;0.00;0.00;VIE GROUP HCM;Default Piling Area;Default Shelf;4;0;4;0;0;0.00;0;0.00;--;432618.77;1730475.08;Còn hàng;Chưa chọn danh mục;;;Single SKU;
https://res.bigseller.pro/sku/images/merchantsku/944484/457674_1754365912036.jpg?imageView2/1/w/300/h/300;1863;JOMI Tăm bông kháng khuẩn 200 que;8938505974194;0.00;0.00;0.00;0.00;VIE GROUP HCM;Default Piling Area;Default Shelf;0;0;0;0;0;0.00;0;0.00;--;19440.00;0.00;Ngừng bán;Chưa chọn danh mục;;;Single SKU;
https://res.bigseller.pro/sku/images/merchantsku/944484/209838_1754366312744.jpg?imageView2/1/w/300/h/300;1862;JOHNSON'S Sữa tắm Milk Rice Bath - 500ml;8850007090281;0.00;0.00;0.00;0.00;VIE GROUP HCM;Default Piling Area;Default Shelf;11;0;11;0;0;0.00;0;0.03;366;134304.69;1477351.59;Còn hàng;Chưa chọn danh mục;;;Single SKU;
https://res.bigseller.pro/sku/images/merchantsku/944484/466342_1754365720584.jpg?imageView2/1/w/300/h/300;1861;JOHNSON'S Sữa tắm Milk Rice Bath - 200ml;9556006060001;0.00;0.00;0.00;0.00;VIE GROUP HCM;Default Piling Area;Default Shelf;0;0;0;0;0;0.00;0;0.29;0;60135.36;0.00;Còn hàng;Chưa chọn danh mục;;;Single SKU;
https://res.bigseller.pro/sku/images/merchantsku/944484/380679_1754366217747.jpg?imageView2/1/w/300/h/300;1860;JOHNSON'S Sữa tắm Milk Rice Bath - 1000ml;9556006060025;0.00;0.00;0.00;0.00;VIE GROUP HCM;Default Piling Area;Default Shelf;0;0;0;0;0;0.00;0;0.00;--;131670.77;0.00;Ngừng bán;Chưa chọn danh mục;;;Single SKU;
https://res.bigseller.pro/sku/images/merchantsku/944484/026727_1754365625688.jpg?imageView2/1/w/300/h/300;1859;JOHNSON'S Sữa tắm gội Baby Top-To-Toe Hair & Body (Vàng) - 500ml;9556006012413;0.00;0.00;0.00;0.00;VIE GROUP HCM;Default Piling Area;Default Shelf;30;0;30;0;0;0.00;0;0.63;47;120802.19;3624065.70;Còn hàng;Chưa chọn danh mục;;;Single SKU;
https://res.bigseller.pro/sku/images/merchantsku/944484/030503_1754361503374.jpg?imageView2/1/w/300/h/300;1857;JOHNSON'S Sữa tắm gội Baby Top-To-Toe Hair & Body (Vàng) - 100ml;9556006012086;0.00;0.00;0.00;0.00;VIE GROUP HCM;Default Piling Area;Default Shelf;93;15;78;0;0;0.00;0;5.97;13;31824.03;2959634.79;Còn hàng;Chưa chọn danh mục;;;Single SKU;
https://res.bigseller.pro/sku/images/merchantsku/944484/375704_1754366307005.jpg?imageView2/1/w/300/h/300;1856;JOHNSON'S Sữa tắm gội Baby Bedtime Bath Hương Lavender ( Tím ) - 500ml;8801008040508;0.00;0.00;0.00;0.00;VIE GROUP HCM;Default Piling Area;Default Shelf;2;2;0;0;0;0.00;0;0.10;0;113920.59;227841.18;Còn hàng;Chưa chọn danh mục;;;Single SKU;
https://res.bigseller.pro/sku/images/merchantsku/944484/238747_1754365712391.jpg?imageView2/1/w/300/h/300;1855;JOHNSON'S Sữa tắm gội Baby Bedtime Bath Hương Lavender ( Tím ) - 200ml;9556006060223;0.00;0.00;0.00;0.00;VIE GROUP HCM;Default Piling Area;Default Shelf;12;0;12;0;0;0.00;0;0.37;32;51696.04;620352.48;Còn hàng;Chưa chọn danh mục;;;Single SKU;
https://res.bigseller.pro/sku/images/merchantsku/944484/585509_1754998314202.jpg?imageView2/1/w/300/h/300;1854;JOHNSON'S Sữa tắm Adult pH 5.5 750ml - HẠNH NHÂN;9556006060438;0.00;0.00;0.00;0.00;VIE GROUP HCM;Default Piling Area;Default Shelf;4;0;4;0;0;0.00;0;0.00;--;113152.67;452610.68;Còn hàng;Chưa chọn danh mục;;;Single SKU;
https://res.bigseller.pro/sku/images/merchantsku/944484/281762_1754366311931.jpg?imageView2/1/w/300/h/300;1853;JOHNSON'S Sữa tắm Adult pH 5.5 750ml - 2in1;6131101;0.00;0.00;0.00;0.00;VIE GROUP HCM;Default Piling Area;Default Shelf;2;0;2;0;0;0.00;0;0.23;8;99008.73;198017.46;Còn hàng;Chưa chọn danh mục;;;Single SKU;
https://res.bigseller.pro/sku/images/merchantsku/944484/365311_1754365617605.jpg?imageView2/1/w/300/h/300;1852;JOHNSON'S Phấn Rôm Baby Powder Blossom Hương Hoa 500g;9556006294963;0.00;0.00;0.00;0.00;VIE GROUP HCM;Default Piling Area;Default Shelf;0;0;0;0;0;0.00;0;0.00;--;84023.43;0.00;Còn hàng;Chưa chọn danh mục;;;Single SKU;
https://res.bigseller.pro/sku/images/merchantsku/944484/286265_1754365810704.jpg?imageView2/1/w/300/h/300;1851;JOHNSON'S Phấn Rôm Baby Powder Blossom Hương Hoa 200g;9556006294956;0.00;0.00;0.00;0.00;VIE GROUP HCM;Default Piling Area;Default Shelf;22;0;22;0;0;0.00;0;0.47;46;42768.00;940896.00;Còn hàng;Chưa chọn danh mục;;;Single SKU;
https://res.bigseller.pro/sku/images/merchantsku/944484/061947_1755553282958.jpg?imageView2/1/w/300/h/300;1850;JOHNSON'S Phấn Rôm Baby Powder Blossom Hương Hoa 100g;9556006294949;0.00;0.00;0.00;0.00;VIE GROUP HCM;Default Piling Area;Default Shelf;6;1;5;0;0;0.00;0;0.43;11;29549.00;177294.00;Còn hàng;Chưa chọn danh mục;;;Single SKU;
https://res.bigseller.pro/sku/images/merchantsku/944484/198271_1754364220719.jpg?imageView2/1/w/300/h/300;1849;JOHNSON'S Nước hoa Baby hương phấn hoa - 50ml (hồng);4801010125204;0.00;0.00;0.00;0.00;VIE GROUP HCM;Default Piling Area;Default Shelf;193;0;193;0;0;0.00;0;2.90;66;36370.32;7019471.76;Còn hàng;Chưa chọn danh mục;;;Single SKU;
https://res.bigseller.pro/sku/images/merchantsku/944484/789553_1754365907863.jpg?imageView2/1/w/300/h/300;1848;JOHNSON'S Nước hoa Baby hương phấn hoa - 125ml (hồng);4801010125303;0.00;0.00;0.00;0.00;VIE GROUP HCM;Default Piling Area;Default Shelf;17;0;17;0;0;0.00;0;1.17;14;71998.45;1223973.65;Còn hàng;Chưa chọn danh mục;;;Single SKU;
https://res.bigseller.pro/sku/images/merchantsku/944484/044519_1754366310139.jpg?imageView2/1/w/300/h/300;1847;JOHNSON'S Nước hoa Baby hương ngày hè - 50ml (xanh lá);4801010122227;0.00;0.00;0.00;0.00;VIE GROUP HCM;Default Piling Area;Default Shelf;19;0;19;0;0;0.00;0;0.53;35;36340.70;690473.30;Còn hàng;Chưa chọn danh mục;;;Single SKU;
https://res.bigseller.pro/sku/images/merchantsku/944484/115197_1754365715898.jpg?imageView2/1/w/300/h/300;1846;JOHNSON'S Nước hoa Baby hương ngày hè - 125ml (xanh lá);4801010122326;0.00;0.00;0.00;0.00;VIE GROUP HCM;Default Piling Area;Default Shelf;82;0;82;0;0;0.00;0;0.27;303;71240.42;5841714.44;Còn hàng;Chưa chọn danh mục;;;Single SKU;
https://res.bigseller.pro/sku/images/merchantsku/944484/702745_1754366215533.jpg?imageView2/1/w/300/h/300;1845;JOHNSON'S Nước hoa Baby hương ban mai - 50ml (tím);4801010126218;0.00;0.00;0.00;0.00;VIE GROUP HCM;Default Piling Area;Default Shelf;44;0;44;0;0;0.00;0;1.33;33;36370.32;1600294.08;Còn hàng;Chưa chọn danh mục;;;Single SKU;
https://res.bigseller.pro/sku/images/merchantsku/944484/618337_1754365624012.jpg?imageView2/1/w/300/h/300;1844;JOHNSON'S Nước hoa Baby hương ban mai - 125ml (tím);4801010126317;0.00;0.00;0.00;0.00;VIE GROUP HCM;Default Piling Area;Default Shelf;43;1;42;0;0;0.00;0;0.73;57;71593.58;3078523.94;Còn hàng;Chưa chọn danh mục;;;Single SKU;
https://res.bigseller.pro/sku/images/merchantsku/944484/017343_1754365814956.jpg?imageView2/1/w/300/h/300;1843;JOHNSON'S Kem dưỡng ẩm Baby 50g - Sữa gạo (nắp xanh);8850007070443;0.00;0.00;0.00;0.00;VIE GROUP HCM;Default Piling Area;Default Shelf;4;0;4;0;0;0.00;0;0.10;40;53240.72;212962.88;Còn hàng;Chưa chọn danh mục;;;Single SKU;
https://res.bigseller.pro/sku/images/merchantsku/944484/015820_1754365821738.jpg?imageView2/1/w/300/h/300;1842;JOHNSON'S Kem dưỡng ẩm Baby 50g - Sữa gạo (nắp hồng);8850007070504;0.00;0.00;0.00;0.00;VIE GROUP HCM;Default Piling Area;Default Shelf;0;0;0;0;0;0.00;0;0.00;--;0.00;0.00;Còn hàng;Chưa chọn danh mục;;;Single SKU;
https://res.bigseller.pro/sku/images/merchantsku/944484/621588_1754919949360.jpg?imageView2/1/w/300/h/300;1841;JOHNSON'S Kem dưỡng ẩm Baby 50g - Cúc la mã (nắp hồng);88530208;0.00;0.00;0.00;0.00;VIE GROUP HCM;Default Piling Area;Default Shelf;5;0;5;0;0;0.00;0;0.00;--;38006.00;190030.00;Còn hàng;Chưa chọn danh mục;;;Single SKU;
https://res.bigseller.pro/sku/images/merchantsku/944484/677288_1754365724512.jpg?imageView2/1/w/300/h/300;1840;JOHNSON'S Kem dưỡng ẩm Baby 100g - Sữa gạo (nắp xanh);4710032523137;0.00;0.00;0.00;0.00;VIE GROUP HCM;Default Piling Area;Default Shelf;12;0;12;0;0;0.00;0;0.00;--;97443.57;1169322.84;Còn hàng;Chưa chọn danh mục;;;Single SKU;
https://res.bigseller.pro/sku/images/merchantsku/944484/122341_1754364220857.jpg?imageView2/1/w/300/h/300;1839;JOHNSON'S Dầu massage Baby Oil pink - 50ml;8850007060314;0.00;0.00;0.00;0.00;VIE GROUP HCM;Default Piling Area;Default Shelf;11;1;10;0;0;0.00;0;0.93;10;37112.00;408232.00;Còn hàng;Chưa chọn danh mục;;;Single SKU;
https://res.bigseller.pro/sku/images/merchantsku/944484/024364_1754365907846.jpg?imageView2/1/w/300/h/300;1838;JOHNSON'S Dầu massage Baby Oil pink - 200ml;8850007060321;0.00;0.00;0.00;0.00;VIE GROUP HCM;Default Piling Area;Default Shelf;138;0;138;0;0;0.00;0;0.40;345;94990.78;13108727.64;Còn hàng;Chưa chọn danh mục;;;Single SKU;
https://res.bigseller.pro/sku/images/merchantsku/944484/548704_1754365629947.jpg?imageView2/1/w/300/h/300;1837;JOHNSON'S Dầu Massage Baby Oil Aloe Vera & Vitamin E - 200ml;8850007030751;0.00;0.00;0.00;0.00;VIE GROUP HCM;Default Piling Area;Default Shelf;2;0;2;0;0;0.00;0;0.27;7;95008.00;190016.00;Còn hàng;Chưa chọn danh mục;;;Single SKU;
https://res.bigseller.pro/sku/images/merchantsku/944484/770727_1754366310832.jpg?imageView2/1/w/300/h/300;1836;JOHNSON'S Dầu gội shiny drops shampoo hồng - 500ml;8850007040378;0.00;0.00;0.00;0.00;VIE GROUP HCM;Default Piling Area;Default Shelf;5;1;4;0;0;0.00;0;0.03;166;116905.00;584525.00;Còn hàng;Chưa chọn danh mục;;;Single SKU;
https://res.bigseller.pro/sku/images/merchantsku/944484/314016_1754366215428.jpg?imageView2/1/w/300/h/300;1835;JOHNSON'S Dầu gội Baby Tangle Shampoo Tím - 500ml;4801010525202;0.00;0.00;0.00;0.00;VIE GROUP HCM;Default Piling Area;Default Shelf;0;0;0;0;0;0.00;0;0.00;--;96400.00;0.00;Còn hàng;Chưa chọn danh mục;;;Single SKU;
https://res.bigseller.pro/sku/images/merchantsku/944484/413407_1754365814982.jpg?imageView2/1/w/300/h/300;1833;JOHNSON'S Dầu gội Baby Shampoo vàng - 800ml;6144997;0.00;0.00;0.00;0.00;VIE GROUP HCM;Default Piling Area;Default Shelf;0;0;0;0;0;0.00;0;0.00;--;151674.67;0.00;Còn hàng;Chưa chọn danh mục;;;Single SKU;
https://res.bigseller.pro/sku/images/merchantsku/944484/028911_1755553510808.jpg?imageView2/1/w/300/h/300;1832;JOHNSON'S Dầu gội Baby Shampoo vàng - 200ml;9556006000250;0.00;0.00;0.00;0.00;VIE GROUP HCM;Default Piling Area;Default Shelf;6;0;6;0;0;0.00;0;0.20;30;58018.93;348113.58;Còn hàng;Chưa chọn danh mục;;;Single SKU;
https://res.bigseller.pro/sku/images/merchantsku/944484/557645_1754364216635.jpg?imageView2/1/w/300/h/300;1831;JOHNSON’S Sữa Tắm Baby Cotton Touch Top-to-toe (Trắng) – 500ml;4801010570202;0.00;0.00;0.00;0.00;VIE GROUP HCM;Default Piling Area;Default Shelf;2;1;1;0;0;0.00;0;0.13;7;96697.00;193394.00;Còn hàng;Chưa chọn danh mục;;;Single SKU;
https://res.bigseller.pro/sku/images/merchantsku/944484/261473_1756124845301.jpg?imageView2/1/w/300/h/300;1830;JOHNSON’S Sữa Tắm Baby Cotton Touch Top-to-toe (Trắng) – 200ml;4801010570103;0.00;0.00;0.00;0.00;VIE GROUP HCM;Default Piling Area;Default Shelf;2;0;2;0;0;0.00;0;0.13;15;62412.00;124824.00;Còn hàng;Chưa chọn danh mục;;;Single SKU;
https://res.bigseller.pro/sku/images/merchantsku/944484/088639_1754365810997.jpg?imageView2/1/w/300/h/300;1829;Johnson's Sữa Tắm Tơ Tằm Johnson's Baby 500ML;;0.00;0.00;0.00;0.00;VIE GROUP HCM;Default Piling Area;Default Shelf;0;0;0;0;0;0.00;0;0.00;--;127628.51;0.00;Còn hàng;Chưa chọn danh mục;;;Single SKU;
https://res.bigseller.pro/sku/images/merchantsku/944484/708338_1777969581694.jpg?imageView2/1/w/300/h/300;1827;JMSOLUTION Hộp 10 miếng Prime Gold Premium Foil Mask  - VÀNG;8809711714877;0.00;0.00;0.00;0.00;VIE GROUP HCM;Default Piling Area;Default Shelf;6;0;6;0;0;0.00;0;0.00;--;142407.20;854443.20;Còn hàng;Chưa chọn danh mục;;;Single SKU;
https://res.bigseller.pro/sku/images/merchantsku/944484/293202_1765779394711.jpg?imageView2/1/w/300/h/300;1826;Jmella Sữa Tắm Hương Nước Hoa Jmella In France Body Wash 500ml - NO.5;8809711716789;0.00;0.00;0.00;0.00;VIE GROUP HCM;Default Piling Area;Default Shelf;0;0;0;0;0;0.00;0;0.00;--;75535.71;0.00;Còn hàng;Chưa chọn danh mục;;;Single SKU;
https://res.bigseller.pro/sku/images/merchantsku/944484/252843_1763346786961.jpg?imageView2/1/w/300/h/300;1821;Jmella SET Sữa Tắm Hương Nước Hoa Jmella In France Body Wash 500ml NO.5 + Bông tắm;;0.00;0.00;0.00;0.00;VIE GROUP HCM;Default Piling Area;Default Shelf;5;0;5;0;0;0.00;0;6.22;0;84747.66;423738.30;Còn hàng;Chưa chọn danh mục;;;Single SKU;
https://res.bigseller.pro/sku/images/merchantsku/944484/572258_1757062289877.jpg?imageView2/1/w/300/h/300;1812;JMSOLUTION Hộp 10 miếng Mặt Nạ Cá Hồi JM Solution Panthelene Intensive Barrier Mask - XANH DƯƠNG ĐẬM;8809711712491;0.00;0.00;0.00;0.00;VIE GROUP HCM;Default Piling Area;Default Shelf;3;3;0;0;0;0.00;0;0.10;0;11773.97;35321.91;Còn hàng;Chưa chọn danh mục;;;Single SKU;
https://res.bigseller.pro/sku/images/merchantsku/944484/559949_1757062210308.jpg?imageView2/1/w/300/h/300;1811;JMSOLUTION Hộp 5 miếng Mặt Nạ Cá Hồi JM Solution Water Luminous Salmon Repair Special - CAM;;0.00;0.00;0.00;0.00;VIE GROUP HCM;Default Piling Area;Default Shelf;0;0;0;0;0;0.00;0;0.00;--;60417.48;0.00;Còn hàng;Chưa chọn danh mục;;;Single SKU;
https://res.bigseller.pro/sku/images/merchantsku/944484/996117_1772183272648.jpg?imageView2/1/w/300/h/300;1808;JMsolution - Mặt Nạ B5 Whitening Dưỡng Sáng & Cấp Ẩm 30ml - B5+ HYDRATING XANH ĐẬM;;0.00;0.00;0.00;0.00;VIE GROUP HCM;Default Piling Area;Default Shelf;0;0;0;0;0;0.00;0;0.00;--;9120.00;0.00;Ngừng bán;Chưa chọn danh mục;;;Single SKU;
https://res.bigseller.pro/sku/images/merchantsku/944484/119233_1755015058562.jpg?imageView2/1/w/300/h/300;1805;JMSolution Nước Tẩy Trang Hyaluronic Cleansing Water - SOS Ginger 500ml;;0.00;0.00;0.00;0.00;VIE GROUP HCM;Default Piling Area;Default Shelf;0;0;0;0;0;0.00;0;0.00;--;0.00;0.00;Còn hàng;Chưa chọn danh mục;;;Single SKU;
https://res.bigseller.pro/sku/images/merchantsku/944484/816065_1754365810727.jpg?imageView2/1/w/300/h/300;1804;JMSolution Nước Tẩy Trang Hyaluronic Cleansing Water - H9 500ml;;0.00;0.00;0.00;0.00;VIE GROUP HCM;Default Piling Area;Default Shelf;8;0;8;0;0;0.00;0;0.00;--;100465.12;803720.96;Còn hàng;Chưa chọn danh mục;;;Single SKU;
https://res.bigseller.pro/sku/images/merchantsku/944484/597458_1754364213718.jpg?imageView2/1/w/300/h/300;1803;JMSolution Nước Tẩy Trang Hyaluronic Cleansing Water - Ceramide 500ml;;0.00;0.00;0.00;0.00;VIE GROUP HCM;Default Piling Area;Default Shelf;1;0;1;0;0;0.00;0;0.00;--;93590.91;93590.91;Còn hàng;Chưa chọn danh mục;;;Single SKU;
https://res.bigseller.pro/sku/images/merchantsku/944484/832580_1776960690210.jpg?imageView2/1/w/300/h/300;1800;JMSolution Mặt nạ  DERMA CARE JELLY MASK 30ml - NGẪU NHIÊN XANH LÁ OR XANH DƯƠNG;;0.00;0.00;0.00;0.00;VIE GROUP HCM;Default Piling Area;Default Shelf;0;0;0;0;0;0.00;0;0.00;--;0.00;0.00;Còn hàng;Chưa chọn danh mục;;;Single SKU;
https://res.bigseller.pro/sku/images/merchantsku/944484/810788_1754366312804.jpg?imageView2/1/w/300/h/300;1798;IPEK Bông tẩy trang - 150 miếng;8691275000523;0.00;0.00;0.00;0.00;VIE GROUP HCM;Default Piling Area;Default Shelf;33;30;3;0;0;0.00;0;2.93;1;24707.53;815348.49;Còn hàng;Chưa chọn danh mục;;;Single SKU;
https://res.bigseller.pro/sku/images/merchantsku/944484/502785_1754366219569.jpg?imageView2/1/w/300/h/300;1794;INTIMATE Dung dịch vệ sinh Intimate Ziaja 200ml - Vỏ Sồi;;0.00;0.00;0.00;0.00;VIE GROUP HCM;Default Piling Area;Default Shelf;0;0;0;0;0;0.00;0;1.00;--;105618.56;0.00;Ngừng bán;Chưa chọn danh mục;;;Single SKU;
https://res.bigseller.pro/sku/images/merchantsku/944484/186121_1754365818156.jpg?imageView2/1/w/300/h/300;1793;INTIMATE Dung dịch vệ sinh Intimate Ziaja 200ml - Hoa Lan Chuông;;0.00;0.00;0.00;0.00;VIE GROUP HCM;Default Piling Area;Default Shelf;0;0;0;0;0;0.00;0;1.00;--;105618.56;0.00;Ngừng bán;Chưa chọn danh mục;;;Single SKU;
https://res.bigseller.pro/sku/images/merchantsku/944484/306426_1771995255219.jpg?imageView2/1/w/300/h/300;1792;Sữa Dưỡng Thể Instituto Espanol 5% Urea + Pantenol Loción Corporal Cấp Ẩm, Phục Hồi Da 400ml;;0.00;0.00;0.00;0.00;VIE GROUP HCM;Default Piling Area;Default Shelf;0;0;0;0;0;0.00;0;0.00;--;168476.00;0.00;Ngừng bán;Chưa chọn danh mục;;;Single SKU;
https://res.bigseller.pro/sku/images/merchantsku/944484/745408_1789051732979.jpg?imageView2/1/w/300/h/300;1789;INNISFREE NEW Kem Chống Nắng Tone Up No Sebum Sunscreen EX SPF 50+ PA++++ NEW 60ML - XANH LÁ;;0.00;0.00;0.00;0.00;VIE GROUP HCM;Default Piling Area;Default Shelf;0;0;0;0;0;0.00;0;0.00;--;130211.46;0.00;Còn hàng;Chưa chọn danh mục;;;Single SKU;
https://res.bigseller.pro/sku/images/merchantsku/944484/927423_1754365811672.jpg?imageView2/1/w/300/h/300;1787;I'M FROM Sữa rửa mặt Ngải Cứu Mugwort Gel - 30ml;;0.00;0.00;0.00;0.00;VIE GROUP HCM;Default Piling Area;Default Shelf;0;0;0;0;0;0.00;0;0.00;--;14000.00;0.00;Ngừng bán;Chưa chọn danh mục;;;Single SKU;
https://res.bigseller.pro/sku/images/merchantsku/944484/636110_1767774318005.jpg?imageView2/1/w/300/h/300;1786;I'm From Mặt nạ giấy Vitamin Tree Sheet Mask 22ml;;0.00;0.00;0.00;0.00;VIE GROUP HCM;Default Piling Area;Default Shelf;29;0;29;0;0;0.00;0;0.67;43;10000.00;290000.00;Còn hàng;Chưa chọn danh mục;;;Single SKU;
https://res.bigseller.pro/sku/images/merchantsku/944484/690717_1755574305256.jpg?imageView2/1/w/300/h/300;1785;I'M FROM Mặt Nạ Chiết Xuất Ngải Cứu Làm Dịu Da Mugwort Sheet Mask - 20ml;;0.00;0.00;0.00;0.00;VIE GROUP HCM;Default Piling Area;Default Shelf;1;0;1;0;0;0.00;0;0.00;--;10000.00;10000.00;Còn hàng;Chưa chọn danh mục;;;Single SKU;
https://res.bigseller.pro/sku/images/merchantsku/944484/885671_1754998487761.jpg?imageView2/1/w/300/h/300;1784;I'M FROM Gel Dưỡng Vitamin Tree Water Gel 75g;8809331315553;0.00;0.00;0.00;0.00;VIE GROUP HCM;Default Piling Area;Default Shelf;0;0;0;0;0;0.00;0;0.80;0;271148.61;0.00;Còn hàng;Chưa chọn danh mục;;;Single SKU;
https://res.bigseller.pro/sku/images/merchantsku/944484/408536_1754366312819.jpg?imageView2/1/w/300/h/300;1783;ICARE Dầu Gội Pharma Antisol dược liệu pH 6.5 240ml;8938532677112;0.00;0.00;0.00;0.00;VIE GROUP HCM;Default Piling Area;Default Shelf;21;4;17;0;0;0.00;0;1.33;13;183384.00;3851064.00;Còn hàng;Chưa chọn danh mục;;;Single SKU;
https://res.bigseller.pro/sku/images/merchantsku/944484/823079_1754366220008.jpg?imageView2/1/w/300/h/300;1782;HYAESTIC Pure Retinol tái tạo da 30ml - 1% Retinol;;0.00;0.00;0.00;0.00;VIE GROUP HCM;Default Piling Area;Default Shelf;0;0;0;0;0;0.00;0;0.00;--;1.00;0.00;Ngừng bán;Chưa chọn danh mục;;;Single SKU;
https://res.bigseller.pro/sku/images/merchantsku/944484/035301_1754361505126.jpg?imageView2/1/w/300/h/300;1781;HYAESTIC Kem chống nắng vật lý Hyaestic Mineral & Non-nano Sunscreen SPF45 60ml;;0.00;0.00;0.00;0.00;VIE GROUP HCM;Default Piling Area;Default Shelf;0;0;0;0;0;0.00;0;0.00;--;541772.73;0.00;Ngừng bán;Chưa chọn danh mục;;;Single SKU;
https://res.bigseller.pro/sku/images/merchantsku/944484/735590_1754366219859.jpg?imageView2/1/w/300/h/300;1780;HYAESTIC Kem chống nắng Skin Fusion SF64 Sun And Pollution Protector SPF50+ - 50ml;;0.00;0.00;0.00;0.00;VIE GROUP HCM;Default Piling Area;Default Shelf;0;0;0;0;0;0.00;0;0.00;--;538823.53;0.00;Ngừng bán;Chưa chọn danh mục;;;Single SKU;
https://res.bigseller.pro/sku/images/merchantsku/944484/881191_1754365907857.jpg?imageView2/1/w/300/h/300;1779;HUXLEY Mặt nạ tẩy tế bào chết Scrub Mask - 30gr;;0.00;0.00;0.00;0.00;VIE GROUP HCM;Default Piling Area;Default Shelf;0;0;0;0;0;0.00;0;0.00;--;56600.00;0.00;Còn hàng;Chưa chọn danh mục;;;Single SKU;
https://res.bigseller.pro/sku/images/merchantsku/944484/588188_1770000236230.jpg?imageView2/1/w/300/h/300;1778;HORUS Bông Tẩy Trang 100% Cotton Thiên Nhiên Horus Soft Cotton Pads - 120 Miếng;;0.00;0.00;0.00;0.00;VIE GROUP HCM;Default Piling Area;Default Shelf;0;0;0;0;0;0.00;0;0.00;--;10000.00;0.00;Ngừng bán;Chưa chọn danh mục;;;Single SKU;
https://res.bigseller.pro/sku/images/merchantsku/944484/988409_1766131756638.jpg?imageView2/1/w/300/h/300;1777;HETRAS Sữa tắm Hetras Hotel Therapy Body Wash No.20 Santal Fresh;8809922133771;0.00;0.00;0.00;0.00;VIE GROUP HCM;Default Piling Area;Default Shelf;51;0;51;0;0;0.00;0;0.43;118;205000.00;10455000.00;Còn hàng;Chưa chọn danh mục;;;Single SKU;
https://res.bigseller.pro/sku/images/merchantsku/944484/068334_1788534019389.jpg?imageView2/1/w/300/h/300;1776;HETRAS Sữa tắm Hetras Hotel Therapy Body Wash No.07 - Hotel Wood 1013ml;8809922133795;0.00;0.00;0.00;0.00;VIE GROUP HCM;Default Piling Area;Default Shelf;84;0;84;0;0;0.00;0;0.60;140;205000.00;17220000.00;Còn hàng;Chưa chọn danh mục;;;Single SKU;
https://res.bigseller.pro/sku/images/merchantsku/944484/354656_1754365813065.jpg?imageView2/1/w/300/h/300;1775;HERBAL ESSENCES Dầu Xả Tinh Dầu Argan Morocco 400ml - Phục hồi Xanh dương;8001090222879;0.00;0.00;0.00;0.00;VIE GROUP HCM;Default Piling Area;Default Shelf;0;0;0;0;0;0.00;0;0.00;--;132212.00;0.00;Ngừng bán;Chưa chọn danh mục;;;Single SKU;
https://res.bigseller.pro/sku/images/merchantsku/944484/800940_1755553018470.jpg?imageView2/1/w/300/h/300;1774;HERBAL ESSENCES Dầu Gội Tinh Dầu Argan Morocco 400ml - Phục hồi Xanh dương;;0.00;0.00;0.00;0.00;VIE GROUP HCM;Default Piling Area;Default Shelf;0;0;0;0;0;0.00;0;0.00;--;132212.00;0.00;Ngừng bán;Chưa chọn danh mục;;;Single SKU;
https://res.bigseller.pro/sku/images/merchantsku/944484/545191_1758025647908.jpg?imageView2/1/w/300/h/300;1773;HERBAL ESSENCES Dầu Gội Tinh Dầu Argan Morocco 400ml - HỒNG Dâu tây & bạc hà;;0.00;0.00;0.00;0.00;VIE GROUP HCM;Default Piling Area;Default Shelf;9;0;9;0;0;0.00;0;0.00;--;132212.00;1189908.00;Còn hàng;Chưa chọn danh mục;;;Single SKU;
https://res.bigseller.pro/sku/images/merchantsku/944484/153866_1754365620943.jpg?imageView2/1/w/300/h/300;1772;HERBAL ESSENCES Dầu Gội Tinh Dầu Argan Morocco 400ml - Bồng bềnh Cam;8001090222480;0.00;0.00;0.00;0.00;VIE GROUP HCM;Default Piling Area;Default Shelf;0;0;0;0;0;0.00;0;0.00;--;132212.00;0.00;Ngừng bán;Chưa chọn danh mục;;;Single SKU;
https://res.bigseller.pro/sku/images/merchantsku/944484/723597_1754365726120.jpg?imageView2/1/w/300/h/300;1771;HERALAB Nước Giặt Đồ Lót Hương Hoa Cỏ Khử Mùi An Toàn Cho Da 300ml;;0.00;0.00;0.00;0.00;VIE GROUP HCM;Default Piling Area;Default Shelf;5;0;5;0;0;0.00;0;0.00;--;0.00;0.00;Còn hàng;Chưa chọn danh mục;;;Single SKU;
https://res.bigseller.pro/sku/images/merchantsku/944484/555372_1754365710711.jpg?imageView2/1/w/300/h/300;1770;HATOMUGI  Nước Cân Bằng Naturie Toner Chiết Xuất Hạt Ý Dĩ Cấp Ẩm, Dưỡng Da Mềm Mượt 500ml;4513574025882;0.00;0.00;0.00;0.00;VIE GROUP HCM;Default Piling Area;Default Shelf;8;0;8;0;0;0.00;0;0.00;--;73490.91;587927.28;Còn hàng;HATOMUGI;;;Single SKU;
https://res.bigseller.pro/sku/images/merchantsku/944484/423884_1754366215277.jpg?imageView2/1/w/300/h/300;1769;HATOMUGI Xịt Khoáng Reihaku Face Mist Lotion ý dĩ dưỡng ẩm và làm sáng da 250ml;4513574031319;0.00;0.00;0.00;0.00;VIE GROUP HCM;Default Piling Area;Default Shelf;0;0;0;0;0;0.00;0;0.00;--;54218.75;0.00;Ngừng bán;HATOMUGI;;;Single SKU;
https://res.bigseller.pro/sku/images/merchantsku/944484/464022_1754365908274.jpg?imageView2/1/w/300/h/300;1768;HATOMUGI Sữa tắm Moisturizing & Washing 800ml;4513574027077;0.00;0.00;0.00;0.00;VIE GROUP HCM;Default Piling Area;Default Shelf;0;0;0;0;0;0.00;0;0.00;--;74705.88;0.00;Ngừng bán;HATOMUGI;;;Single SKU;
https://res.bigseller.pro/sku/images/merchantsku/944484/217114_1754366310298.jpg?imageView2/1/w/300/h/300;1767;HATOMUGI Sữa Rửa Mặt The Medicated Facial Foam 130g (Xanh dương);;0.00;0.00;0.00;0.00;VIE GROUP HCM;Default Piling Area;Default Shelf;0;0;0;0;0;0.00;0;0.60;0;35083.12;0.00;Còn hàng;HATOMUGI;;;Single SKU;
https://res.bigseller.pro/sku/images/merchantsku/944484/960687_1754364218292.jpg?imageView2/1/w/300/h/300;1766;HATOMUGI Sữa Rửa Mặt Reihaku Hatomugi Facial Foam 170g;4513574029590;0.00;0.00;0.00;0.00;VIE GROUP HCM;Default Piling Area;Default Shelf;3;0;3;0;0;0.00;0;0.58;5;38630.43;115891.29;Còn hàng;HATOMUGI;;;Single SKU;
https://res.bigseller.pro/sku/images/merchantsku/944484/623374_1754365718406.jpg?imageView2/1/w/300/h/300;1765;HATOMUGI Sữa Rửa Mặt Cleansing & Facial Washing 130g;4513574027060;0.00;0.00;0.00;0.00;VIE GROUP HCM;Default Piling Area;Default Shelf;5;0;5;0;0;0.00;0;0.00;--;35098.36;175491.80;Còn hàng;HATOMUGI;;;Single SKU;
https://res.bigseller.pro/sku/images/merchantsku/944484/726581_1754365911147.jpg?imageView2/1/w/300/h/300;1764;HATOMUGI Kem Dưỡng Moisturizing Conditioning The Milky 300g;4513574030015;0.00;0.00;0.00;0.00;VIE GROUP HCM;Default Piling Area;Default Shelf;0;0;0;0;0;0.00;0;0.00;--;84218.75;0.00;Ngừng bán;HATOMUGI;;;Single SKU;
https://res.bigseller.pro/sku/images/merchantsku/944484/698439_1754365720547.jpg?imageView2/1/w/300/h/300;1763;HATOMUGI Kem Chống Nắng Reihaku UV Care & Moisturizing Milky Gel SPF50+ PA++++ 80g;;0.00;0.00;0.00;0.00;VIE GROUP HCM;Default Piling Area;Default Shelf;4;0;4;0;0;0.00;0;0.00;--;74528.85;298115.40;Còn hàng;HATOMUGI;;;Single SKU;
https://res.bigseller.pro/sku/images/merchantsku/944484/861346_1754364216739.jpg?imageView2/1/w/300/h/300;1762;HALLS XS Kẹo ngậm Không Đường Giúp Thơm Miệng, Giảm Ho, Đau Họng 12.6g - Watermelon;8850338009839;0.00;0.00;0.00;0.00;VIE GROUP HCM;Default Piling Area;Default Shelf;8;0;8;0;0;0.00;0;0.50;16;18274.30;146194.40;Còn hàng;HALLS;;;Single SKU;
https://res.bigseller.pro/sku/images/merchantsku/944484/301563_1754919948881.jpg?imageView2/1/w/300/h/300;1761;HALLS XS Kẹo ngậm Không Đường Giúp Thơm Miệng, Giảm Ho, Đau Họng 12.6g - Mixed Berry;8850338019029;0.00;0.00;0.00;0.00;VIE GROUP HCM;Default Piling Area;Default Shelf;31;0;31;0;0;0.00;0;0.50;62;18256.95;565965.45;Còn hàng;HALLS;;;Single SKU;
https://res.bigseller.pro/sku/images/merchantsku/944484/739749_1754366309025.jpg?imageView2/1/w/300/h/300;1760;HALLS XS Kẹo ngậm Không Đường Giúp Thơm Miệng, Giảm Ho, Đau Họng 12.6g - Mentholyptus;;0.00;0.00;0.00;0.00;VIE GROUP HCM;Default Piling Area;Default Shelf;0;0;0;0;0;0.00;0;0.00;--;18600.48;0.00;Còn hàng;HALLS;;;Single SKU;
https://res.bigseller.pro/sku/images/merchantsku/944484/742320_1754365904364.jpg?imageView2/1/w/300/h/300;1759;HALLS XS Kẹo ngậm Không Đường Giúp Thơm Miệng, Giảm Ho, Đau Họng 12.6g - Lime;8850338009440;0.00;0.00;0.00;0.00;VIE GROUP HCM;Default Piling Area;Default Shelf;0;0;0;0;0;0.00;0;1.29;0;18529.86;0.00;Còn hàng;HALLS;;;Single SKU;
https://res.bigseller.pro/sku/images/merchantsku/944484/617000_1754365725074.jpg?imageView2/1/w/300/h/300;1758;HALLS Kẹo Ngậm Bạc Hà Thơm Miệng The Mát Sảng Khoái Thái Lan Thanh 9 Viên - YELLOW;8850338008641;0.00;0.00;0.00;0.00;VIE GROUP HCM;Default Piling Area;Default Shelf;0;0;0;0;0;0.00;0;0.00;--;4650.87;0.00;Còn hàng;HALLS;;;Single SKU;
https://res.bigseller.pro/sku/images/merchantsku/944484/027658_1754366221430.jpg?imageView2/1/w/300/h/300;1757;HALLS Kẹo Ngậm Bạc Hà Thơm Miệng The Mát Sảng Khoái Thái Lan Thanh 9 Viên - PINK;;0.00;0.00;0.00;0.00;VIE GROUP HCM;Default Piling Area;Default Shelf;0;0;0;0;0;0.00;0;0.00;--;4650.00;0.00;Còn hàng;HALLS;;;Single SKU;
https://res.bigseller.pro/sku/images/merchantsku/944484/586846_1754365629979.jpg?imageView2/1/w/300/h/300;1756;HALLS Kẹo Ngậm Bạc Hà Thơm Miệng The Mát Sảng Khoái Thái Lan Thanh 9 Viên - GREEN;8850338007644;0.00;0.00;0.00;0.00;VIE GROUP HCM;Default Piling Area;Default Shelf;0;0;0;0;0;0.00;0;0.00;--;4650.69;0.00;Còn hàng;HALLS;;;Single SKU;
https://res.bigseller.pro/sku/images/merchantsku/944484/778667_1755553018825.jpg?imageView2/1/w/300/h/300;1755;GRACE AND GLOW Sữa tắm Black Opium Brightening Body Wash 400ml - 05.Miss Moisture;6970146293977;0.00;0.00;0.00;0.00;VIE GROUP HCM;Default Piling Area;Default Shelf;0;0;0;0;0;0.00;0;0.00;--;95500.00;0.00;Ngừng bán;Chưa chọn danh mục;;;Single SKU;
https://res.bigseller.pro/sku/images/merchantsku/944484/077094_1754365710717.jpg?imageView2/1/w/300/h/300;1754;GOONGBE Lotion Dưỡng Ẩm Toàn Thân Primmune Moisture - 350ml;;0.00;0.00;0.00;0.00;VIE GROUP HCM;Default Piling Area;Default Shelf;0;0;0;0;0;0.00;0;0.00;--;382800.00;0.00;Còn hàng;GOONGBE;;;Single SKU;
https://res.bigseller.pro/sku/images/merchantsku/944484/124434_1754365810814.jpg?imageView2/1/w/300/h/300;1753;GOONGBE  Sữa Tắm Gội 2in1 Pri-mmune Shampoo & Bath - 350ml;;0.00;0.00;0.00;0.00;VIE GROUP HCM;Default Piling Area;Default Shelf;0;0;0;0;0;0.00;0;0.18;0;0.00;0.00;Còn hàng;GOONGBE;;;Single SKU;
https://res.bigseller.pro/sku/images/merchantsku/944484/089533_1754365902592.jpg?imageView2/1/w/300/h/300;1752;GOONGBE  Kem Dưỡng Ẩm Primmune Moisture Cream Cấp Ẩm Sâu 72h - 30ml;8809278716857;0.00;0.00;0.00;0.00;VIE GROUP HCM;Default Piling Area;Default Shelf;0;0;0;0;0;0.00;0;0.00;--;61600.00;0.00;Ngừng bán;GOONGBE;;;Single SKU;
https://res.bigseller.pro/sku/images/merchantsku/944484/440074_1754364214640.jpg?imageView2/1/w/300/h/300;1751;GOONGBE  Kem Dưỡng Ẩm Primmune Moisture Cream Cấp Ẩm Sâu 72h - 180ml;;0.00;0.00;0.00;0.00;VIE GROUP HCM;Default Piling Area;Default Shelf;0;0;0;0;0;0.00;0;0.00;0;314600.00;0.00;Ngừng bán;GOONGBE;;;Single SKU;
https://res.bigseller.pro/sku/images/merchantsku/944484/286041_1754998487751.jpg?imageView2/1/w/300/h/300;1750;GOODNDOC Toner AC Control Blemish 150ml;8809083979256;0.00;0.00;0.00;0.00;VIE GROUP HCM;Default Piling Area;Default Shelf;0;0;0;0;0;0.00;0;0.00;--;272550.00;0.00;Còn hàng;GOODNDOC;;;Single SKU;
https://res.bigseller.pro/sku/images/merchantsku/944484/549417_1754364220875.jpg?imageView2/1/w/300/h/300;1749;GOODNDOC Serum Vitamin C-16.5 Daily Whitening 30ml;8809083979270;0.00;0.00;0.00;0.00;VIE GROUP HCM;Default Piling Area;Default Shelf;6;0;6;0;0;0.00;0;0.03;200;286366.67;1718200.02;Còn hàng;GOODNDOC;;;Single SKU;
https://res.bigseller.pro/sku/images/merchantsku/944484/198889_1754365630465.jpg?imageView2/1/w/300/h/300;1748;GOODNDOC Serum HYDRA B5 50ml (mới);;0.00;0.00;0.00;0.00;VIE GROUP HCM;Default Piling Area;Default Shelf;0;0;0;0;0;0.00;0;0.00;--;323450.00;0.00;Còn hàng;GOODNDOC;;;Single SKU;
https://res.bigseller.pro/sku/images/merchantsku/944484/769260_1754365907724.jpg?imageView2/1/w/300/h/300;1747;GOODNDOC Serum HYDRA B5 30ml;8809083979508;0.00;0.00;0.00;0.00;VIE GROUP HCM;Default Piling Area;Default Shelf;28;0;28;0;0;0.00;0;0.08;350;306210.00;8573880.00;Còn hàng;GOODNDOC;;;Single SKU;
https://res.bigseller.pro/sku/images/merchantsku/944484/356230_1754365621428.jpg?imageView2/1/w/300/h/300;1746;GOODNDOC MASK Repair Complex Beta - Glucan - 25ml;8809083976293;0.00;0.00;0.00;0.00;VIE GROUP HCM;Default Piling Area;Default Shelf;0;0;0;0;0;0.00;0;0.00;--;20000.00;0.00;Còn hàng;GOODNDOC;;;Single SKU;
https://res.bigseller.pro/sku/images/merchantsku/944484/207212_1754366310153.jpg?imageView2/1/w/300/h/300;1745;GOODNDOC Kem Dưỡng Da Centella Repair Cream 50ml;8809083979539;0.00;0.00;0.00;0.00;VIE GROUP HCM;Default Piling Area;Default Shelf;6;0;6;0;0;0.00;0;0.96;6;329220.00;1975320.00;Còn hàng;GOODNDOC;;;Single SKU;
https://res.bigseller.pro/sku/images/merchantsku/944484/825111_1754998317210.jpg?imageView2/1/w/300/h/300;1744;GOODNDOC Kem dưỡng ẩm ốc sên Snail Ultra Moisture Cream - 50ml;8809083979546;0.00;0.00;0.00;0.00;VIE GROUP HCM;Default Piling Area;Default Shelf;0;0;0;0;0;0.00;0;0.00;--;292695.00;0.00;Còn hàng;GOODNDOC;;;Single SKU;
https://res.bigseller.pro/sku/images/merchantsku/944484/163283_1754366306738.jpg?imageView2/1/w/300/h/300;1743;GOODNDOC Kem dưỡng ẩm lô hội Aloe Vera Hydra Soothing Cream - 50g;;0.00;0.00;0.00;0.00;VIE GROUP HCM;Default Piling Area;Default Shelf;0;0;0;0;0;0.00;0;0.00;--;297016.67;0.00;Còn hàng;GOODNDOC;;;Single SKU;
https://res.bigseller.pro/sku/images/merchantsku/944484/291848_1754365621982.jpg?imageView2/1/w/300/h/300;1742;GOODNDOC Dưỡng Chất Beta Glucan Repair Complex Serum 30ml;8809083975388;0.00;0.00;0.00;0.00;VIE GROUP HCM;Default Piling Area;Default Shelf;4;1;3;0;0;0.00;0;0.04;100;352820.00;1411280.00;Còn hàng;GOODNDOC;;;Single SKU;
https://res.bigseller.pro/sku/images/merchantsku/944484/870267_1772770474738.jpg?imageView2/1/w/300/h/300;1741;GOODNDOC - Kem Dưỡng Matcha Milk Exosome Cream 50ml;8809083978884;0.00;0.00;0.00;0.00;VIE GROUP HCM;Default Piling Area;Default Shelf;2;0;2;0;0;0.00;0;0.00;--;190800.00;381600.00;Còn hàng;GOODNDOC;;;Single SKU;
https://res.bigseller.pro/sku/images/merchantsku/944484/903014_1754365710809.jpg?imageView2/1/w/300/h/300;1738;GLORIE  Sáp Rửa Cọ Trang Điểm Brush Makeup Cleansing Soap 130g;;0.00;0.00;0.00;0.00;VIE GROUP HCM;Default Piling Area;Default Shelf;0;0;0;0;0;0.00;0;10.00;0;110341.04;0.00;Còn hàng;Chưa chọn danh mục;;;Single SKU;
;1737;GLAMRR Q  Xịt Khóa Nền Vegan Super Stay Makeup Fixer Dewy Glow - 50ml;;0.00;0.00;0.00;0.00;VIE GROUP HCM;Default Piling Area;Default Shelf;0;0;0;0;0;0.00;0;0.00;--;195833.00;0.00;Còn hàng;Chưa chọn danh mục;;;Single SKU;
https://res.bigseller.pro/sku/images/merchantsku/944484/358917_1775207941320.jpg?imageView2/1/w/300/h/300;1736;GLAMRR Q  Xịt Khóa Nền Vegan Super Stay Makeup Fixer Dewy Glow - 130ml;;0.00;0.00;0.00;0.00;VIE GROUP HCM;Default Piling Area;Default Shelf;14;0;14;0;0;0.00;0;0.10;140;280000.00;3920000.00;Còn hàng;Chưa chọn danh mục;;;Single SKU;
https://res.bigseller.pro/sku/images/merchantsku/944484/103579_1776091990558.jpg?imageView2/1/w/300/h/300;1735;GLAMRR Q  Xịt Khóa Nền Vegan Super Stay Makeup Fixer 01 Natural Bulur - 50ml;;0.00;0.00;0.00;0.00;VIE GROUP HCM;Default Piling Area;Default Shelf;0;0;0;0;0;0.00;0;0.00;--;195834.00;0.00;Còn hàng;Chưa chọn danh mục;;;Single SKU;
https://res.bigseller.pro/sku/images/merchantsku/944484/772193_1776091990179.jpg?imageView2/1/w/300/h/300;1734;GLAMRR Q  Xịt Khóa Nền Vegan Super Stay Makeup Fixer 01 Natural Bulur - 130ml;;0.00;0.00;0.00;0.00;VIE GROUP HCM;Default Piling Area;Default Shelf;0;0;0;0;0;0.00;0;0.08;0;280000.00;0.00;Còn hàng;Chưa chọn danh mục;;;Single SKU;
https://res.bigseller.pro/sku/images/merchantsku/944484/004251_1758198534044.jpg?imageView2/1/w/300/h/300;1733;GIRLZ ONLY Dầu Gội Khô 200ml - Tím;5021320125018;0.00;0.00;0.00;0.00;VIE GROUP HCM;Default Piling Area;Default Shelf;0;0;0;0;0;0.00;0;0.00;--;56900.00;0.00;Ngừng bán;Chưa chọn danh mục;;;Single SKU;
https://res.bigseller.pro/sku/images/merchantsku/944484/758938_1774841929448.jpg?imageView2/1/w/300/h/300;1732;GILLETTTE Dao Cạo Nữ Daisy Women Daisy Plus (Gói 2 Cây);8888826016243;0.00;0.00;0.00;0.00;VIE GROUP HCM;Default Piling Area;Default Shelf;0;0;0;0;0;0.00;0;0.00;--;15586.00;0.00;Ngừng bán;Chưa chọn danh mục;;;Single SKU;
https://res.bigseller.pro/sku/images/merchantsku/944484/550157_1754919949442.jpg?imageView2/1/w/300/h/300;1731;GILLETTE Lưỡi Dao Cạo Cho Phụ Nữ Venus Comfortglide White Tea ( Set 4 lưỡi );;0.00;0.00;0.00;0.00;VIE GROUP HCM;Default Piling Area;Default Shelf;2;0;2;0;0;0.00;0;0.00;--;282148.00;564296.00;Còn hàng;Chưa chọn danh mục;;;Single SKU;
https://res.bigseller.pro/sku/images/merchantsku/944484/022409_1754998487813.jpg?imageView2/1/w/300/h/300;1730;GILLETTE Hộp 4 lưỡi Dao Cạo Râu Vector;3014260301705;0.00;0.00;0.00;0.00;VIE GROUP HCM;Default Piling Area;Default Shelf;10;0;10;0;0;0.00;0;0.03;333;44795.41;447954.10;Còn hàng;Chưa chọn danh mục;;;Single SKU;
https://res.bigseller.pro/sku/images/merchantsku/944484/019890_1754366312616.jpg?imageView2/1/w/300/h/300;1729;GILLETTE Gel Khử Mùi Arctic Ice Clear Gel cho nam 107g - Cool Wave;47400097728;0.00;0.00;0.00;0.00;VIE GROUP HCM;Default Piling Area;Default Shelf;0;0;0;0;0;0.00;0;0.00;--;97517.69;0.00;Ngừng bán;Chưa chọn danh mục;;;Single SKU;
https://res.bigseller.pro/sku/images/merchantsku/944484/250813_1754365718023.jpg?imageView2/1/w/300/h/300;1728;GILLETTE Gel Khử Mùi Arctic Ice Clear Gel cho nam 107g - Arctic;47400307308;0.00;0.00;0.00;0.00;VIE GROUP HCM;Default Piling Area;Default Shelf;0;0;0;0;0;0.00;0;0.00;--;97166.59;0.00;Ngừng bán;Chưa chọn danh mục;;;Single SKU;
https://res.bigseller.pro/sku/images/merchantsku/944484/168508_1754366217749.jpg?imageView2/1/w/300/h/300;1727;GILLETTE Dao cạo Super Thin II cán vàng túi 5 + 1 cái;7702018017386;0.00;0.00;0.00;0.00;VIE GROUP HCM;Default Piling Area;Default Shelf;4;0;4;0;0;0.00;0;0.00;--;32628.00;130512.00;Còn hàng;Chưa chọn danh mục;;;Single SKU;
https://res.bigseller.pro/sku/images/merchantsku/944484/970826_1755687689541.jpg?imageView2/1/w/300/h/300;1726;GILLETTE Dao cạo râu Vector ( Cán + 1 lưỡi dao đi kèm );;0.00;0.00;0.00;0.00;VIE GROUP HCM;Default Piling Area;Default Shelf;10;0;10;0;0;0.00;0;0.03;333;39185.92;391859.20;Còn hàng;Chưa chọn danh mục;;;Single SKU;
https://res.bigseller.pro/sku/images/merchantsku/944484/485714_1754365722718.jpg?imageView2/1/w/300/h/300;1725;GILLETTE Dao Cạo Râu Fusion Proglide 5 Manual (1 Cán + 1 Đầu + 1 Nắp Bảo Vệ);7702018358649;0.00;0.00;0.00;0.00;VIE GROUP HCM;Default Piling Area;Default Shelf;1;0;1;0;0;0.00;0;0.03;33;206494.00;206494.00;Còn hàng;Chưa chọn danh mục;;;Single SKU;
https://res.bigseller.pro/sku/images/merchantsku/944484/434082_1754365629102.jpg?imageView2/1/w/300/h/300;1724;GILLETTE Dao Cạo Râu Blue 3 -Vỉ 4 Sensitive;4902430585996;0.00;0.00;0.00;0.00;VIE GROUP HCM;Default Piling Area;Default Shelf;0;0;0;0;0;0.00;0;0.00;--;77706.00;0.00;Ngừng bán;Chưa chọn danh mục;;;Single SKU;
https://res.bigseller.pro/sku/images/merchantsku/944484/762164_1754366212029.jpg?imageView2/1/w/300/h/300;1723;GILLETTE Dao Cạo Râu Blue 3 -Vỉ 4 Cool;4902430440950;0.00;0.00;0.00;0.00;VIE GROUP HCM;Default Piling Area;Default Shelf;0;0;0;0;0;0.00;0;0.00;--;77752.00;0.00;Ngừng bán;Chưa chọn danh mục;;;Single SKU;
https://res.bigseller.pro/sku/images/merchantsku/944484/616736_1754365811720.jpg?imageView2/1/w/300/h/300;1722;GILLETTE Dao Cạo Râu Blue 3 -Vỉ 4 Comfort;7702018001538;0.00;0.00;0.00;0.00;VIE GROUP HCM;Default Piling Area;Default Shelf;0;0;0;0;0;0.00;0;0.00;--;69950.00;0.00;Ngừng bán;Chưa chọn danh mục;;;Single SKU;
https://res.bigseller.pro/sku/images/merchantsku/944484/683081_1754365819965.jpg?imageView2/1/w/300/h/300;1721;GILLETTE Dao Cạo Râu Blue 3 -Vỉ 2 Sensitive;4902430585972;0.00;0.00;0.00;0.00;VIE GROUP HCM;Default Piling Area;Default Shelf;2;0;2;0;0;0.00;0;0.00;--;42797.00;85594.00;Còn hàng;Chưa chọn danh mục;;;Single SKU;
https://res.bigseller.pro/sku/images/merchantsku/944484/214651_1754365619812.jpg?imageView2/1/w/300/h/300;1720;GILLETTE Dao Cạo Râu Blue 3 -Vỉ 2 Cool;4902430440936;0.00;0.00;0.00;0.00;VIE GROUP HCM;Default Piling Area;Default Shelf;0;0;0;0;0;0.00;0;0.00;--;42797.00;0.00;Ngừng bán;Chưa chọn danh mục;;;Single SKU;
https://res.bigseller.pro/sku/images/merchantsku/944484/209956_1754919949484.jpg?imageView2/1/w/300/h/300;1719;GILLETTE Dao Cạo Nữ Simply Venus Basic 3 Lưỡi Dao (Gói 2 Cây);;0.00;0.00;0.00;0.00;VIE GROUP HCM;Default Piling Area;Default Shelf;5;0;5;0;0;0.00;0;0.27;18;24678.30;123391.50;Còn hàng;Chưa chọn danh mục;;;Single SKU;
https://res.bigseller.pro/sku/images/merchantsku/944484/421356_1754364216725.jpg?imageView2/1/w/300/h/300;1718;GILLETTE Dao Cạo Cho Phụ Nữ Venus Comfortglide White Tea ( 1 cán + 2 lưỡi );;0.00;0.00;0.00;0.00;VIE GROUP HCM;Default Piling Area;Default Shelf;3;0;3;0;0;0.00;0;0.00;--;187556.00;562668.00;Còn hàng;Chưa chọn danh mục;;;Single SKU;
https://res.bigseller.pro/sku/images/merchantsku/944484/468644_1754365817058.jpg?imageView2/1/w/300/h/300;1717;GILLETTE Dao Cạo Cho Nữ Venus Smooth 2UP (1 Cán + 2 Lưỡi);;0.00;0.00;0.00;0.00;VIE GROUP HCM;Default Piling Area;Default Shelf;0;0;0;0;0;0.00;0;0.00;--;128430.83;0.00;Ngừng bán;Chưa chọn danh mục;;;Single SKU;
https://res.bigseller.pro/sku/images/merchantsku/944484/302482_1754361502731.jpg?imageView2/1/w/300/h/300;1716;GILLETTE Dao cạo Blue II Plus Cán xanh gói 5 + 1 cái;4902430508377;0.00;0.00;0.00;0.00;VIE GROUP HCM;Default Piling Area;Default Shelf;12;0;12;0;0;0.00;0;0.03;400;37692.57;452310.84;Còn hàng;Chưa chọn danh mục;;;Single SKU;
https://res.bigseller.pro/sku/images/merchantsku/944484/100875_1754365912039.jpg?imageView2/1/w/300/h/300;1715;GIANG'S Cao Xoa Bóp Thảo Dược Cổ Vai Gáy 15ml (Xanh);;0.00;0.00;0.00;0.00;VIE GROUP HCM;Default Piling Area;Default Shelf;0;0;0;0;0;0.00;0;0.00;--;27000.00;0.00;Ngừng bán;Chưa chọn danh mục;;;Single SKU;
https://res.bigseller.pro/sku/images/merchantsku/944484/755291_1762746907934.jpg?imageView2/1/w/300/h/300;1714;GARNIER Sữa Rửa Mặt Vitamin C Super Whip 50ml;;0.00;0.00;0.00;0.00;VIE GROUP HCM;Default Piling Area;Default Shelf;0;0;0;0;0;0.00;0;0.00;--;15423.53;0.00;Còn hàng;GARNIER;;;Single SKU;
https://res.bigseller.pro/sku/images/merchantsku/944484/181377_1763036628247.jpg?imageView2/1/w/300/h/300;1713;GARNIER Sữa Rửa Mặt Anti-Acne Cleansing Foam 50ml;;0.00;0.00;0.00;0.00;VIE GROUP HCM;Default Piling Area;Default Shelf;0;0;0;0;0;0.00;0;0.00;--;13499.74;0.00;Còn hàng;GARNIER;;;Single SKU;
https://res.bigseller.pro/sku/images/merchantsku/944484/747754_1754365817072.jpg?imageView2/1/w/300/h/300;1712;GARNIER Nước Tẩy Trang Micellar Cleansing Water 50ml - Xanh da hỗn hợp;8935274670388;0.00;0.00;0.00;0.00;VIE GROUP HCM;Default Piling Area;Default Shelf;0;0;0;0;0;0.00;0;0.00;--;12850.00;0.00;Còn hàng;GARNIER;;;Single SKU;
https://res.bigseller.pro/sku/images/merchantsku/944484/420783_1787047471388.jpg?imageView2/1/w/300/h/300;1711;GARNIER Nước Tẩy Trang Micellar Cleansing Water 50ml - Trắng make up;8935274669511;0.00;0.00;0.00;0.00;VIE GROUP HCM;Default Piling Area;Default Shelf;0;0;0;0;0;0.00;0;19.17;0;13969.84;0.00;Còn hàng;GARNIER;;;Single SKU;
https://res.bigseller.pro/sku/images/merchantsku/944484/480209_1754365911222.jpg?imageView2/1/w/300/h/300;1710;GARNIER Nước Tẩy Trang Micellar Cleansing Water 50ml - Hồng nhạy cảm;8935274642620;0.00;0.00;0.00;0.00;VIE GROUP HCM;Default Piling Area;Default Shelf;0;0;0;0;0;0.00;0;0.00;--;12122.45;0.00;Còn hàng;GARNIER;;;Single SKU;
https://res.bigseller.pro/sku/images/merchantsku/944484/326286_1762228950352.jpg?imageView2/1/w/300/h/300;1709;GARNIER Nước Tẩy Trang Micellar Cleansing Water 400ml - XANH NHẠT PHA-AHA;;0.00;0.00;0.00;0.00;VIE GROUP HCM;Default Piling Area;Default Shelf;1;0;1;0;0;0.00;0;0.00;--;156040.00;156040.00;Còn hàng;GARNIER;;;Single SKU;
https://res.bigseller.pro/sku/images/merchantsku/944484/306709_1754366312333.jpg?imageView2/1/w/300/h/300;1707;GARNIER Nước Tẩy Trang Micellar Cleansing Water 400ml - Xanh da hỗn hợp;8994993019670;0.00;0.00;0.00;0.00;VIE GROUP HCM;Default Piling Area;Default Shelf;82;0;82;0;0;0.00;0;0.43;190;114318.30;9374100.60;Còn hàng;GARNIER;;;Single SKU;
https://res.bigseller.pro/sku/images/merchantsku/944484/397325_1755553511333.jpg?imageView2/1/w/300/h/300;1706;GARNIER Nước Tẩy Trang Micellar Cleansing Water 400ml - Vàng Vitamin C;8994993013869;0.00;0.00;0.00;0.00;VIE GROUP HCM;Default Piling Area;Default Shelf;0;0;0;0;0;0.00;0;0.00;--;119054.03;0.00;Còn hàng;GARNIER;;;Single SKU;
https://res.bigseller.pro/sku/images/merchantsku/944484/431882_1754365908104.jpg?imageView2/1/w/300/h/300;1705;GARNIER Nước Tẩy Trang Micellar Cleansing Water 400ml - Trắng make up;6902395502005;0.00;0.00;0.00;0.00;VIE GROUP HCM;Default Piling Area;Default Shelf;0;0;0;0;0;0.00;0;0.28;0;130102.45;0.00;Còn hàng;GARNIER;;;Single SKU;
https://res.bigseller.pro/sku/images/merchantsku/944484/240262_1754366310068.jpg?imageView2/1/w/300/h/300;1704;GARNIER Nước Tẩy Trang Micellar Cleansing Water 400ml - Hồng nhạy cảm;6928820029589;0.00;0.00;0.00;0.00;VIE GROUP HCM;Default Piling Area;Default Shelf;39;0;39;0;0;0.00;0;1.53;25;114107.78;4450203.42;Còn hàng;GARNIER;;;Single SKU;
https://res.bigseller.pro/sku/images/merchantsku/944484/460391_1754366209379.jpg?imageView2/1/w/300/h/300;1702;GARNIER Nước Tẩy Trang Micellar Cleansing Water 125ml - Trắng make up;8935274670357;0.00;0.00;0.00;0.00;VIE GROUP HCM;Default Piling Area;Default Shelf;0;0;0;0;0;0.00;0;0.00;--;25741.38;0.00;Còn hàng;GARNIER;;;Single SKU;
https://res.bigseller.pro/sku/images/merchantsku/944484/421796_1783674019698.jpg?imageView2/1/w/300/h/300;1701;GARNIER KEM DƯỠNG ẨM VITAMIN C DRY TOUCH CREAM 30ML - VÀNG;;0.00;0.00;0.00;0.00;VIE GROUP HCM;Default Piling Area;Default Shelf;0;0;0;0;0;0.00;0;0.00;--;105270.47;0.00;Còn hàng;GARNIER;;;Single SKU;
https://res.bigseller.pro/sku/images/merchantsku/944484/916890_1783673726494.jpg?imageView2/1/w/300/h/300;1700;GARNIER KEM DƯỠNG ẨM NIACINAMIDE DRY TOUCH CREAM 30ML - HỒNG;8994993031467;0.00;0.00;0.00;0.00;VIE GROUP HCM;Default Piling Area;Default Shelf;1;0;1;0;0;0.00;0;0.00;--;104037.90;104037.90;Còn hàng;GARNIER;;;Single SKU;
https://res.bigseller.pro/sku/images/merchantsku/944484/828776_1783673711593.jpg?imageView2/1/w/300/h/300;1699;GARNIER Kem Dưỡng Ẩm Garnier Salicylic Dry Touch Cream 30ml - XANH DƯƠNG;8994993031269;0.00;0.00;0.00;0.00;VIE GROUP HCM;Default Piling Area;Default Shelf;1;0;1;0;0;0.00;0;0.00;--;105368.66;105368.66;Còn hàng;GARNIER;;;Single SKU;
https://res.bigseller.pro/sku/images/merchantsku/944484/882901_1760088265948.jpg?imageView2/1/w/300/h/300;1697;Garnier - LẺ 1 TUÝP Kem Dưỡng Garnier Mỏng Nhẹ Cấp Ẩm & Sáng Da 20ml;;0.00;0.00;0.00;0.00;VIE GROUP HCM;Default Piling Area;Default Shelf;0;0;0;0;0;0.00;0;0.00;--;18187.32;0.00;Còn hàng;GARNIER;;;Single SKU;
https://res.bigseller.pro/sku/images/merchantsku/944484/044362_1754366223272.jpg?imageView2/1/w/300/h/300;1696;FYSOLINE Xịt Nước Muối Isotonic spray 100ml;3401041330113;0.00;0.00;0.00;0.00;VIE GROUP HCM;Default Piling Area;Default Shelf;9;0;9;0;0;0.00;0;0.03;300;99450.00;895050.00;Còn hàng;Chưa chọn danh mục;;;Single SKU;
https://res.bigseller.pro/sku/images/merchantsku/944484/551195_1754365722717.jpg?imageView2/1/w/300/h/300;1695;FYSOLINE Nước Muối Sinh Lý - Vệ Sinh Mắt Mũi Miệng Hằng Ngày - Xanh 20 ống;;0.00;0.00;0.00;0.00;VIE GROUP HCM;Default Piling Area;Default Shelf;2;0;2;0;0;0.00;0;0.00;--;125978.00;251956.00;Còn hàng;Chưa chọn danh mục;;;Single SKU;
https://res.bigseller.pro/sku/images/merchantsku/944484/304463_1754366219704.jpg?imageView2/1/w/300/h/300;1694;FYSOLINE Nước Muối Sinh Lý - Vệ Sinh Mắt Mũi Miệng Hằng Ngày - Vàng 20 ống;;0.00;0.00;0.00;0.00;VIE GROUP HCM;Default Piling Area;Default Shelf;9;0;9;0;0;0.00;0;0.00;--;108424.00;975816.00;Còn hàng;Chưa chọn danh mục;;;Single SKU;
https://res.bigseller.pro/sku/images/merchantsku/944484/105883_1754365712402.jpg?imageView2/1/w/300/h/300;1691;FRESSI CARE ALL Khăn Ướt Face 100 Miếng - XANH DƯƠNG;8934755035197;0.00;0.00;0.00;0.00;VIE GROUP HCM;Default Piling Area;Default Shelf;0;0;0;0;0;0.00;0;0.00;0;39000.00;0.00;Ngừng bán;Chưa chọn danh mục;;;Single SKU;
https://res.bigseller.pro/sku/images/merchantsku/944484/641094_1754365912399.jpg?imageView2/1/w/300/h/300;1690;FORENCOS Kem Dưỡng Da Hàn Quốc 50ml - Vàng;8809058911533;0.00;0.00;0.00;0.00;VIE GROUP HCM;Default Piling Area;Default Shelf;3;0;3;0;0;0.00;0;0.00;--;338851.01;1016553.03;Còn hàng;Chưa chọn danh mục;;;Single SKU;
https://res.bigseller.pro/sku/images/merchantsku/944484/198148_1754366313695.jpg?imageView2/1/w/300/h/300;1689;FORENCOS Kem Dưỡng Da Hàn Quốc 10ml - Trắng;;0.00;0.00;0.00;0.00;VIE GROUP HCM;Default Piling Area;Default Shelf;0;0;0;0;0;0.00;0;6.25;0;86037.20;0.00;Còn hàng;Chưa chọn danh mục;;;Single SKU;
https://res.bigseller.pro/sku/images/merchantsku/944484/071527_1754365816224.jpg?imageView2/1/w/300/h/300;1688;FOODAHOLIC Mặt nạ giấy Essential Mask 23g - VITAMIN K;;0.00;0.00;0.00;0.00;VIE GROUP HCM;Default Piling Area;Default Shelf;5;0;5;0;0;0.00;0;0.03;166;6100.00;30500.00;Còn hàng;Chưa chọn danh mục;;;Single SKU;
https://res.bigseller.pro/sku/images/merchantsku/944484/482654_1754998314263.jpg?imageView2/1/w/300/h/300;1687;FOODAHOLIC Mặt nạ giấy Essential Mask 23g - VITAMIN E;;0.00;0.00;0.00;0.00;VIE GROUP HCM;Default Piling Area;Default Shelf;10;0;10;0;0;0.00;0;0.03;333;6100.00;61000.00;Còn hàng;Chưa chọn danh mục;;;Single SKU;
https://res.bigseller.pro/sku/images/merchantsku/944484/277298_1754365909654.jpg?imageView2/1/w/300/h/300;1686;FOODAHOLIC Mặt nạ giấy Essential Mask 23g - VITAMIN C;;0.00;0.00;0.00;0.00;VIE GROUP HCM;Default Piling Area;Default Shelf;23;0;23;0;0;0.00;0;0.70;32;6100.00;140300.00;Còn hàng;Chưa chọn danh mục;;;Single SKU;
https://res.bigseller.pro/sku/images/merchantsku/944484/263677_1754366312472.jpg?imageView2/1/w/300/h/300;1685;FOODAHOLIC Mặt nạ giấy Essential Mask 23g - VITAMIN B;;0.00;0.00;0.00;0.00;VIE GROUP HCM;Default Piling Area;Default Shelf;6;0;6;0;0;0.00;0;0.03;200;6100.00;36600.00;Còn hàng;Chưa chọn danh mục;;;Single SKU;
https://res.bigseller.pro/sku/images/merchantsku/944484/926173_1754365718333.jpg?imageView2/1/w/300/h/300;1684;FOODAHOLIC Mặt nạ giấy Essential Mask 23g - VITAMIN A;;0.00;0.00;0.00;0.00;VIE GROUP HCM;Default Piling Area;Default Shelf;11;0;11;0;0;0.00;0;0.03;366;6100.00;67100.00;Còn hàng;Chưa chọn danh mục;;;Single SKU;
https://res.bigseller.pro/sku/images/merchantsku/944484/760064_1754361503491.jpg?imageView2/1/w/300/h/300;1683;FOODAHOLIC Mặt nạ giấy Essential Mask 23g - COLLAGEN;;0.00;0.00;0.00;0.00;VIE GROUP HCM;Default Piling Area;Default Shelf;9;0;9;0;0;0.00;0;0.03;300;6100.00;54900.00;Còn hàng;Chưa chọn danh mục;;;Single SKU;
https://res.bigseller.pro/sku/images/merchantsku/944484/235791_1754365620037.jpg?imageView2/1/w/300/h/300;1682;FOODAHOLIC Mặt nạ Giấy Dưỡng Da 23g - Việt Quất;;0.00;0.00;0.00;0.00;VIE GROUP HCM;Default Piling Area;Default Shelf;6;0;6;0;0;0.00;0;0.00;--;4000.00;24000.00;Còn hàng;Chưa chọn danh mục;;;Single SKU;
https://res.bigseller.pro/sku/images/merchantsku/944484/617051_1782737632928.jpg?imageView2/1/w/300/h/300;1681;FOELLIE Sữa Rửa Mặt Miracle Morning Dạng Gel 150ML;;0.00;0.00;0.00;0.00;VIE GROUP HCM;Default Piling Area;Default Shelf;6;0;6;0;0;0.00;0;0.00;--;1.00;6.00;Còn hàng;Chưa chọn danh mục;;;Single SKU;
https://res.bigseller.pro/sku/images/merchantsku/944484/333959_1754919948954.jpg?imageView2/1/w/300/h/300;1680;FOELLIE Nước Hoa Vùng Kín Eau De Innerb Beauty Perfume 5ml - Bijou (chai đen);8809550300491;0.00;0.00;0.00;0.00;VIE GROUP HCM;Default Piling Area;Default Shelf;0;0;0;0;0;0.00;0;10.00;0;119273.37;0.00;Ngừng bán;Chưa chọn danh mục;;;Single SKU;
https://res.bigseller.pro/sku/images/merchantsku/944484/327832_1754366308306.jpg?imageView2/1/w/300/h/300;1679;FOCALSKIN Mặt Nạ Vitamin C Niacinamide 25ml – Lẻ 1 miếng;;0.00;0.00;0.00;0.00;VIE GROUP HCM;Default Piling Area;Default Shelf;0;0;0;0;0;0.00;0;0.00;--;9700.00;0.00;Còn hàng;Chưa chọn danh mục;;;Single SKU;
https://res.bigseller.pro/sku/images/merchantsku/944484/807283_1754365911037.jpg?imageView2/1/w/300/h/300;1678;FLOSLEK Sữa rửa mặt ANTI ACNE FACE CLEANSING GEL - 200ml [XT];;0.00;0.00;0.00;0.00;VIE GROUP HCM;Default Piling Area;Default Shelf;0;0;0;0;0;0.00;0;0.00;--;187166.01;0.00;Ngừng bán;Chưa chọn danh mục;;;Single SKU;
https://res.bigseller.pro/sku/images/merchantsku/944484/004175_1754365619360.jpg?imageView2/1/w/300/h/300;1677;FLOSLEK Sữa rửa mặt ANTI ACNE FACE CLEANSING GEL 200ml [CTY];;0.00;0.00;0.00;0.00;VIE GROUP HCM;Default Piling Area;Default Shelf;0;0;0;0;0;0.00;0;0.00;--;234800.00;0.00;Còn hàng;Chưa chọn danh mục;;;Single SKU;
https://res.bigseller.pro/sku/images/merchantsku/944484/099052_1754365811765.jpg?imageView2/1/w/300/h/300;1675;FLOSLEK Kem gel chấm mụn FLOSLEK 20ml;5905043024042;0.00;0.00;0.00;0.00;VIE GROUP HCM;Default Piling Area;Default Shelf;0;0;0;0;0;0.00;0;0.00;--;195100.00;0.00;Còn hàng;Chưa chọn danh mục;;;Single SKU;
https://res.bigseller.pro/sku/images/merchantsku/944484/815568_1757512636818.jpg?imageView2/1/w/300/h/300;1672;FITO  Bột Trắng Răng FITO 75g -  Hương Cam;;0.00;0.00;0.00;0.00;VIE GROUP HCM;Default Piling Area;Default Shelf;1;0;1;0;0;0.00;0;0.00;--;16206.52;16206.52;Còn hàng;Chưa chọn danh mục;;;Single SKU;
https://res.bigseller.pro/sku/images/merchantsku/944484/430640_1770104607355.jpg?imageView2/1/w/300/h/300;1671;FINO Kem Ủ Tóc FINO Premium Touch Phục Hồi Hư Tổn hũ (230g);;0.00;0.00;0.00;0.00;VIE GROUP HCM;Default Piling Area;Default Shelf;0;0;0;0;0;0.00;0;20.00;0;110000.42;0.00;Còn hàng;Chưa chọn danh mục;;;Single SKU;
https://res.bigseller.pro/sku/images/merchantsku/944484/047773_1754365814723.jpg?imageView2/1/w/300/h/300;1670;FEMFRESH Dung Dịch Vệ Sinh Phụ Nữ Soothing Wash Hồng 250ml;5010724525951;0.00;0.00;0.00;0.00;VIE GROUP HCM;Default Piling Area;Default Shelf;92;1;91;0;0;0.00;24;8.32;10;122705.12;11288871.04;Còn hàng;Chưa chọn danh mục;;;Single SKU;
https://res.bigseller.pro/sku/images/merchantsku/944484/571086_1754364220887.jpg?imageView2/1/w/300/h/300;1669;FEMFRESH Dung Dịch Vệ Sinh Phụ Nữ Daily Intimate Wash Cam 250ml;5010724525937;0.00;0.00;0.00;0.00;VIE GROUP HCM;Default Piling Area;Default Shelf;50;12;38;0;0;0.00;24;4.67;8;96876.37;4843818.50;Còn hàng;Chưa chọn danh mục;;;Single SKU;
https://res.bigseller.pro/sku/images/merchantsku/944484/573130_1779867727140.jpg?imageView2/1/w/300/h/300;1668;FEMFRESH Dung Dịch Vệ Sinh Phụ Nữ Daily Intimate Wash Cam 150ml;50167623;0.00;0.00;0.00;0.00;VIE GROUP HCM;Default Piling Area;Default Shelf;0;0;0;0;0;0.00;0;1.21;0;72089.38;0.00;Còn hàng;Chưa chọn danh mục;;;Single SKU;
https://res.bigseller.pro/sku/images/merchantsku/944484/922675_1754365907830.jpg?imageView2/1/w/300/h/300;1667;FEMFRESH Dung Dịch Vệ Sinh Phụ Nữ 0% sensitive wash 250ml;;0.00;0.00;0.00;0.00;VIE GROUP HCM;Default Piling Area;Default Shelf;0;0;0;0;0;0.00;0;2.74;0;103833.33;0.00;Còn hàng;Chưa chọn danh mục;;;Single SKU;
https://res.bigseller.pro/sku/images/merchantsku/944484/004555_1754366311075.jpg?imageView2/1/w/300/h/300;1666;FEMFRESH Dung Dịch Vệ Sinh Active Fresh Wash Xanh Dương 250ml;5010724525944;0.00;0.00;0.00;0.00;VIE GROUP HCM;Default Piling Area;Default Shelf;10;0;10;0;0;0.00;0;1.33;7;103656.33;1036563.30;Còn hàng;Chưa chọn danh mục;;;Single SKU;
https://res.bigseller.pro/sku/images/merchantsku/944484/832045_1754365625126.jpg?imageView2/1/w/300/h/300;1665;EXCLUSIVE COSMETIC Tẩy Da Chết Toàn Thân Quế Hồi Và Café 380g;4813053000806;0.00;0.00;0.00;0.00;VIE GROUP HCM;Default Piling Area;Default Shelf;0;0;0;0;0;0.00;0;0.00;--;65389.61;0.00;Còn hàng;Chưa chọn danh mục;;;Single SKU;
https://res.bigseller.pro/sku/images/merchantsku/944484/290580_1754365720749.jpg?imageView2/1/w/300/h/300;1664;EVOLUDERM Xịt Khoáng Atomiseur Eau Pur - 400ml;3760100680928;0.00;0.00;0.00;0.00;VIE GROUP HCM;Default Piling Area;Default Shelf;3;0;3;0;0;0.00;0;0.33;9;115953.23;347859.69;Còn hàng;Chưa chọn danh mục;;;Single SKU;
https://res.bigseller.pro/sku/images/merchantsku/944484/510264_1754366214174.jpg?imageView2/1/w/300/h/300;1663;EVOLUDERM Xịt Khoáng Atomiseur Eau Pur - 150ml;3760100682298;0.00;0.00;0.00;0.00;VIE GROUP HCM;Default Piling Area;Default Shelf;5;3;2;0;0;0.00;0;0.30;6;80953.23;404766.15;Còn hàng;Chưa chọn danh mục;;;Single SKU;
https://res.bigseller.pro/sku/images/merchantsku/944484/879036_1754364221040.jpg?imageView2/1/w/300/h/300;1662;EVELINE Tinh chất dưỡng mi 8in1 10ml;;0.00;0.00;0.00;0.00;VIE GROUP HCM;Default Piling Area;Default Shelf;0;0;0;0;0;0.00;0;0.00;--;84600.00;0.00;Còn hàng;Chưa chọn danh mục;;;Single SKU;
https://res.bigseller.pro/sku/images/merchantsku/944484/612206_1754365907719.jpg?imageView2/1/w/300/h/300;1661;EVELINE Nước Tẩy Trang Hyaluron Clinic B5 Ultra Moisturising Micellar Water - 500ml;5901761988314;0.00;0.00;0.00;0.00;VIE GROUP HCM;Default Piling Area;Default Shelf;0;0;0;0;0;0.00;0;0.00;--;158000.00;0.00;Còn hàng;Chưa chọn danh mục;;;Single SKU;
https://res.bigseller.pro/sku/images/merchantsku/944484/912756_1754366220016.jpg?imageView2/1/w/300/h/300;1659;EUNDAN Viên Uống Vitamin C 1000mg (Hộp 120 Viên);8806012302161;0.00;0.00;0.00;0.00;VIE GROUP HCM;Default Piling Area;Default Shelf;0;0;0;0;0;0.00;0;10.00;0;226636.36;0.00;Còn hàng;Chưa chọn danh mục;;;Single SKU;
https://res.bigseller.pro/sku/images/merchantsku/944484/767288_1754365717694.jpg?imageView2/1/w/300/h/300;1658;EUCRYL Kem Đánh Răng Toothpaste 62g;5011309895513;0.00;0.00;0.00;0.00;VIE GROUP HCM;Default Piling Area;Default Shelf;13;1;12;0;0;0.00;0;2.70;4;40416.44;525413.72;Còn hàng;EUCRYL;;;Single SKU;
https://res.bigseller.pro/sku/images/merchantsku/944484/149145_1754366215335.jpg?imageView2/1/w/300/h/300;1657;EUCRYL Bột Tẩy Trắng Răng Powerful Stain Removal Toothpowder 50g - Lẻ 1 Hộp Bột Tẩy;5011309895612;0.00;0.00;0.00;0.00;VIE GROUP HCM;Default Piling Area;Default Shelf;10;1;9;0;0;0.00;0;17.76;0;40598.36;405983.60;Còn hàng;EUCRYL;;;Single SKU;
https://res.bigseller.pro/sku/images/merchantsku/944484/859418_1785894889056.jpg?imageView2/1/w/300/h/300;1656;EUCERIN Tẩy Trang DermatoCLEAN Hyaluron Micellar Water 3in1 - 400ml;;0.00;0.00;0.00;0.00;VIE GROUP HCM;Default Piling Area;Default Shelf;0;0;0;0;0;0.00;0;5.00;0;250210.53;0.00;Còn hàng;EUCERIN;;;Single SKU;
https://res.bigseller.pro/sku/images/merchantsku/944484/423895_1787499212074.jpg?imageView2/1/w/300/h/300;1655;EUCERIN Sữa Dưỡng Thể Spotless Brightening Body Lotion 250ML;8850029039695;0.00;0.00;0.00;0.00;VIE GROUP HCM;Default Piling Area;Default Shelf;2;0;2;0;0;0.00;0;0.00;--;319000.00;638000.00;Còn hàng;EUCERIN;;;Single SKU;
https://res.bigseller.pro/sku/images/merchantsku/944484/425519_1754366310145.jpg?imageView2/1/w/300/h/300;1654;EUCERIN Kem Dưỡng Spotless Brightening Spotless - Night 50ml;;0.00;0.00;0.00;0.00;VIE GROUP HCM;Default Piling Area;Default Shelf;0;0;0;0;0;0.00;0;0.00;--;540059.79;0.00;Còn hàng;EUCERIN;;;Single SKU;
https://res.bigseller.pro/sku/images/merchantsku/944484/991456_1756125277372.jpg?imageView2/1/w/300/h/300;1653;EUCERIN Kem chống nắng Sun Dry Touch Oil Control Spf50+ 50ml;4005800119361;0.00;0.00;0.00;0.00;VIE GROUP HCM;Default Piling Area;Default Shelf;1;0;1;0;0;0.00;0;0.40;2;314889.21;314889.21;Còn hàng;EUCERIN;;;Single SKU;
https://res.bigseller.pro/sku/images/merchantsku/944484/838271_1754365713994.jpg?imageView2/1/w/300/h/300;1652;ETIAXIL Xịt Ngăn Mùi Hôi Deodorant For Men 150ml;3614819997030;0.00;0.00;0.00;0.00;VIE GROUP HCM;Default Piling Area;Default Shelf;0;0;0;0;0;0.00;0;0.00;--;240333.33;0.00;Còn hàng;Chưa chọn danh mục;;;Single SKU;
https://res.bigseller.pro/sku/images/merchantsku/944484/993596_1754998488356.jpg?imageView2/1/w/300/h/300;1651;ETIAXIL Xịt khử mùi Deodorant Douceur 48h Aérosol 150ml;3614819990635;0.00;0.00;0.00;0.00;VIE GROUP HCM;Default Piling Area;Default Shelf;0;0;0;0;0;0.00;0;0.00;--;151387.02;0.00;Còn hàng;Chưa chọn danh mục;;;Single SKU;
https://res.bigseller.pro/sku/images/merchantsku/944484/983099_1754365909795.jpg?imageView2/1/w/300/h/300;1650;ETIAXIL Xịt khử mùi Déodorant Anti-Transpirant 48h Anti-Traces Blanches & Jaunes - Xịt thường 100ml;3401360114906;0.00;0.00;0.00;0.00;VIE GROUP HCM;Default Piling Area;Default Shelf;31;0;31;0;0;0.00;0;0.93;33;153069.10;4745142.10;Còn hàng;Chưa chọn danh mục;;;Single SKU;
https://res.bigseller.pro/sku/images/merchantsku/944484/260214_1754366312312.jpg?imageView2/1/w/300/h/300;1649;ETIAXIL Xịt khử mùi Déodorant Anti-Transpirant 48h Anti-Traces Blanches & Jaunes - Phun sương 150ml;3401360114890;0.00;0.00;0.00;0.00;VIE GROUP HCM;Default Piling Area;Default Shelf;0;0;0;0;0;0.00;0;1.37;0;151220.81;0.00;Còn hàng;Chưa chọn danh mục;;;Single SKU;
https://res.bigseller.pro/sku/images/merchantsku/944484/608999_1754365717939.jpg?imageView2/1/w/300/h/300;1648;ETIAXIL Xịt khử mùi chân Déodorant Anti-Transpirant 48h Pieds 100ml;3401360114715;0.00;0.00;0.00;0.00;VIE GROUP HCM;Default Piling Area;Default Shelf;28;1;27;0;0;0.00;0;1.50;18;155594.42;4356643.76;Còn hàng;Chưa chọn danh mục;;;Single SKU;
https://res.bigseller.pro/sku/images/merchantsku/944484/631291_1754365813862.jpg?imageView2/1/w/300/h/300;1646;ETIAXIL Lăn Khử Mùi Nam Antisperspirant Deodorant Roll-On 15ml;3614810005581;0.00;0.00;0.00;0.00;VIE GROUP HCM;Default Piling Area;Default Shelf;26;0;26;0;0;0.00;0;0.05;520;167153.11;4345980.86;Còn hàng;Chưa chọn danh mục;;;Single SKU;
https://res.bigseller.pro/sku/images/merchantsku/944484/267257_1754365625544.jpg?imageView2/1/w/300/h/300;1645;ETIAXIL Lăn khử mùi For Men Antiperspirant Control 48h 50ml;3614819997009;0.00;0.00;0.00;0.00;VIE GROUP HCM;Default Piling Area;Default Shelf;0;0;0;0;0;0.00;0;0.00;--;163288.18;0.00;Còn hàng;Chưa chọn danh mục;;;Single SKU;
https://res.bigseller.pro/sku/images/merchantsku/944484/615798_1754366215386.jpg?imageView2/1/w/300/h/300;1644;ETIAXIL Lăn khử mùi Deodorant Roll-On 50ml - Hương cam quýt;3614819990659;0.00;0.00;0.00;0.00;VIE GROUP HCM;Default Piling Area;Default Shelf;0;0;0;0;0;0.00;0;0.00;--;190250.00;0.00;Còn hàng;Chưa chọn danh mục;;;Single SKU;
https://res.bigseller.pro/sku/images/merchantsku/944484/107431_1754365623874.jpg?imageView2/1/w/300/h/300;1643;ETIAXIL Lăn Khử Mùi Déodorant Anti-Transpirant 48h Roll-On Peaux Sensibles 50ml;3401360044951;0.00;0.00;0.00;0.00;VIE GROUP HCM;Default Piling Area;Default Shelf;0;0;0;0;0;0.00;0;0.00;--;160264.29;0.00;Còn hàng;Chưa chọn danh mục;;;Single SKU;
https://res.bigseller.pro/sku/images/merchantsku/944484/314733_1754365814835.jpg?imageView2/1/w/300/h/300;1642;ETIAXIL Lăn khử mùi 15ml - Xanh;3614819997108;0.00;0.00;0.00;0.00;VIE GROUP HCM;Default Piling Area;Default Shelf;15;0;15;0;0;0.00;0;2.47;6;153967.17;2309507.55;Còn hàng;Chưa chọn danh mục;;;Single SKU;
https://res.bigseller.pro/sku/images/merchantsku/944484/401135_1755015213650.jpg?imageView2/1/w/300/h/300;1641;ETIAXIL Lăn khử mùi 15ml - Nâu;3614819997115;0.00;0.00;0.00;0.00;VIE GROUP HCM;Default Piling Area;Default Shelf;0;0;0;0;0;0.00;0;0.00;--;157000.00;0.00;Còn hàng;Chưa chọn danh mục;;;Single SKU;
https://res.bigseller.pro/sku/images/merchantsku/944484/538449_1754364220703.jpg?imageView2/1/w/300/h/300;1640;ETIAXIL Lăn khử mùi 15ml - Đỏ;3401362744835;0.00;0.00;0.00;0.00;VIE GROUP HCM;Default Piling Area;Default Shelf;0;0;0;0;0;0.00;0;1.00;0;155843.08;0.00;Còn hàng;Chưa chọn danh mục;;;Single SKU;
https://res.bigseller.pro/sku/images/merchantsku/944484/513649_1755553184617.jpg?imageView2/1/w/300/h/300;1639;ESSENCE Phấn Tươi Soft Touch Mousse 16g - 04 COOL IVORY;;0.00;0.00;0.00;0.00;VIE GROUP HCM;Default Piling Area;Default Shelf;0;0;0;0;0;0.00;0;3.31;0;112800.00;0.00;Còn hàng;Chưa chọn danh mục;;;Single SKU;
https://res.bigseller.pro/sku/images/merchantsku/944484/071163_1754366221429.jpg?imageView2/1/w/300/h/300;1638;EMBRYOLISSE Sữa Rửa Mặt Lait-Creme Moussant Làm Sạch Sâu 200ml;3350900000264;0.00;0.00;0.00;0.00;VIE GROUP HCM;Default Piling Area;Default Shelf;0;0;0;0;0;0.00;0;0.00;--;226229.86;0.00;Còn hàng;EMBRYOLISSE;;;Single SKU;
https://res.bigseller.pro/sku/images/merchantsku/944484/671540_1770175369695.jpg?imageView2/1/w/300/h/300;1637;EMBRYOLISSE Kem Dưỡng Lait Crème Retinol Like 75ml;;0.00;0.00;0.00;0.00;VIE GROUP HCM;Default Piling Area;Default Shelf;0;0;0;0;0;0.00;0;0.00;--;235503.50;0.00;Còn hàng;EMBRYOLISSE;;;Single SKU;
https://res.bigseller.pro/sku/images/merchantsku/944484/929715_1754998314390.jpg?imageView2/1/w/300/h/300;1636;EMBRYOLISSE Kem dưỡng Lait CONCENTRE - 75ml;3350900000011;0.00;0.00;0.00;0.00;VIE GROUP HCM;Default Piling Area;Default Shelf;0;0;0;0;0;0.00;0;1.20;0;306125.93;0.00;Còn hàng;EMBRYOLISSE;;;Single SKU;
https://res.bigseller.pro/sku/images/merchantsku/944484/723171_1754364220704.jpg?imageView2/1/w/300/h/300;1634;EMBRYOLISSE Kem dưỡng Lait CONCENTRE - 30ml;3350900000394;0.00;0.00;0.00;0.00;VIE GROUP HCM;Default Piling Area;Default Shelf;2;2;0;0;0;0.00;0;1.00;0;169629.63;339259.26;Còn hàng;EMBRYOLISSE;;;Single SKU;
https://res.bigseller.pro/sku/images/merchantsku/944484/551598_1754365629789.jpg?imageView2/1/w/300/h/300;1633;EMBRYOLISSE Kem Chống Nắng Crème Solaire SPF 50 PA++++ 100ml;3350900002763;0.00;0.00;0.00;0.00;VIE GROUP HCM;Default Piling Area;Default Shelf;4;0;4;0;0;0.00;0;0.00;--;263054.68;1052218.72;Còn hàng;EMBRYOLISSE;;;Single SKU;
https://res.bigseller.pro/sku/images/merchantsku/944484/138074_1754366223611.jpg?imageView2/1/w/300/h/300;1631;ELLIPS Serum Dưỡng Tóc  ​​​​​​​Hair Vitamin Vỉ  6 Viên - REPAIR Hồng Đen;;0.00;0.00;0.00;0.00;VIE GROUP HCM;Default Piling Area;Default Shelf;0;0;0;0;0;0.00;0;0.00;--;17542.00;0.00;Còn hàng;Chưa chọn danh mục;;;Single SKU;
https://res.bigseller.pro/sku/images/merchantsku/944484/618688_1754365714106.jpg?imageView2/1/w/300/h/300;1629;ELASTEN Collagen dạng nước chính hãng Đức ống 25ml – Full hộp 28 ống;;0.00;0.00;0.00;0.00;VIE GROUP HCM;Default Piling Area;Default Shelf;0;0;0;0;0;0.00;0;5.00;0;1655727.27;0.00;Còn hàng;Chưa chọn danh mục;;;Single SKU;
https://res.bigseller.pro/sku/images/merchantsku/944484/045504_1787496926859.jpg?imageView2/1/w/300/h/300;1626;EKSEPTION Tinh Chất Dưỡng Ẩm Hyaluronic PHA Mixlab Serum - 75ml;;0.00;0.00;0.00;0.00;VIE GROUP HCM;Default Piling Area;Default Shelf;1;0;1;0;0;0.00;0;0.00;--;545000.00;545000.00;Còn hàng;EKSEPTION;;;Single SKU;
https://res.bigseller.pro/sku/images/merchantsku/944484/699180_1754366315189.jpg?imageView2/1/w/300/h/300;1625;EKSEPTION Tinh chất RETIN-OIL PEEL 5ml/ống;;0.00;0.00;0.00;0.00;VIE GROUP HCM;Default Piling Area;Default Shelf;0;0;0;0;0;0.00;0;0.00;--;358023.08;0.00;Còn hàng;EKSEPTION;;;Single SKU;
https://res.bigseller.pro/sku/images/merchantsku/944484/932135_1754365619371.jpg?imageView2/1/w/300/h/300;1623;EKSEPTION Serum Kẽm ZnPCA Hỗ Trợ Kiềm Dầu, Giảm Mụn Cho Da Dầu Mụn 75ml;8436589290280;0.00;0.00;0.00;0.00;VIE GROUP HCM;Default Piling Area;Default Shelf;0;0;0;0;0;0.00;0;0.00;--;565833.33;0.00;Còn hàng;EKSEPTION;;;Single SKU;
https://res.bigseller.pro/sku/images/merchantsku/944484/955580_1754366219780.jpg?imageView2/1/w/300/h/300;1622;EKSEPTION Serum Dưỡng Ẩm Hyaluronic B5 Giảm Mẩn Đỏ, Phục Hồi Da 75ml;;0.00;0.00;0.00;0.00;VIE GROUP HCM;Default Piling Area;Default Shelf;0;0;0;0;0;0.00;0;0.00;--;642833.33;0.00;Còn hàng;EKSEPTION;;;Single SKU;
https://res.bigseller.pro/sku/images/merchantsku/944484/048058_1754366308196.jpg?imageView2/1/w/300/h/300;1621;EKSEPTION Kem Chống Nắng Phổ Rộng All Day Shield SPF50+ 50ml;;0.00;0.00;0.00;0.00;VIE GROUP HCM;Default Piling Area;Default Shelf;0;0;0;0;0;0.00;0;0.00;--;658200.00;0.00;Còn hàng;EKSEPTION;;;Single SKU;
https://res.bigseller.pro/sku/images/merchantsku/944484/792145_1754366312651.jpg?imageView2/1/w/300/h/300;1620;DUCRAY Kem dưỡng Keracnyl PP Anti-blemish soothing cream 30ml;3282770141320;0.00;0.00;0.00;0.00;VIE GROUP HCM;Default Piling Area;Default Shelf;109;0;109;0;0;0.00;0;9.18;11;251094.48;27369298.32;Còn hàng;DUCRAY;;;Single SKU;
https://res.bigseller.pro/sku/images/merchantsku/944484/515151_1754365718495.jpg?imageView2/1/w/300/h/300;1619;DUCRAY Kem Dưỡng Da KERACNYL MAT Oily Skin 30ml;3282770206821;0.00;0.00;0.00;0.00;VIE GROUP HCM;Default Piling Area;Default Shelf;7;0;7;0;0;0.00;0;0.00;--;276012.24;1932085.68;Còn hàng;DUCRAY;;;Single SKU;
https://res.bigseller.pro/sku/images/merchantsku/944484/541245_1789007232022.jpg?imageView2/1/w/300/h/300;1618;DUCRAY Kem Chống Nắng Keracnyl UV Anti-Blemish Fluid SPF50+ 50ml;3282770145175;0.00;0.00;0.00;0.00;VIE GROUP HCM;Default Piling Area;Default Shelf;0;0;0;0;0;0.00;0;0.05;0;355000.00;0.00;Còn hàng;DUCRAY;;;Single SKU;
https://res.bigseller.pro/sku/images/merchantsku/944484/993634_1754365816239.jpg?imageView2/1/w/300/h/300;1617;DUCRAY Dầu Gội KERTYOL PSO Shampoo 125ml;3282770148466;0.00;0.00;0.00;0.00;VIE GROUP HCM;Default Piling Area;Default Shelf;8;0;8;0;0;0.00;0;0.00;--;216803.24;1734425.92;Còn hàng;DUCRAY;;;Single SKU;
https://res.bigseller.pro/sku/images/merchantsku/944484/100232_1754361502892.jpg?imageView2/1/w/300/h/300;1616;DUCRAY Dầu gội Kelual DS shampoo 100ml;3282770140453;0.00;0.00;0.00;0.00;VIE GROUP HCM;Default Piling Area;Default Shelf;0;0;0;0;0;0.00;0;0.14;0;288756.89;0.00;Còn hàng;DUCRAY;;;Single SKU;
https://res.bigseller.pro/sku/images/merchantsku/944484/143497_1781534797520.jpg?imageView2/1/w/300/h/300;1615;DR.SERA Khăn Tắm Nén Cotton Tiệt Trùng UV Mềm Mịn An Toàn Với Mọi Làn Da - 1 Khăn;;0.00;0.00;0.00;0.00;VIE GROUP HCM;Default Piling Area;Default Shelf;0;0;0;0;0;0.00;0;2.95;0;16667.46;0.00;Còn hàng;Chưa chọn danh mục;;;Single SKU;
https://res.bigseller.pro/sku/images/merchantsku/944484/364604_1754998314417.jpg?imageView2/1/w/300/h/300;1614;DR.SERA Khăn Tắm Nén Cotton Tiệt Trùng UV Mềm Mịn An Toàn Với Mọi Làn Da - 2 Miếng;;0.00;0.00;0.00;0.00;VIE GROUP HCM;Default Piling Area;Default Shelf;0;0;0;0;0;0.00;0;0.00;--;33335.00;0.00;Ngừng bán;Chưa chọn danh mục;;;Single SKU;
https://res.bigseller.pro/sku/images/merchantsku/944484/058282_1754365904596.jpg?imageView2/1/w/300/h/300;1613;DR.SERA Khăn Mặt Nén Cotton Tiệt Trùng UV Mềm Mịn An Toàn Làn Da - Túi (30 cái);8809584963310;0.00;0.00;0.00;0.00;VIE GROUP HCM;Default Piling Area;Default Shelf;105;1;104;0;0;0.00;0;0.47;221;40120.00;4212600.00;Còn hàng;Chưa chọn danh mục;;;Single SKU;
https://res.bigseller.pro/sku/images/merchantsku/944484/407282_1754361506518.jpg?imageView2/1/w/300/h/300;1612;DR.SERA Bông Tẩy Trang Cotton Tiệt Trùng UV - PURE SNOW COTTON PAD - 234 Miếng;8809584962955;0.00;0.00;0.00;0.00;VIE GROUP HCM;Default Piling Area;Default Shelf;840;5;835;0;0;0.00;0;4.63;180;27501.58;23101327.20;Còn hàng;Chưa chọn danh mục;;;Single SKU;
https://res.bigseller.pro/sku/images/merchantsku/944484/762912_1756125358464.jpg?imageView2/1/w/300/h/300;1611;DR.SERA Bông Tẩy Trang Cotton Tiệt Trùng UV - PURE SNOW COTTON PAD - 150 Miếng;8809584962948;0.00;0.00;0.00;0.00;VIE GROUP HCM;Default Piling Area;Default Shelf;462;13;449;0;0;0.00;0;2.80;161;27176.50;12555543.00;Còn hàng;Chưa chọn danh mục;;;Single SKU;
https://res.bigseller.pro/sku/images/merchantsku/944484/817147_1755015056776.jpg?imageView2/1/w/300/h/300;1610;DR.PEPTI Tẩy Da Chết Herb Natural Peeling Gel 130ml;;0.00;0.00;0.00;0.00;VIE GROUP HCM;Default Piling Area;Default Shelf;0;0;0;0;0;0.00;0;0.00;--;138389.61;0.00;Còn hàng;DR.PEPTI;;;Single SKU;
https://res.bigseller.pro/sku/images/merchantsku/944484/176156_1754365813960.jpg?imageView2/1/w/300/h/300;1609;DR.PEPTI Sữa Rửa Mặt Galacto Cleansing Foam 110ml;;0.00;0.00;0.00;0.00;VIE GROUP HCM;Default Piling Area;Default Shelf;0;0;0;0;0;0.00;0;0.00;--;124435.64;0.00;Còn hàng;DR.PEPTI;;;Single SKU;
https://res.bigseller.pro/sku/images/merchantsku/944484/040043_1785301472197.jpg?imageView2/1/w/300/h/300;1608;DR.PEPTI Nước Hoa Hồng Centella Toner 180ml;8809563063567;0.00;0.00;0.00;0.00;VIE GROUP HCM;Default Piling Area;Default Shelf;0;0;0;0;0;0.00;0;6.50;0;236295.45;0.00;Còn hàng;DR.PEPTI;;;Single SKU;
https://res.bigseller.pro/sku/images/merchantsku/944484/971843_1754364213670.jpg?imageView2/1/w/300/h/300;1607;Dr.Pepti Kem Dưỡng Centella Moist Soothing Gel Cream 70ml;;0.00;0.00;0.00;0.00;VIE GROUP HCM;Default Piling Area;Default Shelf;0;0;0;0;0;0.00;0;0.00;--;318670.89;0.00;Còn hàng;DR.PEPTI;;;Single SKU;
https://res.bigseller.pro/sku/images/merchantsku/944484/234238_1754365813712.jpg?imageView2/1/w/300/h/300;1606;DR.JART Kem Dưỡng Trắng Da V7 Toning Light Dr.Jart+ 50ml;8809933611145;0.00;0.00;0.00;0.00;VIE GROUP HCM;Default Piling Area;Default Shelf;3;0;3;0;0;0.00;0;0.00;--;366224.49;1098673.47;Còn hàng;Chưa chọn danh mục;;;Single SKU;
https://res.bigseller.pro/sku/images/merchantsku/944484/216860_1749455611113.jpg?imageView2/1/w/300/h/300;1605;Dr.G Tẩy Tế Bào Chết Dr.G Brightening Peeling Gel 120ml;;0.00;0.00;0.00;0.00;VIE GROUP HCM;Default Piling Area;Default Shelf;0;0;0;0;0;0.00;0;0.00;--;159697.40;0.00;Ngừng bán;DR.G;;;Single SKU;
https://res.bigseller.pro/sku/images/merchantsku/944484/040086_1754366317746.jpg?imageView2/1/w/300/h/300;1604;DR.G Nước Cân Bằng Dr.G R.E.D Blemish Clear Soothing Toner (30ml);;0.00;0.00;0.00;0.00;VIE GROUP HCM;Default Piling Area;Default Shelf;0;0;0;0;0;0.00;0;0.00;--;50000.00;0.00;Ngừng bán;DR.G;;;Single SKU;
https://res.bigseller.pro/sku/images/merchantsku/944484/505678_1754366308428.jpg?imageView2/1/w/300/h/300;1602;Dr.G Kem dưỡng R.E.D Blemish Clear Soothing Cream - 70ml;;0.00;0.00;0.00;0.00;VIE GROUP HCM;Default Piling Area;Default Shelf;0;0;0;0;0;0.00;0;0.00;--;246043.48;0.00;Ngừng bán;DR.G;;;Single SKU;
https://res.bigseller.pro/sku/images/merchantsku/944484/356185_1754366210676.jpg?imageView2/1/w/300/h/300;1601;Dr.G Kem dưỡng R.E.D Blemish Clear Soothing Cream - 10ml;;0.00;0.00;0.00;0.00;VIE GROUP HCM;Default Piling Area;Default Shelf;20;0;20;0;0;0.00;0;0.00;--;25000.00;500000.00;Ngừng bán;DR.G;;;Single SKU;
https://res.bigseller.pro/sku/images/merchantsku/944484/116232_1754365712850.jpg?imageView2/1/w/300/h/300;1600;DR.G Kem Chống Nắng Phổ Rộng R.E.D Blemish Soothing Up Sun SPF 50+ PA++++ - 10ml;;0.00;0.00;0.00;0.00;VIE GROUP HCM;Default Piling Area;Default Shelf;0;0;0;0;0;0.00;0;0.00;--;25000.00;0.00;Còn hàng;DR.G;;;Single SKU;
https://res.bigseller.pro/sku/images/merchantsku/944484/933710_1754365720947.jpg?imageView2/1/w/300/h/300;1599;Dr.G Kem chống nắng Green Mild Up Sun+ SPF50+ PA++++ (vạch xanh) – 50ml;8809838651291;0.00;0.00;0.00;0.00;VIE GROUP HCM;Default Piling Area;Default Shelf;0;0;0;0;0;0.00;0;0.00;--;193794.39;0.00;Ngừng bán;DR.G;;;Single SKU;
https://res.bigseller.pro/sku/images/merchantsku/944484/180942_1754366217738.jpg?imageView2/1/w/300/h/300;1598;Dr.G Kem chống nắng Brightening Up Sun+ SPF50+ PA+++ (vạch cam) - 50ml;;0.00;0.00;0.00;0.00;VIE GROUP HCM;Default Piling Area;Default Shelf;0;0;0;0;0;0.00;0;0.00;--;0.00;0.00;Ngừng bán;DR.G;;;Single SKU;
https://res.bigseller.pro/sku/images/merchantsku/944484/335591_1754365818115.jpg?imageView2/1/w/300/h/300;1597;Dr.G Kem chống nắng Brightening Up Sun+ SPF50+ PA+++ (vạch cam) - 20ml;8809695361876;0.00;0.00;0.00;0.00;VIE GROUP HCM;Default Piling Area;Default Shelf;0;0;0;0;0;0.00;0;0.00;--;56077.28;0.00;Ngừng bán;DR.G;;;Single SKU;
https://res.bigseller.pro/sku/images/merchantsku/944484/978749_1771989191329.jpg?imageView2/1/w/300/h/300;1595;Drceutics Nước tẩy trang Ultra-mild Olive Cleansing Water - 500ML;8936205621622;0.00;0.00;0.00;0.00;VIE GROUP HCM;Default Piling Area;Default Shelf;2;0;2;0;0;0.00;0;0.00;--;124462.11;248924.22;Còn hàng;Chưa chọn danh mục;;;Single SKU;
https://res.bigseller.pro/sku/images/merchantsku/944484/973719_1758618401202.jpg?imageView2/1/w/300/h/300;1594;DR.ALTHEA Kem dưỡng ẩm Dr.Althea 345 Relief Cream - 50ml;8809447256221;0.00;0.00;0.00;0.00;VIE GROUP HCM;Default Piling Area;Default Shelf;141;0;141;0;0;0.00;0;0.67;210;294545.00;41530845.00;Còn hàng;Chưa chọn danh mục;;;Single SKU;
https://res.bigseller.pro/sku/images/merchantsku/944484/883939_1754366223830.jpg?imageView2/1/w/300/h/300;1593;DOVE Tẩy tế bào chết bản Mỹ 280g - Lựu Đỏ;8934868200314;0.00;0.00;0.00;0.00;VIE GROUP HCM;Default Piling Area;Default Shelf;15;0;15;0;0;0.00;0;2.80;5;133098.36;1996475.40;Còn hàng;Chưa chọn danh mục;;;Single SKU;
https://res.bigseller.pro/sku/images/merchantsku/944484/504436_1754366320316.jpg?imageView2/1/w/300/h/300;1592;DOVE Tẩy tế bào chết  SAKURA 280g;8934868200307;0.00;0.00;0.00;0.00;VIE GROUP HCM;Default Piling Area;Default Shelf;4;0;4;0;0;0.00;0;1.32;3;127500.00;510000.00;Còn hàng;Chưa chọn danh mục;;;Single SKU;
https://res.bigseller.pro/sku/images/merchantsku/944484/256081_1750237225332.jpg?imageView2/1/w/300/h/300;1591;DOVE Tẩy Tế Bào Chết Dove Body Scrub 50g - LỰU;;0.00;0.00;0.00;0.00;VIE GROUP HCM;Default Piling Area;Default Shelf;0;0;0;0;0;0.00;0;0.00;--;17026.74;0.00;Còn hàng;Chưa chọn danh mục;;;Single SKU;
https://res.bigseller.pro/sku/images/merchantsku/944484/699496_1750482187241.jpg?imageView2/1/w/300/h/300;1590;DOVE Tẩy Tế Bào Chết Dove Body Scrub 50g - HOA ANH ĐÀO;;0.00;0.00;0.00;0.00;VIE GROUP HCM;Default Piling Area;Default Shelf;0;0;0;0;0;0.00;0;0.00;--;16998.61;0.00;Còn hàng;Chưa chọn danh mục;;;Single SKU;
https://res.bigseller.pro/sku/images/merchantsku/944484/243476_1750237274987.jpg?imageView2/1/w/300/h/300;1589;DOVE Tẩy Tế Bào Chết Dove Body Scrub 50g - ĐƯỜNG NÂU;;0.00;0.00;0.00;0.00;VIE GROUP HCM;Default Piling Area;Default Shelf;0;0;0;0;0;0.00;0;0.67;0;16475.30;0.00;Còn hàng;Chưa chọn danh mục;;;Single SKU;
https://res.bigseller.pro/sku/images/merchantsku/944484/047821_1784172108304.jpg?imageView2/1/w/300/h/300;1588;DOVE Tẩy tế bào chết bluberry & Lime scent 280g;;0.00;0.00;0.00;0.00;VIE GROUP HCM;Default Piling Area;Default Shelf;1;0;1;0;0;0.00;0;0.36;2;133582.39;133582.39;Còn hàng;Chưa chọn danh mục;;;Single SKU;
https://res.bigseller.pro/sku/images/merchantsku/944484/441576_1754366222630.jpg?imageView2/1/w/300/h/300;1582;DNEE Tắm gội toàn thân cho bé Từ 0 - 3 tuổi - XANH DƯƠNG 200ML;8851989060378;0.00;0.00;0.00;0.00;VIE GROUP HCM;Default Piling Area;Default Shelf;0;0;0;0;0;0.00;0;0.00;--;0.00;0.00;Còn hàng;Chưa chọn danh mục;;;Single SKU;
https://res.bigseller.pro/sku/images/merchantsku/944484/280776_1763036626171.jpg?imageView2/1/w/300/h/300;1572;Dnee Dầu Masage Cho Bé 200ml - Tím;8851989066363;0.00;0.00;0.00;0.00;VIE GROUP HCM;Default Piling Area;Default Shelf;0;0;0;0;0;0.00;0;0.00;--;0.00;0.00;Còn hàng;Chưa chọn danh mục;;;Single SKU;
https://res.bigseller.pro/sku/images/merchantsku/944484/866049_1779415558283.jpg?imageView2/1/w/300/h/300;1570;DIOR Phấn Cushion Dior Prestige Le Cushion Teint De Rose Mini - 4g;;0.00;0.00;0.00;0.00;VIE GROUP HCM;Default Piling Area;Default Shelf;0;0;0;0;0;0.00;0;0.00;--;88650.00;0.00;Còn hàng;Chưa chọn danh mục;;;Single SKU;
https://res.bigseller.pro/sku/images/merchantsku/944484/961362_1754364221045.jpg?imageView2/1/w/300/h/300;1569;DIANA BVS Sensi Hàng Ngày Kháng Khuẩn (màu tím) - 40 miếng;8934755014161;0.00;0.00;0.00;0.00;VIE GROUP HCM;Default Piling Area;Default Shelf;0;0;0;0;0;0.00;0;0.00;--;26520.58;0.00;Còn hàng;Chưa chọn danh mục;;;Single SKU;
https://res.bigseller.pro/sku/images/merchantsku/944484/192742_1754365907743.jpg?imageView2/1/w/300/h/300;1568;DIANA BVS Sensi Hàng Ngày Kháng Khuẩn (màu tím) - 20 miếng;;0.00;0.00;0.00;0.00;VIE GROUP HCM;Default Piling Area;Default Shelf;0;0;0;0;0;0.00;0;0.00;--;10486.58;0.00;Còn hàng;Chưa chọn danh mục;;;Single SKU;
https://res.bigseller.pro/sku/images/merchantsku/944484/761345_1754366215278.jpg?imageView2/1/w/300/h/300;1565;DIANA BVS Sensi dạng quần - Size M L;8934755010392;0.00;0.00;0.00;0.00;VIE GROUP HCM;Default Piling Area;Default Shelf;0;0;0;0;0;0.00;0;0.00;--;27406.00;0.00;Còn hàng;Chưa chọn danh mục;;;Single SKU;
https://res.bigseller.pro/sku/images/merchantsku/944484/965567_1754364221848.jpg?imageView2/1/w/300/h/300;1562;DIANA BVS Cool Fresh có cánh - gói 08 miếng;;0.00;0.00;0.00;0.00;VIE GROUP HCM;Default Piling Area;Default Shelf;0;0;0;0;0;0.00;0;0.00;--;21215.58;0.00;Còn hàng;Chưa chọn danh mục;;;Single SKU;
https://res.bigseller.pro/sku/images/merchantsku/944484/454173_1754366212295.jpg?imageView2/1/w/300/h/300;1560;DIANA Băng vệ sinh MAMA dành cho mẹ sau sinh 12 miếng/gói;;0.00;0.00;0.00;0.00;VIE GROUP HCM;Default Piling Area;Default Shelf;0;0;0;0;0;0.00;0;0.21;0;31280.00;0.00;Còn hàng;Chưa chọn danh mục;;;Single SKU;
https://res.bigseller.pro/sku/images/merchantsku/944484/478927_1754365725505.jpg?imageView2/1/w/300/h/300;1559;DIANA Băng Vệ Sinh Libera Siêu Thấm Siêu Mỏng Không cánh - 8 Miếng;;0.00;0.00;0.00;0.00;VIE GROUP HCM;Default Piling Area;Default Shelf;0;0;0;0;0;0.00;0;0.00;--;1.00;0.00;Còn hàng;Chưa chọn danh mục;;;Single SKU;
https://res.bigseller.pro/sku/images/merchantsku/944484/155034_1761812061122.jpg?imageView2/1/w/300/h/300;1558;DIANA Băng Quần Comfy Night 2 chiếc/gói - size M-L;;0.00;0.00;0.00;0.00;VIE GROUP HCM;Default Piling Area;Default Shelf;0;0;0;0;0;0.00;0;0.00;--;13997.39;0.00;Còn hàng;Chưa chọn danh mục;;;Single SKU;
https://res.bigseller.pro/sku/images/merchantsku/944484/795458_1768552553729.jpg?imageView2/1/w/300/h/300;1557;DIANA Băng Quần Comfy Night 18 chiếc/gói - size M-L;;0.00;0.00;0.00;0.00;VIE GROUP HCM;Default Piling Area;Default Shelf;0;0;0;0;0;0.00;0;0.00;--;109000.00;0.00;Còn hàng;Chưa chọn danh mục;;;Single SKU;
;1556;DIANA - Băng Vệ Sinh Le Parfum Hằng Ngày Hương Nhài - XANH LÁ 40 miếng;;0.00;0.00;0.00;0.00;VIE GROUP HCM;Default Piling Area;Default Shelf;0;0;0;0;0;0.00;0;0.00;--;13834.21;0.00;Còn hàng;Chưa chọn danh mục;;;Single SKU;
https://res.bigseller.pro/sku/images/merchantsku/944484/381631_1761124830756.jpg?imageView2/1/w/300/h/300;1555;DIANA - Băng Vệ Sinh Le Parfum Hằng Ngày Hương Nhài - XANH LÁ 20 miếng;;0.00;0.00;0.00;0.00;VIE GROUP HCM;Default Piling Area;Default Shelf;0;0;0;0;0;0.00;0;0.00;--;12976.71;0.00;Còn hàng;Chưa chọn danh mục;;;Single SKU;
;1554;DIANA - Băng Vệ Sinh Le Parfum Hằng Ngày Hương Mộc Hồng - HỒNG 40 miếng;;0.00;0.00;0.00;0.00;VIE GROUP HCM;Default Piling Area;Default Shelf;0;0;0;0;0;0.00;0;0.00;--;14000.00;0.00;Còn hàng;Chưa chọn danh mục;;;Single SKU;
https://res.bigseller.pro/sku/images/merchantsku/944484/511135_1763036626376.jpg?imageView2/1/w/300/h/300;1553;DIANA - Băng Vệ Sinh Le Parfum Hằng Ngày Hương Mộc Hồng - Hồng 20 miếng;;0.00;0.00;0.00;0.00;VIE GROUP HCM;Default Piling Area;Default Shelf;0;0;0;0;0;0.00;0;0.00;--;7077.84;0.00;Còn hàng;Chưa chọn danh mục;;;Single SKU;
https://res.bigseller.pro/sku/images/merchantsku/944484/039048_1778121897307.jpg?imageView2/1/w/300/h/300;1552;DERMAXILIC Kem ngày Dermaxilic B5 Tone up cream  - 50ml;8809755466534;0.00;0.00;0.00;0.00;VIE GROUP HCM;Default Piling Area;Default Shelf;95;0;95;0;0;0.00;0;15.34;6;128295.91;12188111.45;Còn hàng;Chưa chọn danh mục;;;Single SKU;
https://res.bigseller.pro/sku/images/merchantsku/944484/005470_1755553510731.jpg?imageView2/1/w/300/h/300;1551;DERMACOS Gel rửa mặt Anti-Acne Deep Cleansing 150ml [XT];;0.00;0.00;0.00;0.00;VIE GROUP HCM;Default Piling Area;Default Shelf;0;0;0;0;0;0.00;0;0.00;--;178452.38;0.00;Ngừng bán;Chưa chọn danh mục;;;Single SKU;
https://res.bigseller.pro/sku/images/merchantsku/944484/485673_1754366209344.jpg?imageView2/1/w/300/h/300;1549;DERMABLOCK Kem Chống Nắng  Sun Cream SPF50+ PA++++ - #Daily;8809694625696;0.00;0.00;0.00;0.00;VIE GROUP HCM;Default Piling Area;Default Shelf;5;0;5;0;0;0.00;0;0.00;--;125164.29;625821.45;Còn hàng;Chưa chọn danh mục;;;Single SKU;
https://res.bigseller.pro/sku/images/merchantsku/944484/781292_1754365631700.jpg?imageView2/1/w/300/h/300;1548;DERMABLOCK Kem Chống Nắng Sun Cream SPF50+ PA++++ - #BB;8809694625726;0.00;0.00;0.00;0.00;VIE GROUP HCM;Default Piling Area;Default Shelf;19;0;19;0;0;0.00;0;0.03;633;124500.21;2365503.99;Còn hàng;Chưa chọn danh mục;;;Single SKU;
https://res.bigseller.pro/sku/images/merchantsku/944484/830774_1754365626073.jpg?imageView2/1/w/300/h/300;1547;DERMA FORTE Gel giảm mụn 15g - Bản thường;8936039101918;0.00;0.00;0.00;0.00;VIE GROUP HCM;Default Piling Area;Default Shelf;34;10;24;0;0;0.00;0;4.43;5;83480.22;2838327.48;Còn hàng;Chưa chọn danh mục;;;Single SKU;
https://res.bigseller.pro/sku/images/merchantsku/944484/365374_1754365817106.jpg?imageView2/1/w/300/h/300;1546;DERMA FORTE Gel giảm mụn 15g - Bản ADVANCED;8936039102915;0.00;0.00;0.00;0.00;VIE GROUP HCM;Default Piling Area;Default Shelf;24;6;18;0;0;0.00;0;1.22;15;88128.37;2115080.88;Còn hàng;Chưa chọn danh mục;;;Single SKU;
https://res.bigseller.pro/sku/images/merchantsku/944484/605102_1754366215388.jpg?imageView2/1/w/300/h/300;1545;DERMA Kem giảm mụn Anti Acne Cream Gamma Chemicals 10g;8936039100164;0.00;0.00;0.00;0.00;VIE GROUP HCM;Default Piling Area;Default Shelf;0;0;0;0;0;0.00;0;0.00;--;16548.00;0.00;Còn hàng;Chưa chọn danh mục;;;Single SKU;
https://res.bigseller.pro/sku/images/merchantsku/944484/750736_1754361503118.jpg?imageView2/1/w/300/h/300;1544;DERM ALL MATRIX Mặt nạ Derm All Matrix - Lẻ 1 Miếng;8809239802674;0.00;0.00;0.00;0.00;VIE GROUP HCM;Default Piling Area;Default Shelf;0;0;0;0;0;0.00;0;7.58;0;61916.67;0.00;Còn hàng;Chưa chọn danh mục;;;Single SKU;
https://res.bigseller.pro/sku/images/merchantsku/944484/967193_1754919949287.jpg?imageView2/1/w/300/h/300;1543;DENTAL FLOSSERS Tăm chỉ nha khoa hộp 50 chiếc;;0.00;0.00;0.00;0.00;VIE GROUP HCM;Default Piling Area;Default Shelf;281;1;280;0;0;0.00;0;0.93;301;3994.07;1122333.67;Còn hàng;Chưa chọn danh mục;;;Single SKU;
https://res.bigseller.pro/sku/images/merchantsku/944484/862089_1754365619870.jpg?imageView2/1/w/300/h/300;1540;D'ALBA Xịt Vital Spray - 100ml;9868;0.00;0.00;0.00;0.00;VIE GROUP HCM;Default Piling Area;Default Shelf;0;0;0;0;0;0.00;0;0.00;--;305750.00;0.00;Còn hàng;Chưa chọn danh mục;;;Single SKU;
https://res.bigseller.pro/sku/images/merchantsku/944484/098309_1754366212491.jpg?imageView2/1/w/300/h/300;1538;D'ALBA Kem chống nắng nâng tone Waterfull Tone-up Sunscreen- 50ML - HỒNG;9837;0.00;0.00;0.00;0.00;VIE GROUP HCM;Default Piling Area;Default Shelf;0;0;0;0;0;0.00;0;0.00;--;325452.99;0.00;Còn hàng;Chưa chọn danh mục;;;Single SKU;
https://res.bigseller.pro/sku/images/merchantsku/944484/057541_1754364216708.jpg?imageView2/1/w/300/h/300;1537;DALBA  Serum d'Alba White Truffle - First Spray 100ml;8809563068753;0.00;0.00;0.00;0.00;VIE GROUP HCM;Default Piling Area;Default Shelf;0;0;0;0;0;0.00;0;0.00;--;303000.00;0.00;Còn hàng;Chưa chọn danh mục;;;Single SKU;
https://res.bigseller.pro/sku/images/merchantsku/944484/651818_1754366212030.jpg?imageView2/1/w/300/h/300;1536;DẠ HƯƠNG Dung dịch vệ sinh Daily Fresh Total Care - 145ML Xanh dương;8936009153213;0.00;0.00;0.00;0.00;VIE GROUP HCM;Default Piling Area;Default Shelf;0;0;0;0;0;0.00;0;0.00;--;65700.00;0.00;Còn hàng;Chưa chọn danh mục;;;Single SKU;
https://res.bigseller.pro/sku/images/merchantsku/944484/630255_1754365620205.jpg?imageView2/1/w/300/h/300;1535;DẠ HƯƠNG Dung dịch vệ sinh Daily Fresh Total Care - 120ML Xanh dương;8936009153206;0.00;0.00;0.00;0.00;VIE GROUP HCM;Default Piling Area;Default Shelf;0;0;0;0;0;0.00;0;0.00;--;51597.00;0.00;Còn hàng;Chưa chọn danh mục;;;Single SKU;
https://res.bigseller.pro/sku/images/merchantsku/944484/808928_1754365819973.jpg?imageView2/1/w/300/h/300;1534;DẠ HƯƠNG Dung dịch vệ sinh Daily Fresh Moisture - 120ML Vàng;8936009152896;0.00;0.00;0.00;0.00;VIE GROUP HCM;Default Piling Area;Default Shelf;0;0;0;0;0;0.00;0;0.00;--;54366.00;0.00;Còn hàng;Chưa chọn danh mục;;;Single SKU;
https://res.bigseller.pro/sku/images/merchantsku/944484/525325_1755015056307.jpg?imageView2/1/w/300/h/300;1532;DẠ HƯƠNG DDVS Tươi mới - 100ml;8936009151462;0.00;0.00;0.00;0.00;VIE GROUP HCM;Default Piling Area;Default Shelf;0;0;0;0;0;0.00;0;0.00;--;33686.28;0.00;Còn hàng;Chưa chọn danh mục;;;Single SKU;
https://res.bigseller.pro/sku/images/merchantsku/944484/191383_1754366212742.jpg?imageView2/1/w/300/h/300;1531;DẠ HƯƠNG DDVS Trà xanh - 100ml;8936009151400;0.00;0.00;0.00;0.00;VIE GROUP HCM;Default Piling Area;Default Shelf;0;0;0;0;0;0.00;0;0.00;--;33100.00;0.00;Còn hàng;Chưa chọn danh mục;;;Single SKU;
https://res.bigseller.pro/sku/images/merchantsku/944484/565871_1754364216619.jpg?imageView2/1/w/300/h/300;1530;DẠ HƯƠNG DDVS Lavender - 120ml;8936009151578;0.00;0.00;0.00;0.00;VIE GROUP HCM;Default Piling Area;Default Shelf;0;0;0;0;0;0.00;0;0.00;--;46000.00;0.00;Còn hàng;Chưa chọn danh mục;;;Single SKU;
https://res.bigseller.pro/sku/images/merchantsku/944484/526300_1754365904201.jpg?imageView2/1/w/300/h/300;1529;DẠ HƯƠNG DDVS Lavender - 100ml;8936009151455;0.00;0.00;0.00;0.00;VIE GROUP HCM;Default Piling Area;Default Shelf;0;0;0;0;0;0.00;0;0.00;--;40000.00;0.00;Còn hàng;Chưa chọn danh mục;;;Single SKU;
https://res.bigseller.pro/sku/images/merchantsku/944484/838829_1787202758756.jpg?imageView2/1/w/300/h/300;1528;CURCUMIN Tinh Nghệ Nano 365 Curcumin Premium Hamin Bio 32 tép;;0.00;0.00;0.00;0.00;VIE GROUP HCM;Default Piling Area;Default Shelf;0;0;0;0;0;0.00;0;0.00;--;735251.50;0.00;Còn hàng;Chưa chọn danh mục;;;Single SKU;
https://res.bigseller.pro/sku/images/merchantsku/944484/031625_1754366219928.jpg?imageView2/1/w/300/h/300;1527;CREST Kem Đánh Trắng Răng 3D White Radiant Mint 93g;30772125472;0.00;0.00;0.00;0.00;VIE GROUP HCM;Default Piling Area;Default Shelf;1;0;1;0;0;0.00;0;0.95;1;100656.00;100656.00;Còn hàng;Chưa chọn danh mục;;;Single SKU;
https://res.bigseller.pro/sku/images/merchantsku/944484/773137_1754365722848.jpg?imageView2/1/w/300/h/300;1526;CREST Kem Đánh Trắng Răng 3D Scope 153g;;0.00;0.00;0.00;0.00;VIE GROUP HCM;Default Piling Area;Default Shelf;0;0;0;0;0;0.00;0;0.00;--;77760.00;0.00;Còn hàng;Chưa chọn danh mục;;;Single SKU;
https://res.bigseller.pro/sku/images/merchantsku/944484/827847_1769699061201.jpg?imageView2/1/w/300/h/300;1525;CREST Kem Đánh Răng Crest 3D White Brilliance Vibrant Peppermint 130g;;0.00;0.00;0.00;0.00;VIE GROUP HCM;Default Piling Area;Default Shelf;0;0;0;0;0;0.00;0;0.00;--;152928.00;0.00;Còn hàng;Chưa chọn danh mục;;;Single SKU;
https://res.bigseller.pro/sku/images/merchantsku/944484/647902_1755553283092.jpg?imageView2/1/w/300/h/300;1524;CREST Kem đánh răng 3D White 147g - Bản Advanced;37000808862;0.00;0.00;0.00;0.00;VIE GROUP HCM;Default Piling Area;Default Shelf;2;0;2;0;0;0.00;0;0.00;--;117250.00;234500.00;Còn hàng;Chưa chọn danh mục;;;Single SKU;
https://res.bigseller.pro/sku/images/merchantsku/944484/727141_1754365909710.jpg?imageView2/1/w/300/h/300;1523;COW Sữa tắm Milky Body Soap 550ml - HƯƠNG HOA HỒNG;4901525011662;0.00;0.00;0.00;0.00;VIE GROUP HCM;Default Piling Area;Default Shelf;0;0;0;0;0;0.00;0;0.08;0;83981.46;0.00;Còn hàng;Chưa chọn danh mục;;;Single SKU;
https://res.bigseller.pro/sku/images/merchantsku/944484/257978_1755553018811.jpg?imageView2/1/w/300/h/300;1521;COW Sữa tắm Milky Body Soap 550ml - HƯƠNG CAM CHANH;4901525011686;0.00;0.00;0.00;0.00;VIE GROUP HCM;Default Piling Area;Default Shelf;0;0;0;0;0;0.00;0;0.00;--;83948.05;0.00;Còn hàng;Chưa chọn danh mục;;;Single SKU;
https://res.bigseller.pro/sku/images/merchantsku/944484/982190_1754365630269.jpg?imageView2/1/w/300/h/300;1513;COSRX Kem Dưỡng Ẩm Advanced Snail 92 All In One Cream (Tube) - 50g;8809598455290;0.00;0.00;0.00;0.00;VIE GROUP HCM;Default Piling Area;Default Shelf;0;0;0;0;0;0.00;0;0.00;--;159500.00;0.00;Còn hàng;Chưa chọn danh mục;;;Single SKU;
https://res.bigseller.pro/sku/images/merchantsku/944484/410495_1767409320027.jpg?imageView2/1/w/300/h/300;1512;QUÀ TẶNG - BĂNG ĐÔ CDF XANH;;0.00;0.00;0.00;0.00;VIE GROUP HCM;Default Piling Area;Default Shelf;20;0;20;0;0;0.00;0;0.20;120;0.00;0.00;Ngừng bán;CORINE DE FARME;;;Single SKU;
https://res.bigseller.pro/sku/images/merchantsku/944484/046311_1754364220758.jpg?imageView2/1/w/300/h/300;1511;CORINE DE FARME Sữa tắm Intimate Gel Douche Shower Gel 2in1 250ml;3468080408333;0.00;0.00;0.00;0.00;VIE GROUP HCM;Default Piling Area;Default Shelf;10;0;10;0;0;0.00;0;0.08;125;105955.00;1059550.00;Còn hàng;CORINE DE FARME;;;Single SKU;
https://res.bigseller.pro/sku/images/merchantsku/944484/087058_1754365915101.jpg?imageView2/1/w/300/h/300;1510;CORINE DE FARME Sữa Tắm Gội Cho Bé Gel Douche 2in1 Phiên Bản Superman 300ml;3468080155466;0.00;0.00;0.00;0.00;VIE GROUP HCM;Default Piling Area;Default Shelf;10;0;10;0;0;0.00;0;0.10;100;100154.75;1001547.50;Còn hàng;CORINE DE FARME;;;Single SKU;
https://res.bigseller.pro/sku/images/merchantsku/944484/102821_1754366315286.jpg?imageView2/1/w/300/h/300;1509;CORINE DE FARME Sữa Tắm Gội Cho Bé Gel Douche 2in1 Phiên Bản Batman 300ml;3468080154940;0.00;0.00;0.00;0.00;VIE GROUP HCM;Default Piling Area;Default Shelf;8;0;8;0;0;0.00;0;0.00;--;102000.00;816000.00;Còn hàng;CORINE DE FARME;;;Single SKU;
https://res.bigseller.pro/sku/images/merchantsku/944484/158994_1763534511532.jpg?imageView2/1/w/300/h/300;1508;CORINE DE FARME Kids Shower Gel Tắm Gội 2 in 1 Pear Làm Sạch Dịu Nhẹ Làn Da Nhạy Cảm 300ml;3468080155107;0.00;0.00;0.00;0.00;VIE GROUP HCM;Default Piling Area;Default Shelf;6;0;6;0;0;0.00;0;0.03;200;107999.00;647994.00;Còn hàng;CORINE DE FARME;;;Single SKU;
https://res.bigseller.pro/sku/images/merchantsku/944484/022051_1765532536608.jpg?imageView2/1/w/300/h/300;1507;CORINE DE FARME Kids Shower Gel Tắm Gội 2 in 1 Làm Sạch Dịu Nhẹ Làn Da Nhạy Cảm 300ml - STRAWBERRY;3468080155091;0.00;0.00;0.00;0.00;VIE GROUP HCM;Default Piling Area;Default Shelf;3;1;2;0;0;0.00;0;0.10;30;98910.00;296730.00;Còn hàng;CORINE DE FARME;;;Single SKU;
https://res.bigseller.pro/sku/images/merchantsku/944484/851650_1765532790113.jpg?imageView2/1/w/300/h/300;1506;CORINE DE FARME Kids Shower Gel Tắm Gội 2 in 1 Làm Sạch Dịu Nhẹ Làn Da Nhạy Cảm 300ml - Princess;3468080155626;0.00;0.00;0.00;0.00;VIE GROUP HCM;Default Piling Area;Default Shelf;15;1;14;0;0;0.00;0;0.00;--;104574.50;1568617.50;Còn hàng;CORINE DE FARME;;;Single SKU;
https://res.bigseller.pro/sku/images/merchantsku/944484/143827_1754366311729.jpg?imageView2/1/w/300/h/300;1505;CORINE DE FARME Gel vệ sinh phụ nữ BIO Organic Intimate Gel Sensitive - 250ml;14680603;0.00;0.00;0.00;0.00;VIE GROUP HCM;Default Piling Area;Default Shelf;6;3;3;0;0;0.00;0;0.07;42;159495.91;956975.46;Còn hàng;CORINE DE FARME;;;Single SKU;
https://res.bigseller.pro/sku/images/merchantsku/944484/627749_1754365717704.jpg?imageView2/1/w/300/h/300;1504;CORINE DE FARME Gel Tắm Gội cho bé Hair & Body Wash Gel Corps & Cheveux (Ultra-Rich) - 500ml;3468080100404;0.00;0.00;0.00;0.00;VIE GROUP HCM;Default Piling Area;Default Shelf;16;0;16;0;0;0.00;0;0.27;59;191740.00;3067840.00;Còn hàng;CORINE DE FARME;;;Single SKU;
https://res.bigseller.pro/sku/images/merchantsku/944484/994175_1754366216309.jpg?imageView2/1/w/300/h/300;1503;CORINE DE FARME Gel Tắm Gội cho bé Hair & Body Wash Gel Corps & Cheveux (Ultra-Rich) - 250ml;3468080100749;0.00;0.00;0.00;0.00;VIE GROUP HCM;Default Piling Area;Default Shelf;12;0;12;0;0;0.00;0;0.10;120;133154.63;1597855.56;Còn hàng;CORINE DE FARME;;;Single SKU;
https://res.bigseller.pro/sku/images/merchantsku/944484/831644_1754365821744.jpg?imageView2/1/w/300/h/300;1502;CORINE DE FARME Gel Tắm Essential Shower Gel Làm Sạch Da, Gữ Ẩm 750ml - Aloe vera;3468080410534;0.00;0.00;0.00;0.00;VIE GROUP HCM;Default Piling Area;Default Shelf;3;0;3;0;0;0.00;0;0.00;--;108367.00;325101.00;Còn hàng;CORINE DE FARME;;;Single SKU;
https://res.bigseller.pro/sku/images/merchantsku/944484/994634_1754365623874.jpg?imageView2/1/w/300/h/300;1501;CORINE DE FARME DDVS Intimate Gel 250ml - Protect;3468080408340;0.00;0.00;0.00;0.00;VIE GROUP HCM;Default Piling Area;Default Shelf;14;0;14;0;0;0.00;0;0.30;46;135970.05;1903580.70;Còn hàng;CORINE DE FARME;;;Single SKU;
https://res.bigseller.pro/sku/images/merchantsku/944484/208085_1754365816636.jpg?imageView2/1/w/300/h/300;1500;CORINE DE FARME DDVS Intimate Gel 250ml - Fresh;3468080408203;0.00;0.00;0.00;0.00;VIE GROUP HCM;Default Piling Area;Default Shelf;9;0;9;0;0;0.00;0;0.10;90;142049.45;1278445.05;Còn hàng;CORINE DE FARME;;;Single SKU;
https://res.bigseller.pro/sku/images/merchantsku/944484/349058_1754998488750.jpg?imageView2/1/w/300/h/300;1499;CORINE DE FARME BABY LOTION - 500ml;3468080101210;0.00;0.00;0.00;0.00;VIE GROUP HCM;Default Piling Area;Default Shelf;6;0;6;0;0;0.00;0;0.17;35;203771.51;1222629.06;Còn hàng;CORINE DE FARME;;;Single SKU;
https://res.bigseller.pro/sku/images/merchantsku/944484/814532_1754364220764.jpg?imageView2/1/w/300/h/300;1498;CORINE DE FARME BABY LOTION - 250ml;3468080100725;0.00;0.00;0.00;0.00;VIE GROUP HCM;Default Piling Area;Default Shelf;8;0;8;0;0;0.00;0;0.27;29;160364.00;1282912.00;Còn hàng;CORINE DE FARME;;;Single SKU;
https://res.bigseller.pro/sku/images/merchantsku/944484/360919_1754365908296.jpg?imageView2/1/w/300/h/300;1497;COOL PHARMAACT Sữa tắm bạc hà Nhật Bản 550ml;4513574037595;0.00;0.00;0.00;0.00;VIE GROUP HCM;Default Piling Area;Default Shelf;0;0;0;0;0;0.00;0;0.00;--;68304.36;0.00;Còn hàng;Chưa chọn danh mục;;;Single SKU;
https://res.bigseller.pro/sku/images/merchantsku/944484/287298_1754365810599.jpg?imageView2/1/w/300/h/300;1496;COMPLIMENT Xịt kích moc tóc - TÍM NHẠT 150ml;;0.00;0.00;0.00;0.00;VIE GROUP HCM;Default Piling Area;Default Shelf;0;0;0;0;0;0.00;0;0.00;--;63034.48;0.00;Còn hàng;Chưa chọn danh mục;;;Single SKU;
https://res.bigseller.pro/sku/images/merchantsku/944484/550754_1754365915071.jpg?imageView2/1/w/300/h/300;1495;Compliment TDC No Problem Cleansing Gel Scrub cabon  - 150ml;;0.00;0.00;0.00;0.00;VIE GROUP HCM;Default Piling Area;Default Shelf;0;0;0;0;0;0.00;0;0.00;--;60667.31;0.00;Còn hàng;Chưa chọn danh mục;;;Single SKU;
https://res.bigseller.pro/sku/images/merchantsku/944484/681416_1754365726540.jpg?imageView2/1/w/300/h/300;1494;Compliment Sữa rửa mặt 5% Glycolic Acid làm sạch và dưỡng sáng da 150ml;4607953917582;0.00;0.00;0.00;0.00;VIE GROUP HCM;Default Piling Area;Default Shelf;0;0;0;0;0;0.00;0;0.00;--;59362.88;0.00;Còn hàng;Chưa chọn danh mục;;;Single SKU;
https://res.bigseller.pro/sku/images/merchantsku/944484/037178_1754365914881.jpg?imageView2/1/w/300/h/300;1493;COMPLIMENT Serum Red Peel Compliment AHA 30% + BHA 2%  27ml ( ĐỎ);4607953917841;0.00;0.00;0.00;0.00;VIE GROUP HCM;Default Piling Area;Default Shelf;0;0;0;0;0;0.00;0;4.67;0;65636.36;0.00;Còn hàng;Chưa chọn danh mục;;;Single SKU;
https://res.bigseller.pro/sku/images/merchantsku/944484/344000_1757389439693.jpg?imageView2/1/w/300/h/300;1492;COMPLIMENT Serum dưỡng tóc - VÀNG Serum 200ml;4607953915458;0.00;0.00;0.00;0.00;VIE GROUP HCM;Default Piling Area;Default Shelf;3;0;3;0;0;0.00;0;0.00;--;61176.00;183528.00;Còn hàng;Chưa chọn danh mục;;;Single SKU;
https://res.bigseller.pro/sku/images/merchantsku/944484/600651_1754366319770.jpg?imageView2/1/w/300/h/300;1490;COMPLIMENT Serum  10% Niacinamide 27ml - HỒNG NHẠT B3;4607953917636;0.00;0.00;0.00;0.00;VIE GROUP HCM;Default Piling Area;Default Shelf;4;0;4;0;0;0.00;0;0.00;--;64479.89;257919.56;Còn hàng;Chưa chọn danh mục;;;Single SKU;
https://res.bigseller.pro/sku/images/merchantsku/944484/039070_1756124845747.jpg?imageView2/1/w/300/h/300;1489;COMPLIMENT Mặt nạ đất sét xanh Green Mask giúp giảm mụn - 80g ( HỘP );;0.00;0.00;0.00;0.00;VIE GROUP HCM;Default Piling Area;Default Shelf;0;0;0;0;0;0.00;0;0.00;--;55491.74;0.00;Còn hàng;Chưa chọn danh mục;;;Single SKU;
https://res.bigseller.pro/sku/images/merchantsku/944484/148899_1754366209039.jpg?imageView2/1/w/300/h/300;1488;COMPLIMENT Dưỡng Mi Chuốt Mi Dày Và Dài Chắc Khỏe, Mọc Siêu Nhanh 12ml;4607953917483;0.00;0.00;0.00;0.00;VIE GROUP HCM;Default Piling Area;Default Shelf;1;0;1;0;0;0.00;0;0.00;--;58307.38;58307.38;Còn hàng;Chưa chọn danh mục;;;Single SKU;
https://res.bigseller.pro/sku/images/merchantsku/944484/765839_1754365915009.jpg?imageView2/1/w/300/h/300;1487;COMPLIMENT  Lotion chấm mụn 30ml;;0.00;0.00;0.00;0.00;VIE GROUP HCM;Default Piling Area;Default Shelf;0;0;0;0;0;0.00;0;0.00;--;60845.12;0.00;Còn hàng;Chưa chọn danh mục;;;Single SKU;
https://res.bigseller.pro/sku/images/merchantsku/944484/538502_1754366317795.jpg?imageView2/1/w/300/h/300;1486;COMPLIMENT Xịt khoáng 200ml - Màu Xanh Mint;;0.00;0.00;0.00;0.00;VIE GROUP HCM;Default Piling Area;Default Shelf;0;0;0;0;0;0.00;0;0.17;0;45373.63;0.00;Còn hàng;Chưa chọn danh mục;;;Single SKU;
https://res.bigseller.pro/sku/images/merchantsku/944484/729089_1765853338834.jpg?imageView2/1/w/300/h/300;1485;COMPLIMENT Xịt khoáng 200ml - Màu Tím;4620018870967;0.00;0.00;0.00;0.00;VIE GROUP HCM;Default Piling Area;Default Shelf;1;0;1;0;0;0.00;0;0.00;--;46090.91;46090.91;Còn hàng;Chưa chọn danh mục;;;Single SKU;
https://res.bigseller.pro/sku/images/merchantsku/944484/889871_1754366212541.jpg?imageView2/1/w/300/h/300;1484;COMPLIMENT Toner No Problem chứa BHA giúp làm sạch và cấp ẩm 200 - Xanh + Nắp trắng;4607953914963;0.00;0.00;0.00;0.00;VIE GROUP HCM;Default Piling Area;Default Shelf;0;0;0;0;0;0.00;0;0.00;--;46881.66;0.00;Còn hàng;Chưa chọn danh mục;;;Single SKU;
https://res.bigseller.pro/sku/images/merchantsku/944484/777817_1755015213567.jpg?imageView2/1/w/300/h/300;1483;COMPLIMENT Toner No Problem chứa BHA giúp làm sạch và cấp ẩm 200 - Hồng + Nắp xanh;4607087858805;0.00;0.00;0.00;0.00;VIE GROUP HCM;Default Piling Area;Default Shelf;0;0;0;0;0;0.00;0;0.00;--;46172.41;0.00;Còn hàng;Chưa chọn danh mục;;;Single SKU;
https://res.bigseller.pro/sku/images/merchantsku/944484/154460_1754365619906.jpg?imageView2/1/w/300/h/300;1482;COMPLIMENT Toner No Problem chứa BHA giúp làm sạch và cấp ẩm 200 - Hồng + Nắp trắng;4607953914956;0.00;0.00;0.00;0.00;VIE GROUP HCM;Default Piling Area;Default Shelf;0;0;0;0;0;0.00;0;0.00;--;45153.85;0.00;Còn hàng;Chưa chọn danh mục;;;Single SKU;
https://res.bigseller.pro/sku/images/merchantsku/944484/025120_1754365813249.jpg?imageView2/1/w/300/h/300;1481;COMPLIMENT Toner No Problem chứa BHA giúp làm sạch và cấp ẩm 200 - Cam + Nắp xanh;4607087858799;0.00;0.00;0.00;0.00;VIE GROUP HCM;Default Piling Area;Default Shelf;0;0;0;0;0;0.00;0;0.00;--;45546.22;0.00;Còn hàng;Chưa chọn danh mục;;;Single SKU;
https://res.bigseller.pro/sku/images/merchantsku/944484/021163_1769697815420.jpg?imageView2/1/w/300/h/300;1478;COMPLIMENT TDC mặt Peeling Roll Salycylic Acid -  80ml;4607953915045;0.00;0.00;0.00;0.00;VIE GROUP HCM;Default Piling Area;Default Shelf;0;0;0;0;0;0.00;0;5.00;0;53163.64;0.00;Còn hàng;Chưa chọn danh mục;;;Single SKU;
https://res.bigseller.pro/sku/images/merchantsku/944484/755305_1774269471498.jpg?imageView2/1/w/300/h/300;1477;COMPLIMENT Tẩy Tế Bào Chết  Scalp Expert  Kiểm Soát Dầu - 300ml;;0.00;0.00;0.00;0.00;VIE GROUP HCM;Default Piling Area;Default Shelf;0;0;0;0;0;0.00;0;3.50;0;80263.16;0.00;Còn hàng;Chưa chọn danh mục;;;Single SKU;
https://res.bigseller.pro/sku/images/merchantsku/944484/668270_1757513310964.jpg?imageView2/1/w/300/h/300;1476;COMPLIMENT sữa rửa mặt Succinic Acid NEW Lẻ 1 Tuýp 200ml - CAM MỚI;4607953918435;0.00;0.00;0.00;0.00;VIE GROUP HCM;Default Piling Area;Default Shelf;45;0;45;0;0;0.00;0;0.23;195;62106.71;2794801.95;Còn hàng;Chưa chọn danh mục;;;Single SKU;
https://res.bigseller.pro/sku/images/merchantsku/944484/213848_1754366311741.jpg?imageView2/1/w/300/h/300;1475;COMPLIMENT Sữa rửa mặt No Problem 200ml - Xanh ngọc;4607953915038;0.00;0.00;0.00;0.00;VIE GROUP HCM;Default Piling Area;Default Shelf;314;1;313;0;0;0.00;0;2.60;120;55887.41;17548646.74;Còn hàng;Chưa chọn danh mục;;;Single SKU;
https://res.bigseller.pro/sku/images/merchantsku/944484/724916_1754365717784.jpg?imageView2/1/w/300/h/300;1474;COMPLIMENT Sữa rửa mặt No Problem 200ml - Xanh lá;4607953914994;0.00;0.00;0.00;0.00;VIE GROUP HCM;Default Piling Area;Default Shelf;531;9;522;0;0;0.00;0;5.00;105;55737.00;29596347.00;Còn hàng;Chưa chọn danh mục;;;Single SKU;
https://res.bigseller.pro/sku/images/merchantsku/944484/482240_1754365718575.jpg?imageView2/1/w/300/h/300;1473;COMPLIMENT Sữa rửa mặt No Problem 200ml - Vàng;4607953915014;0.00;0.00;0.00;0.00;VIE GROUP HCM;Default Piling Area;Default Shelf;632;2;630;0;0;0.00;0;3.47;181;55784.71;35255936.72;Còn hàng;Chưa chọn danh mục;;;Single SKU;
https://res.bigseller.pro/sku/images/merchantsku/944484/220412_1754366215630.jpg?imageView2/1/w/300/h/300;1472;COMPLIMENT Sữa rửa mặt No Problem 200ml - Hồng;4607087858775;0.00;0.00;0.00;0.00;VIE GROUP HCM;Default Piling Area;Default Shelf;2955;17;2938;0;0;0.00;0;26.77;109;45517.91;134505424.05;Còn hàng;Chưa chọn danh mục;;;Single SKU;
https://res.bigseller.pro/sku/images/merchantsku/944484/663436_1754365626082.jpg?imageView2/1/w/300/h/300;1471;COMPLIMENT Sữa rửa mặt No Problem 200ml - Cam;4607087858782;0.00;0.00;0.00;0.00;VIE GROUP HCM;Default Piling Area;Default Shelf;204;3;201;0;0;0.00;0;3.93;51;45520.41;9286163.64;Còn hàng;Chưa chọn danh mục;;;Single SKU;
https://res.bigseller.pro/sku/images/merchantsku/944484/668038_1760425986069.jpg?imageView2/1/w/300/h/300;1470;COMPLIMENT Serum Capsules Ampoule - Xanh Lá 27ml;;0.00;0.00;0.00;0.00;VIE GROUP HCM;Default Piling Area;Default Shelf;0;0;0;0;0;0.00;0;0.00;--;60559.64;0.00;Còn hàng;Chưa chọn danh mục;;;Single SKU;
https://res.bigseller.pro/sku/images/merchantsku/944484/176693_1760426100238.jpg?imageView2/1/w/300/h/300;1469;COMPLIMENT Serum Capsules Ampoule - Xanh Dương 27ml;4607953918091;0.00;0.00;0.00;0.00;VIE GROUP HCM;Default Piling Area;Default Shelf;4;0;4;0;0;0.00;0;0.00;--;59434.34;237737.36;Còn hàng;Chưa chọn danh mục;;;Single SKU;
https://res.bigseller.pro/sku/images/merchantsku/944484/513037_1760426134371.jpg?imageView2/1/w/300/h/300;1468;COMPLIMENT Serum Capsules Ampoule - Vàng 27ml;4607953918114;0.00;0.00;0.00;0.00;VIE GROUP HCM;Default Piling Area;Default Shelf;1;0;1;0;0;0.00;0;0.00;--;60223.51;60223.51;Còn hàng;Chưa chọn danh mục;;;Single SKU;
https://res.bigseller.pro/sku/images/merchantsku/944484/716166_1754365631639.jpg?imageView2/1/w/300/h/300;1467;COMPLIMENT Serum AHA BHA Anti-Acne giảm mụn 27ml - XANH NHẠT;4607953917438;0.00;0.00;0.00;0.00;VIE GROUP HCM;Default Piling Area;Default Shelf;2;0;2;0;0;0.00;0;0.10;20;57115.80;114231.60;Còn hàng;Chưa chọn danh mục;;;Single SKU;
https://res.bigseller.pro/sku/images/merchantsku/944484/400709_1754365817054.jpg?imageView2/1/w/300/h/300;1466;COMPLIMENT Serum 27ml - Vitamin C 20%;4607953910330;0.00;0.00;0.00;0.00;VIE GROUP HCM;Default Piling Area;Default Shelf;12;0;12;0;0;0.00;0;2.15;5;59230.47;710765.64;Còn hàng;Chưa chọn danh mục;;;Single SKU;
https://res.bigseller.pro/sku/images/merchantsku/944484/446660_1755015213695.jpg?imageView2/1/w/300/h/300;1465;COMPLIMENT Serum 27ml - Salycylic BHA 2%;4607953910323;0.00;0.00;0.00;0.00;VIE GROUP HCM;Default Piling Area;Default Shelf;17;0;17;0;0;0.00;0;1.95;8;56730.47;964417.99;Còn hàng;Chưa chọn danh mục;;;Single SKU;
https://res.bigseller.pro/sku/images/merchantsku/944484/301687_1754365713996.jpg?imageView2/1/w/300/h/300;1464;COMPLIMENT Serum 27ml - Niacinamide 10%;4607953916288;0.00;0.00;0.00;0.00;VIE GROUP HCM;Default Piling Area;Default Shelf;17;0;17;0;0;0.00;0;2.45;6;59375.43;1009382.31;Còn hàng;Chưa chọn danh mục;;;Single SKU;
https://res.bigseller.pro/sku/images/merchantsku/944484/077192_1754365904058.jpg?imageView2/1/w/300/h/300;1463;COMPLIMENT Serum 27ml - Niacinamide & Zin C;4607953916950;0.00;0.00;0.00;0.00;VIE GROUP HCM;Default Piling Area;Default Shelf;17;0;17;0;0;0.00;0;0.16;106;59230.47;1006917.99;Còn hàng;Chưa chọn danh mục;;;Single SKU;
https://res.bigseller.pro/sku/images/merchantsku/944484/195513_1755015056346.jpg?imageView2/1/w/300/h/300;1462;COMPLIMENT Serum 27ml - Hyaluronic 5%;4607953910316;0.00;0.00;0.00;0.00;VIE GROUP HCM;Default Piling Area;Default Shelf;16;0;16;0;0;0.00;0;0.80;20;56730.47;907687.52;Còn hàng;Chưa chọn danh mục;;;Single SKU;
https://res.bigseller.pro/sku/images/merchantsku/944484/283958_1754365908273.jpg?imageView2/1/w/300/h/300;1461;COMPLIMENT Serum 27ml - BHA AHA PHA;4607953915465;0.00;0.00;0.00;0.00;VIE GROUP HCM;Default Piling Area;Default Shelf;19;0;19;0;0;0.00;0;0.05;380;59230.47;1125378.93;Còn hàng;Chưa chọn danh mục;;;Single SKU;
https://res.bigseller.pro/sku/images/merchantsku/944484/357078_1754365903192.jpg?imageView2/1/w/300/h/300;1460;COMPLIMENT Nước Tẩy Trang Soothing Micellar Water ACTIVE Màu Xanh 400ml;4620018875474;0.00;0.00;0.00;0.00;VIE GROUP HCM;Default Piling Area;Default Shelf;20;0;20;0;0;0.00;0;0.23;86;63426.47;1268529.40;Còn hàng;Chưa chọn danh mục;;;Single SKU;
https://res.bigseller.pro/sku/images/merchantsku/944484/633792_1754365810598.jpg?imageView2/1/w/300/h/300;1459;COMPLIMENT Nước Tẩy Trang Micellar Water 400ml - XANH LÁ;;0.00;0.00;0.00;0.00;VIE GROUP HCM;Default Piling Area;Default Shelf;0;0;0;0;0;0.00;0;0.00;--;63471.24;0.00;Còn hàng;Chưa chọn danh mục;;;Single SKU;
https://res.bigseller.pro/sku/images/merchantsku/944484/757797_1786344591099.jpg?imageView2/1/w/300/h/300;1458;COMPLIMENT Nước Tẩy Trang Micellar Water 400ml - Da Nhạy Cảm (Hồng);4620018875467;0.00;0.00;0.00;0.00;VIE GROUP HCM;Default Piling Area;Default Shelf;0;0;0;0;0;0.00;0;0.00;--;63437.54;0.00;Còn hàng;Chưa chọn danh mục;;;Single SKU;
https://res.bigseller.pro/sku/images/merchantsku/944484/958445_1754998485960.jpg?imageView2/1/w/300/h/300;1457;COMPLIMENT Nước Tẩy Trang Micellar Water  3 IN 1 & 5%  400ml;;0.00;0.00;0.00;0.00;VIE GROUP HCM;Default Piling Area;Default Shelf;0;0;0;0;0;0.00;0;0.00;--;61437.58;0.00;Còn hàng;Chưa chọn danh mục;;;Single SKU;
https://res.bigseller.pro/sku/images/merchantsku/944484/067908_1770175731445.jpg?imageView2/1/w/300/h/300;1456;COMPLIMENT Mặt Nạ Dưỡng Da Hyaluron Active 75ml;;0.00;0.00;0.00;0.00;VIE GROUP HCM;Default Piling Area;Default Shelf;0;0;0;0;0;0.00;0;0.00;--;57750.00;0.00;Còn hàng;Chưa chọn danh mục;;;Single SKU;
https://res.bigseller.pro/sku/images/merchantsku/944484/654300_1754365714030.jpg?imageView2/1/w/300/h/300;1455;COMPLIMENT Mặt nạ đất sét No Problem Steaming Face Mask 80ml - Xanh;4607953914932;0.00;0.00;0.00;0.00;VIE GROUP HCM;Default Piling Area;Default Shelf;11;0;11;0;0;0.00;0;0.52;21;59943.40;659377.40;Còn hàng;Chưa chọn danh mục;;;Single SKU;
https://res.bigseller.pro/sku/images/merchantsku/944484/940248_1754366308893.jpg?imageView2/1/w/300/h/300;1454;COMPLIMENT Mặt nạ đất sét No Problem Steaming Face Mask 80ml - Tím;4607953914925;0.00;0.00;0.00;0.00;VIE GROUP HCM;Default Piling Area;Default Shelf;0;0;0;0;0;0.00;0;2.00;0;53263.16;0.00;Còn hàng;Chưa chọn danh mục;;;Single SKU;
https://res.bigseller.pro/sku/images/merchantsku/944484/326296_1754365904146.jpg?imageView2/1/w/300/h/300;1453;COMPLIMENT Mặt nạ đất sét No Problem Steaming Face Mask 80ml - Cam;4607953914949;0.00;0.00;0.00;0.00;VIE GROUP HCM;Default Piling Area;Default Shelf;2;0;2;0;0;0.00;0;0.07;28;53854.96;107709.92;Còn hàng;Chưa chọn danh mục;;;Single SKU;
https://res.bigseller.pro/sku/images/merchantsku/944484/697115_1754366306060.jpg?imageView2/1/w/300/h/300;1452;COMPLIMENT Kem dưỡng phục hồi da 75ml - D-Panthenol 7%;;0.00;0.00;0.00;0.00;VIE GROUP HCM;Default Piling Area;Default Shelf;0;0;0;0;0;0.00;0;0.12;0;48904.31;0.00;Còn hàng;Chưa chọn danh mục;;;Single SKU;
https://res.bigseller.pro/sku/images/merchantsku/944484/840239_1754365902769.jpg?imageView2/1/w/300/h/300;1451;COMPLIMENT Kem dưỡng No problem AHA-BHA-PHA phục hồi, tái tạo da dầu mụn 50ml;4607953915472;0.00;0.00;0.00;0.00;VIE GROUP HCM;Default Piling Area;Default Shelf;0;0;0;0;0;0.00;0;0.11;0;42429.75;0.00;Còn hàng;Chưa chọn danh mục;;;Single SKU;
https://res.bigseller.pro/sku/images/merchantsku/944484/239895_1754365823166.jpg?imageView2/1/w/300/h/300;1450;COMPLIMENT Gel rửa mặt AHA BHA  150ml - XANH NHẠT;4607953917568;0.00;0.00;0.00;0.00;VIE GROUP HCM;Default Piling Area;Default Shelf;0;0;0;0;0;0.00;0;0.36;0;60566.67;0.00;Còn hàng;Chưa chọn danh mục;;;Single SKU;
https://res.bigseller.pro/sku/images/merchantsku/944484/506484_1754365712237.jpg?imageView2/1/w/300/h/300;1449;COMPLIMENT Gel bôi mụn No Problem 25ml - GEL SOS;4607087858829;0.00;0.00;0.00;0.00;VIE GROUP HCM;Default Piling Area;Default Shelf;11;0;11;0;0;0.00;0;0.27;40;35805.11;393856.21;Còn hàng;Chưa chọn danh mục;;;Single SKU;
https://res.bigseller.pro/sku/images/merchantsku/944484/245667_1754366210660.jpg?imageView2/1/w/300/h/300;1448;COMPLIMENT Gel bôi mụn No Problem 25ml - GEL AHA;;0.00;0.00;0.00;0.00;VIE GROUP HCM;Default Piling Area;Default Shelf;0;0;0;0;0;0.00;0;2.00;0;38377.25;0.00;Còn hàng;Chưa chọn danh mục;;;Single SKU;
https://res.bigseller.pro/sku/images/merchantsku/944484/162076_1789457221173.jpg?imageView2/1/w/300/h/300;1446;COCOON Toner Lotus Soothing Hậu Giang - 310ml;;0.00;0.00;0.00;0.00;VIE GROUP HCM;Default Piling Area;Default Shelf;0;0;0;0;0;0.00;0;2.00;0;127386.74;0.00;Còn hàng;Chưa chọn danh mục;;;Single SKU;
https://res.bigseller.pro/sku/images/merchantsku/944484/409254_1754365816224.jpg?imageView2/1/w/300/h/300;1445;COCOON Tẩy Tế Bào Chết Môi Dak Lak Coffee Lip Scrub 5g;8936217700056;0.00;0.00;0.00;0.00;VIE GROUP HCM;Default Piling Area;Default Shelf;0;0;0;0;0;0.00;0;1.31;0;35827.48;0.00;Còn hàng;Chưa chọn danh mục;;;Single SKU;
https://res.bigseller.pro/sku/images/merchantsku/944484/103039_1754366215955.jpg?imageView2/1/w/300/h/300;1444;COCOON Tẩy Tế Bào Chết Mặt Dak Lak Coffee Face Polish 150ml;8936217700018;0.00;0.00;0.00;0.00;VIE GROUP HCM;Default Piling Area;Default Shelf;0;0;0;0;0;0.00;0;3.80;0;83500.00;0.00;Còn hàng;Chưa chọn danh mục;;;Single SKU;
https://res.bigseller.pro/sku/images/merchantsku/944484/943956_1754365624160.jpg?imageView2/1/w/300/h/300;1443;COCOON Tẩy Tế Bào Chết Dak Lak Coffee Body Polish - túi 600ml;8936217700049;0.00;0.00;0.00;0.00;VIE GROUP HCM;Default Piling Area;Default Shelf;0;0;0;0;0;0.00;0;0.00;--;160000.00;0.00;Còn hàng;Chưa chọn danh mục;;;Single SKU;
https://res.bigseller.pro/sku/images/merchantsku/944484/076963_1754365816209.jpg?imageView2/1/w/300/h/300;1442;COCOON Tẩy Tế Bào Chết Dak Lak Coffee Body Polish - 200ml;8936217700032;0.00;0.00;0.00;0.00;VIE GROUP HCM;Default Piling Area;Default Shelf;0;0;0;0;0;0.00;0;0.43;0;63511.36;0.00;Còn hàng;Chưa chọn danh mục;;;Single SKU;
https://res.bigseller.pro/sku/images/merchantsku/944484/795465_1754365908217.jpg?imageView2/1/w/300/h/300;1441;COCOON Son Dưỡng Bến Tre Coconut Lip Balm 5g;8936217700575;0.00;0.00;0.00;0.00;VIE GROUP HCM;Default Piling Area;Default Shelf;0;0;0;0;0;0.00;0;0.00;--;23615.81;0.00;Còn hàng;Chưa chọn danh mục;;;Single SKU;
https://res.bigseller.pro/sku/images/merchantsku/944484/572811_1787888367575.jpg?imageView2/1/w/300/h/300;1440;COCOON Pomelo Dầu Xả Bưởi Hair Conditioner 310ml;8936217700117;0.00;0.00;0.00;0.00;VIE GROUP HCM;Default Piling Area;Default Shelf;0;0;0;0;0;0.00;0;0.00;--;108865.00;0.00;Còn hàng;Chưa chọn danh mục;;;Single SKU;
https://res.bigseller.pro/sku/images/merchantsku/944484/880354_1789701401256.jpg?imageView2/1/w/300/h/300;1439;COCOON Pomelo Dầu Gội Bưởi Shampoo 310ml;8936217700070;0.00;0.00;0.00;0.00;VIE GROUP HCM;Default Piling Area;Default Shelf;24;0;24;0;0;0.00;0;1.47;16;131241.62;3149798.88;Còn hàng;Chưa chọn danh mục;;;Single SKU;
https://res.bigseller.pro/sku/images/merchantsku/944484/721790_1754365624192.jpg?imageView2/1/w/300/h/300;1438;COCOON Nước Tẩy Trang Winter Melon Micellar Water - 500ML;8936217700223;0.00;0.00;0.00;0.00;VIE GROUP HCM;Default Piling Area;Default Shelf;0;0;0;0;0;0.00;0;0.38;0;129914.18;0.00;Còn hàng;Chưa chọn danh mục;;;Single SKU;
https://res.bigseller.pro/sku/images/merchantsku/944484/332028_1754365908147.jpg?imageView2/1/w/300/h/300;1437;COCOON Nước dưỡng tóc tinh dầu bưởi Pomelo Hair Tonic 140ml;8936217700131;0.00;0.00;0.00;0.00;VIE GROUP HCM;Default Piling Area;Default Shelf;22;0;22;0;0;0.00;0;0.40;55;78310.10;1722822.20;Còn hàng;Chưa chọn danh mục;;;Single SKU;
https://res.bigseller.pro/sku/images/merchantsku/944484/241674_1754365816182.jpg?imageView2/1/w/300/h/300;1436;COCOON Mặt Nạ nghệ Hưng Yên Turmeric Face Mask - 30ml;8936104221107;0.00;0.00;0.00;0.00;VIE GROUP HCM;Default Piling Area;Default Shelf;0;0;0;0;0;0.00;0;6.00;0;83833.33;0.00;Còn hàng;Chưa chọn danh mục;;;Single SKU;
https://res.bigseller.pro/sku/images/merchantsku/944484/175995_1782723586836.jpg?imageView2/1/w/300/h/300;1435;COCOON KEM Chống Nắng Bí Đao SPF Cao Suncream UVA/UVB - 50ml;;0.00;0.00;0.00;0.00;VIE GROUP HCM;Default Piling Area;Default Shelf;0;0;0;0;0;0.00;0;0.00;--;194743.10;0.00;Còn hàng;Chưa chọn danh mục;;;Single SKU;
https://res.bigseller.pro/sku/images/merchantsku/944484/133795_1754365813279.jpg?imageView2/1/w/300/h/300;1434;COCOON Dầu Gội Bưởi Không Sulfate 500ml;8936217700094;0.00;0.00;0.00;0.00;VIE GROUP HCM;Default Piling Area;Default Shelf;0;0;0;0;0;0.00;0;0.00;--;213950.76;0.00;Còn hàng;Chưa chọn danh mục;;;Single SKU;
https://res.bigseller.pro/sku/images/merchantsku/944484/145414_1754365817042.jpg?imageView2/1/w/300/h/300;1433;COAST Sữa tắm gội 2 in 1 Classic Scent - 532ml;;0.00;0.00;0.00;0.00;VIE GROUP HCM;Default Piling Area;Default Shelf;0;0;0;0;0;0.00;0;0.00;--;95000.00;0.00;Còn hàng;Chưa chọn danh mục;;;Single SKU;
https://res.bigseller.pro/sku/images/merchantsku/944484/401994_1790909046040.jpg?imageView2/1/w/300/h/300;1432;CNP mặt nạ keo ong cấp ẩm phục hồi CNP Laboratory Ampoule Mask - XANH LÁ;;0.00;0.00;0.00;0.00;VIE GROUP HCM;Default Piling Area;Default Shelf;0;0;0;0;0;0.00;0;0.00;--;196062.50;0.00;Còn hàng;Chưa chọn danh mục;;;Single SKU;
https://res.bigseller.pro/sku/images/merchantsku/944484/553886_1790908995233.jpg?imageView2/1/w/300/h/300;1431;CNP mặt nạ keo ong cấp ẩm phục hồi CNP Laboratory Ampoule Mask - VÀNG;;0.00;0.00;0.00;0.00;VIE GROUP HCM;Default Piling Area;Default Shelf;0;0;0;0;0;0.00;0;0.00;--;196062.50;0.00;Còn hàng;Chưa chọn danh mục;;;Single SKU;
https://res.bigseller.pro/sku/images/merchantsku/944484/624409_1790908962259.jpg?imageView2/1/w/300/h/300;1430;CNP mặt nạ keo ong cấp ẩm phục hồi CNP Laboratory Ampoule Mask - NÂU;;0.00;0.00;0.00;0.00;VIE GROUP HCM;Default Piling Area;Default Shelf;0;0;0;0;0;0.00;0;0.00;--;196062.50;0.00;Còn hàng;Chưa chọn danh mục;;;Single SKU;
https://res.bigseller.pro/sku/images/merchantsku/944484/820169_1790908708846.jpg?imageView2/1/w/300/h/300;1429;Nước thần keo ong cấp ẩm, phục hồi da CNP Laboratory - Sét 150ml + 100ml;;0.00;0.00;0.00;0.00;VIE GROUP HCM;Default Piling Area;Default Shelf;0;0;0;0;0;0.00;0;0.00;--;405845.23;0.00;Còn hàng;Chưa chọn danh mục;;;Single SKU;
https://res.bigseller.pro/sku/images/merchantsku/944484/280722_1764252053419.jpg?imageView2/1/w/300/h/300;1428;CNP Toner keo ong Propolis treatment Ampule Essence - 50ml;;0.00;0.00;0.00;0.00;VIE GROUP HCM;Default Piling Area;Default Shelf;0;0;0;0;0;0.00;0;0.00;--;88872.73;0.00;Còn hàng;Chưa chọn danh mục;;;Single SKU;
https://res.bigseller.pro/sku/images/merchantsku/944484/473611_1772438341225.jpg?imageView2/1/w/300/h/300;1425;CNP Nước Thần Keo Ong Cấp Ẩm, Phục Hồi Da - Set 2 chai 100ml & 150ml;;0.00;0.00;0.00;0.00;VIE GROUP HCM;Default Piling Area;Default Shelf;0;0;0;0;0;0.00;0;0.00;--;380666.67;0.00;Còn hàng;Chưa chọn danh mục;;;Single SKU;
https://res.bigseller.pro/sku/images/merchantsku/944484/720672_1764396759617.jpg?imageView2/1/w/300/h/300;1423;CNP kem dưỡng  Laboratory Propolis Ampule Oil In Cream 50g;;0.00;0.00;0.00;0.00;VIE GROUP HCM;Default Piling Area;Default Shelf;0;0;0;0;0;0.00;0;0.00;--;316190.48;0.00;Còn hàng;Chưa chọn danh mục;;;Single SKU;
https://res.bigseller.pro/sku/images/merchantsku/944484/579112_1754364216642.jpg?imageView2/1/w/300/h/300;1422;CNP Kem Chống Nắng Laboratory Tone-Up Protection Sun SPF42 PA+++ 31ml;;0.00;0.00;0.00;0.00;VIE GROUP HCM;Default Piling Area;Default Shelf;0;0;0;0;0;0.00;0;0.00;--;114285.71;0.00;Còn hàng;Chưa chọn danh mục;;;Single SKU;
https://res.bigseller.pro/sku/images/merchantsku/944484/770225_1754365621765.jpg?imageView2/1/w/300/h/300;1421;CNP Kem Chống Nắng Laboratory Tone-Up Protection Sun SPF42 PA+++ -  50ml;8806130891684;0.00;0.00;0.00;0.00;VIE GROUP HCM;Default Piling Area;Default Shelf;0;0;0;0;0;0.00;0;0.00;--;200788.38;0.00;Còn hàng;Chưa chọn danh mục;;;Single SKU;
https://res.bigseller.pro/sku/images/merchantsku/944484/001309_1790908739936.jpg?imageView2/1/w/300/h/300;1420;CNP - Sample Peel CNP Rx Skin Rejuvenating Intensive Peel Tái Tạo Da Chuyên Sâu 2ml;;0.00;0.00;0.00;0.00;VIE GROUP HCM;Default Piling Area;Default Shelf;0;0;0;0;0;0.00;0;0.00;--;20202.02;0.00;Còn hàng;Chưa chọn danh mục;;;Single SKU;
https://res.bigseller.pro/sku/images/merchantsku/944484/530549_1754366311779.jpg?imageView2/1/w/300/h/300;1417;CHIVEY Bông nở rửa mặt bịch 12 miếng [XT];;0.00;0.00;0.00;0.00;VIE GROUP HCM;Default Piling Area;Default Shelf;76;0;76;0;0;0.00;0;0.13;584;9170.00;696920.00;Còn hàng;Chưa chọn danh mục;;;Single SKU;
https://res.bigseller.pro/sku/images/merchantsku/944484/097314_1754365624267.jpg?imageView2/1/w/300/h/300;1416;CHINOSHIO Toner Dokudami Perilla Natural Skin Lotion 500ml tía tô;4571243111021;0.00;0.00;0.00;0.00;VIE GROUP HCM;Default Piling Area;Default Shelf;2;0;2;0;0;0.00;0;0.03;66;68000.00;136000.00;Còn hàng;Chưa chọn danh mục;;;Single SKU;
https://res.bigseller.pro/sku/images/merchantsku/944484/761744_1754365816711.jpg?imageView2/1/w/300/h/300;1415;CHINOSHIO Toner Dokudami Natural Skin Lotion 500ml diếp cá;4571243111014;0.00;0.00;0.00;0.00;VIE GROUP HCM;Default Piling Area;Default Shelf;0;0;0;0;0;0.00;0;2.00;0;61505.62;0.00;Còn hàng;Chưa chọn danh mục;;;Single SKU;
https://res.bigseller.pro/sku/images/merchantsku/944484/968303_1754365714022.jpg?imageView2/1/w/300/h/300;1414;CHILLY Dung Dịch Vệ Sinh Phụ Nữ Chilly 200 - Hồng Delicato;8002410037418;0.00;0.00;0.00;0.00;VIE GROUP HCM;Default Piling Area;Default Shelf;0;0;0;0;0;0.00;0;0.00;--;151182.50;0.00;Ngừng bán;Chưa chọn danh mục;;;Single SKU;
https://res.bigseller.pro/sku/images/merchantsku/944484/960252_1754366212514.jpg?imageView2/1/w/300/h/300;1413;CHILLY Dung Dịch Vệ Sinh Phụ Nữ 200 - Xanh lá Gel;8002410037357;0.00;0.00;0.00;0.00;VIE GROUP HCM;Default Piling Area;Default Shelf;0;0;0;0;0;0.00;0;0.00;--;151528.00;0.00;Ngừng bán;Chưa chọn danh mục;;;Single SKU;
https://res.bigseller.pro/sku/images/merchantsku/944484/615770_1754365619583.jpg?imageView2/1/w/300/h/300;1412;CHILLY Dung Dịch Vệ Sinh Phụ Nữ 200 - Xanh dương Protect;8002410034974;0.00;0.00;0.00;0.00;VIE GROUP HCM;Default Piling Area;Default Shelf;0;0;0;0;0;0.00;0;0.00;--;182410.29;0.00;Ngừng bán;Chưa chọn danh mục;;;Single SKU;
https://res.bigseller.pro/sku/images/merchantsku/944484/283604_1755687785027.jpg?imageView2/1/w/300/h/300;1411;CHACOTT Nước Tẩy Trang Professionals Cleansing Water 500ml;4548863049492;0.00;0.00;0.00;0.00;VIE GROUP HCM;Default Piling Area;Default Shelf;11;1;10;0;0;0.00;0;2.43;4;210129.00;2311419.00;Còn hàng;Chưa chọn danh mục;;;Single SKU;
https://res.bigseller.pro/sku/images/merchantsku/944484/758881_1752046627271.jpg?imageView2/1/w/300/h/300;1410;CETAPHIL Kem Chống Nắng Daily Defense Cream SPF50 Sensitive Skin SPF50 - 50g;3499320016155;0.00;0.00;0.00;0.00;VIE GROUP HCM;Default Piling Area;Default Shelf;10;0;10;0;0;0.00;0;0.00;--;229353.00;2293530.00;Còn hàng;CETAPHIL;;;Single SKU;
https://res.bigseller.pro/sku/images/merchantsku/944484/303847_1790215854955.jpg?imageView2/1/w/300/h/300;1409;CETAPHIL  Sữa Dưỡng Ẩm Gentle Exfolioating SA Lotion Kết Hợp Tẩy Tế Bào Chết Dịu Nhẹ Cho Da Dầu Mụn Nhạy Cảm 236ml;;0.00;0.00;0.00;0.00;VIE GROUP HCM;Default Piling Area;Default Shelf;6;0;6;0;0;0.00;0;0.00;--;243883.00;1463298.00;Còn hàng;CETAPHIL;;;Single SKU;
https://res.bigseller.pro/sku/images/merchantsku/944484/724728_1759115773715.jpg?imageView2/1/w/300/h/300;1408;CETAPHIL Mặt Nạ  Bright Healthy Radiance Instant Mask Hỗ Trợ Dưỡng Sáng Da & Cấp Ẩm Chuyên Sâu 1 miếng;;0.00;0.00;0.00;0.00;VIE GROUP HCM;Default Piling Area;Default Shelf;0;0;0;0;0;0.00;0;0.00;--;50533.00;0.00;Còn hàng;CETAPHIL;;;Single SKU;
https://res.bigseller.pro/sku/images/merchantsku/944484/712834_1754361505919.jpg?imageView2/1/w/300/h/300;1407;CETAPHIL Toner Soothing & Comforting Cica Balancing 150ml;3499320016254;0.00;0.00;0.00;0.00;VIE GROUP HCM;Default Piling Area;Default Shelf;0;0;0;0;0;0.00;0;0.03;0;410680.67;0.00;Còn hàng;CETAPHIL;;;Single SKU;
https://res.bigseller.pro/sku/images/merchantsku/944484/214263_1754365821350.jpg?imageView2/1/w/300/h/300;1406;CETAPHIL Tinh Chất Soothing And Comforting Cica Restoring Serum 30ml;3499320016247;0.00;0.00;0.00;0.00;VIE GROUP HCM;Default Piling Area;Default Shelf;0;0;0;0;0;0.00;0;0.00;--;511934.00;0.00;Còn hàng;CETAPHIL;;;Single SKU;
https://res.bigseller.pro/sku/images/merchantsku/944484/159516_1786950882055.jpg?imageView2/1/w/300/h/300;1405;CETAPHIL Sữa tắm PRO AD Derma Skin Restoring Wash 295ml;3499320003926;0.00;0.00;0.00;0.00;VIE GROUP HCM;Default Piling Area;Default Shelf;2;0;2;0;0;0.00;0;0.21;9;277515.86;555031.72;Còn hàng;CETAPHIL;;;Single SKU;
https://res.bigseller.pro/sku/images/merchantsku/944484/025005_1769697815432.jpg?imageView2/1/w/300/h/300;1404;CETAPHIL Sữa tắm gội hữu cơ Baby Wash & Shampoo with Calendula - 50ml;;0.00;0.00;0.00;0.00;VIE GROUP HCM;Default Piling Area;Default Shelf;0;0;0;0;0;0.00;0;0.00;--;15000.00;0.00;Còn hàng;CETAPHIL;;;Single SKU;
https://res.bigseller.pro/sku/images/merchantsku/944484/034549_1754365908208.jpg?imageView2/1/w/300/h/300;1403;CETAPHIL Sữa tắm gội hữu cơ Baby Wash & Shampoo with Calendula - 400ml;7640203241843;0.00;0.00;0.00;0.00;VIE GROUP HCM;Default Piling Area;Default Shelf;0;0;0;0;0;0.00;0;0.00;--;221060.00;0.00;Còn hàng;CETAPHIL;;;Single SKU;
https://res.bigseller.pro/sku/images/merchantsku/944484/736568_1787498501896.jpg?imageView2/1/w/300/h/300;1402;CETAPHIL Sữa tắm gội hữu cơ Baby Wash & Shampoo with Calendula - 230ml;7640203241867;0.00;0.00;0.00;0.00;VIE GROUP HCM;Default Piling Area;Default Shelf;0;0;0;0;0;0.00;0;0.00;--;100000.00;0.00;Còn hàng;CETAPHIL;;;Single SKU;
https://res.bigseller.pro/sku/images/merchantsku/944484/286600_1754365718206.jpg?imageView2/1/w/300/h/300;1401;CETAPHIL Sữa tắm gội 2 in 1 Baby Gentle Wash & Shampoo - 400ml;9318637044009;0.00;0.00;0.00;0.00;VIE GROUP HCM;Default Piling Area;Default Shelf;0;0;0;0;0;0.00;0;0.00;--;162533.30;0.00;Còn hàng;CETAPHIL;;;Single SKU;
https://res.bigseller.pro/sku/images/merchantsku/944484/656351_1754365718072.jpg?imageView2/1/w/300/h/300;1400;CETAPHIL Sữa tắm gội 2 in 1 Baby Gentle Wash & Shampoo - 230ml;9318637043293;0.00;0.00;0.00;0.00;VIE GROUP HCM;Default Piling Area;Default Shelf;0;0;0;0;0;0.00;0;0.50;0;111812.13;0.00;Còn hàng;CETAPHIL;;;Single SKU;
https://res.bigseller.pro/sku/images/merchantsku/944484/066508_1787498543189.jpg?imageView2/1/w/300/h/300;1399;CETAPHIL Sữa tắm dưỡng ẩm Baby Ultra Moisturizing Bath & Wash 230ml;9318637043309;0.00;0.00;0.00;0.00;VIE GROUP HCM;Default Piling Area;Default Shelf;0;0;0;0;0;0.00;0;0.00;--;127224.00;0.00;Còn hàng;CETAPHIL;;;Single SKU;
https://res.bigseller.pro/sku/images/merchantsku/944484/638671_1754366308285.jpg?imageView2/1/w/300/h/300;1398;CETAPHIL Sữa Rửa Mặt Soothing Foam Wash Dạng 200ml;3499320014502;0.00;0.00;0.00;0.00;VIE GROUP HCM;Default Piling Area;Default Shelf;3;0;3;0;0;0.00;0;0.00;--;393579.42;1180738.26;Còn hàng;CETAPHIL;;;Single SKU;
https://res.bigseller.pro/sku/images/merchantsku/944484/885556_1754365626168.jpg?imageView2/1/w/300/h/300;1397;CETAPHIL Sữa rửa mặt Pro Acne Prone Oil Control Foam Wash 236ml;9318637042678;0.00;0.00;0.00;0.00;VIE GROUP HCM;Default Piling Area;Default Shelf;0;0;0;0;0;0.00;0;0.00;--;333233.95;0.00;Còn hàng;CETAPHIL;;;Single SKU;
https://res.bigseller.pro/sku/images/merchantsku/944484/049634_1768442605089.jpg?imageView2/1/w/300/h/300;1396;CETAPHIL Sữa Rửa Mặt Oily Skin Cleanser Cho Da Dầu - 5ml;;0.00;0.00;0.00;0.00;VIE GROUP HCM;Default Piling Area;Default Shelf;0;0;0;0;0;0.00;0;0.00;--;1500.00;0.00;Ngừng bán;CETAPHIL;;;Single SKU;
https://res.bigseller.pro/sku/images/merchantsku/944484/302281_1754366317792.jpg?imageView2/1/w/300/h/300;1395;CETAPHIL Sữa Rửa Mặt Oily Skin Cleanser Cho Da Dầu - 473ml MẪU MỚI;9318637044559;0.00;0.00;0.00;0.00;VIE GROUP HCM;Default Piling Area;Default Shelf;6;0;6;0;0;0.00;0;0.07;85;321558.03;1929348.18;Còn hàng;CETAPHIL;;;Single SKU;
https://res.bigseller.pro/sku/images/merchantsku/944484/276859_1787499086233.jpg?imageView2/1/w/300/h/300;1393;CETAPHIL Sữa Rửa Mặt Oily Skin Cleanser Cho Da Dầu - 118ml;3499320012980;0.00;0.00;0.00;0.00;VIE GROUP HCM;Default Piling Area;Default Shelf;11;10;1;0;0;0.00;0;0.47;2;117892.47;1296817.17;Còn hàng;CETAPHIL;;;Single SKU;
https://res.bigseller.pro/sku/images/merchantsku/944484/479055_1755687689326.jpg?imageView2/1/w/300/h/300;1392;CETAPHIL Sữa Rửa Mặt Hydrating Foaming Cream Cleanser - 236ml;3499320014830;0.00;0.00;0.00;0.00;VIE GROUP HCM;Default Piling Area;Default Shelf;0;0;0;0;0;0.00;0;0.00;--;207368.00;0.00;Còn hàng;CETAPHIL;;;Single SKU;
https://res.bigseller.pro/sku/images/merchantsku/944484/382637_1754365908195.jpg?imageView2/1/w/300/h/300;1390;CETAPHIL Sữa rửa mặt Gentle Skin Cleanser - 236ml;3499320013185;0.00;0.00;0.00;0.00;VIE GROUP HCM;Default Piling Area;Default Shelf;0;0;0;0;0;0.00;0;0.00;--;200405.84;0.00;Còn hàng;CETAPHIL;;;Single SKU;
https://res.bigseller.pro/sku/images/merchantsku/944484/723320_1787498768814.jpg?imageView2/1/w/300/h/300;1389;CETAPHIL Sữa rửa mặt Gentle Skin Cleanser - 125ml;3499320013055;0.00;0.00;0.00;0.00;VIE GROUP HCM;Default Piling Area;Default Shelf;27;18;9;0;0;0.00;0;1.70;5;109424.74;2954467.98;Còn hàng;CETAPHIL;;;Single SKU;
https://res.bigseller.pro/sku/images/merchantsku/944484/847614_1754365816475.jpg?imageView2/1/w/300/h/300;1388;CETAPHIL Sữa Rửa Mặt Foaming Cream Cleanser - 473ml;3499320014809;0.00;0.00;0.00;0.00;VIE GROUP HCM;Default Piling Area;Default Shelf;0;0;0;0;0;0.00;0;0.00;--;299730.80;0.00;Còn hàng;CETAPHIL;;;Single SKU;
https://res.bigseller.pro/sku/images/merchantsku/944484/003284_1787499735925.jpg?imageView2/1/w/300/h/300;1387;CETAPHIL Sữa rửa mặt Bright Healthy Radiance Cleanser 100g;3499320011075;0.00;0.00;0.00;0.00;VIE GROUP HCM;Default Piling Area;Default Shelf;2;0;2;0;0;0.00;0;0.00;--;161263.59;322527.18;Còn hàng;CETAPHIL;;;Single SKU;
https://res.bigseller.pro/sku/images/merchantsku/944484/465834_1769698958217.jpg?imageView2/1/w/300/h/300;1386;CETAPHIL Sữa dưỡng da Baby Daily Lotion - with Calendula 50ml;;0.00;0.00;0.00;0.00;VIE GROUP HCM;Default Piling Area;Default Shelf;4;0;4;0;0;0.00;0;0.00;--;15000.00;60000.00;Còn hàng;CETAPHIL;;;Single SKU;
https://res.bigseller.pro/sku/images/merchantsku/944484/857742_1787498634104.jpg?imageView2/1/w/300/h/300;1385;CETAPHIL Sữa dưỡng da Baby Daily Lotion - with Calendula 400ml;7640203241850;0.00;0.00;0.00;0.00;VIE GROUP HCM;Default Piling Area;Default Shelf;2;2;0;0;0;0.00;0;0.57;0;243581.54;487163.08;Còn hàng;CETAPHIL;;;Single SKU;
https://res.bigseller.pro/sku/images/merchantsku/944484/322758_1787498596233.jpg?imageView2/1/w/300/h/300;1384;CETAPHIL Sữa dưỡng da Baby Daily Lotion - 400ml;9318637043316;0.00;0.00;0.00;0.00;VIE GROUP HCM;Default Piling Area;Default Shelf;2;0;2;0;0;0.00;0;0.17;11;190211.02;380422.04;Còn hàng;CETAPHIL;;;Single SKU;
https://res.bigseller.pro/sku/images/merchantsku/944484/705307_1754998488389.jpg?imageView2/1/w/300/h/300;1383;CETAPHIL Sữa dưỡng ẩm Moisturizing Lotion - 236ml;3499320012478;0.00;0.00;0.00;0.00;VIE GROUP HCM;Default Piling Area;Default Shelf;0;0;0;0;0;0.00;0;0.00;--;226162.00;0.00;Còn hàng;CETAPHIL;;;Single SKU;
https://res.bigseller.pro/sku/images/merchantsku/944484/913763_1787499865211.jpg?imageView2/1/w/300/h/300;1382;CETAPHIL Sữa Chống Nắng Baby Sun Kids SPF 50+ - 150ml;9318637043781;0.00;0.00;0.00;0.00;VIE GROUP HCM;Default Piling Area;Default Shelf;2;0;2;0;0;0.00;0;0.00;--;287546.17;575092.34;Còn hàng;CETAPHIL;;;Single SKU;
https://res.bigseller.pro/sku/images/merchantsku/944484/873667_1789804296622.jpg?imageView2/1/w/300/h/300;1381;CETAPHIL Pro Ad Derma Repair Cream Giảm Ngứa Và Làm Dịu Lành Dành Cho Da Khô, Ngứa 227g;3499320015417;0.00;0.00;0.00;0.00;VIE GROUP HCM;Default Piling Area;Default Shelf;1;0;1;0;0;0.00;0;0.03;33;569455.00;569455.00;Còn hàng;CETAPHIL;;;Single SKU;
https://res.bigseller.pro/sku/images/merchantsku/944484/766681_1787499671827.jpg?imageView2/1/w/300/h/300;1380;CETAPHIL Nước hoa hồng dưỡng ẩm Bright Healthy Radiance Toner 150ml;3499320011099;0.00;0.00;0.00;0.00;VIE GROUP HCM;Default Piling Area;Default Shelf;1;0;1;0;0;0.00;0;0.03;33;213506.40;213506.40;Còn hàng;CETAPHIL;;;Single SKU;
https://res.bigseller.pro/sku/images/merchantsku/944484/486244_1758881529380.jpg?imageView2/1/w/300/h/300;1379;CETAPHIL Mặt Nạ Bright Healthy Radiance Instant Mask 6 Miếngx23ml;3499320014687;0.00;0.00;0.00;0.00;VIE GROUP HCM;Default Piling Area;Default Shelf;2;0;2;0;0;0.00;0;0.27;7;285806.70;571613.40;Còn hàng;CETAPHIL;;;Single SKU;
https://res.bigseller.pro/sku/images/merchantsku/944484/674680_1759136713237.jpg?imageView2/1/w/300/h/300;1378;CETAPHIL Kem Dưỡng Đa Năng Baby Soothing & Moisturising Cream 556g;;0.00;0.00;0.00;0.00;VIE GROUP HCM;Default Piling Area;Default Shelf;0;0;0;0;0;0.00;0;0.00;--;317991.00;0.00;Còn hàng;CETAPHIL;;;Single SKU;
https://res.bigseller.pro/sku/images/merchantsku/944484/191774_1754998486120.jpg?imageView2/1/w/300/h/300;1377;CETAPHIL Kem Dưỡng Ẩm Soothing And Comforting Cica Calming Face Cream 45ml;;0.00;0.00;0.00;0.00;VIE GROUP HCM;Default Piling Area;Default Shelf;0;0;0;0;0;0.00;0;0.00;--;365515.83;0.00;Còn hàng;CETAPHIL;;;Single SKU;
https://res.bigseller.pro/sku/images/merchantsku/944484/914194_1787306471275.jpg?imageView2/1/w/300/h/300;1376;CETAPHIL Kem dưỡng ẩm PRO AD Derma Skin Restoring Moisturizer 295ml;3499320003919;0.00;0.00;0.00;0.00;VIE GROUP HCM;Default Piling Area;Default Shelf;5;0;5;0;0;0.00;0;0.00;--;484720.08;2423600.40;Còn hàng;CETAPHIL;;;Single SKU;
https://res.bigseller.pro/sku/images/merchantsku/944484/839698_1787499553627.jpg?imageView2/1/w/300/h/300;1375;CETAPHIL Kem dưỡng ẩm Pro Acne Prone Moist Lotion SPF25 118ml;9318637042685;0.00;0.00;0.00;0.00;VIE GROUP HCM;Default Piling Area;Default Shelf;0;0;0;0;0;0.00;0;0.06;0;466344.00;0.00;Còn hàng;CETAPHIL;;;Single SKU;
https://res.bigseller.pro/sku/images/merchantsku/944484/678841_1754366215808.jpg?imageView2/1/w/300/h/300;1374;CETAPHIL Kem dưỡng ẩm Face and Body Moisturizing Cream 50gr;3499320001236;0.00;0.00;0.00;0.00;VIE GROUP HCM;Default Piling Area;Default Shelf;0;0;0;0;0;0.00;0;0.20;0;114333.00;0.00;Còn hàng;CETAPHIL;;;Single SKU;
https://res.bigseller.pro/sku/images/merchantsku/944484/331152_1754366306209.jpg?imageView2/1/w/300/h/300;1373;CETAPHIL Kem dưỡng ẩm Face and Body Moisturizing Cream 453gr;;0.00;0.00;0.00;0.00;VIE GROUP HCM;Default Piling Area;Default Shelf;0;0;0;0;0;0.00;0;0.00;--;275400.00;0.00;Còn hàng;CETAPHIL;;;Single SKU;
https://res.bigseller.pro/sku/images/merchantsku/944484/177817_1754365712396.jpg?imageView2/1/w/300/h/300;1372;CETAPHIL Kem dưỡng ẩm Face and Body Moisturizing Cream 100gr;3499320012522;0.00;0.00;0.00;0.00;VIE GROUP HCM;Default Piling Area;Default Shelf;2;0;2;0;0;0.00;0;0.00;--;196952.00;393904.00;Còn hàng;CETAPHIL;;;Single SKU;
https://res.bigseller.pro/sku/images/merchantsku/944484/676696_1754365626141.jpg?imageView2/1/w/300/h/300;1371;CETAPHIL Kem dưỡng ẩm Bright Healthy Radiance - Night Cream 50g;3499320011112;0.00;0.00;0.00;0.00;VIE GROUP HCM;Default Piling Area;Default Shelf;0;0;0;0;0;0.00;0;0.14;0;388151.50;0.00;Còn hàng;CETAPHIL;;;Single SKU;
https://res.bigseller.pro/sku/images/merchantsku/944484/486308_1754365816347.jpg?imageView2/1/w/300/h/300;1370;CETAPHIL Kem dưỡng ẩm Bright Healthy Radiance - Day Cream SPF15 50g;3499320011044;0.00;0.00;0.00;0.00;VIE GROUP HCM;Default Piling Area;Default Shelf;0;0;0;0;0;0.00;0;0.00;--;441200.00;0.00;Còn hàng;CETAPHIL;;;Single SKU;
https://res.bigseller.pro/sku/images/merchantsku/944484/837811_1754365912068.jpg?imageView2/1/w/300/h/300;1369;CETAPHIL Kem Baby Diaper Cream Calendula 70g;7640203240310;0.00;0.00;0.00;0.00;VIE GROUP HCM;Default Piling Area;Default Shelf;0;0;0;0;0;0.00;0;0.25;0;164200.00;0.00;Còn hàng;CETAPHIL;;;Single SKU;
https://res.bigseller.pro/sku/images/merchantsku/944484/751171_1755553511823.jpg?imageView2/1/w/300/h/300;1368;CETAPHIL Gel Rửa Mặt CETAPHIL Gentle Exfolioating SA Cleanser Làm Sạch Sâu Cho Da Dầu Mụn Nhạy Cảm 29ml;;0.00;0.00;0.00;0.00;VIE GROUP HCM;Default Piling Area;Default Shelf;0;0;0;0;0;0.00;0;0.00;--;1250.00;0.00;Còn hàng;CETAPHIL;;;Single SKU;
https://res.bigseller.pro/sku/images/merchantsku/944484/749363_1754365714105.jpg?imageView2/1/w/300/h/300;1367;CETAPHIL Gel Chống Nắng Sun SPF 50+ Light 50ml;7612076600645;0.00;0.00;0.00;0.00;VIE GROUP HCM;Default Piling Area;Default Shelf;0;0;0;0;0;0.00;0;0.00;--;196019.60;0.00;Còn hàng;CETAPHIL;;;Single SKU;
https://res.bigseller.pro/sku/images/merchantsku/944484/099237_1754366216147.jpg?imageView2/1/w/300/h/300;1366;CETAPHIL Dầu gội Baby Shampoo 200ml;9318637043330;0.00;0.00;0.00;0.00;VIE GROUP HCM;Default Piling Area;Default Shelf;0;0;0;0;0;0.00;0;0.00;--;127783.00;0.00;Còn hàng;CETAPHIL;;;Single SKU;
https://res.bigseller.pro/sku/images/merchantsku/944484/440626_1759216549459.jpg?imageView2/1/w/300/h/300;1365;CETAPHIL Baby Moisturising Baby Oil Dưỡng Ẩm Mềm Mại,Cung Cấp Dưỡng Chất Cho Da Bé 200ml;3499320017237;0.00;0.00;0.00;0.00;VIE GROUP HCM;Default Piling Area;Default Shelf;11;0;11;0;0;0.00;0;0.00;--;148400.47;1632405.17;Còn hàng;CETAPHIL;;;Single SKU;
https://res.bigseller.pro/sku/images/merchantsku/944484/816970_1759111146621.jpg?imageView2/1/w/300/h/300;1364;CETAPHIL  Tinh Chất Bright Healthy Radiance Perfecting Serum 30ml;;0.00;0.00;0.00;0.00;VIE GROUP HCM;Default Piling Area;Default Shelf;0;0;0;0;0;0.00;0;0.00;--;358627.00;0.00;Còn hàng;CETAPHIL;;;Single SKU;
https://res.bigseller.pro/sku/images/merchantsku/944484/104751_1753066149857.jpg?imageView2/1/w/300/h/300;1363;CETAPHIL Gel Rửa Mặt Gentle Exfolioating SA Cleanser Làm Sạch Sâu Cho Da Dầu Mụn Nhạy Cảm 473ml;9318637044498;0.00;0.00;0.00;0.00;VIE GROUP HCM;Default Piling Area;Default Shelf;3;0;3;0;0;0.00;0;0.00;--;351850.00;1055550.00;Còn hàng;CETAPHIL;;;Single SKU;
https://res.bigseller.pro/sku/images/merchantsku/944484/565425_1753066116048.jpg?imageView2/1/w/300/h/300;1362;CETAPHIL Gel Rửa Mặt CETAPHIL Gentle Exfolioating SA Cleanser Làm Sạch Sâu Cho Da Dầu Mụn Nhạy Cảm 236ml;;0.00;0.00;0.00;0.00;VIE GROUP HCM;Default Piling Area;Default Shelf;0;0;0;0;0;0.00;0;0.00;--;250510.00;0.00;Còn hàng;CETAPHIL;;;Single SKU;
https://res.bigseller.pro/sku/images/merchantsku/944484/902080_1749546862234.jpg?imageView2/1/w/300/h/300;1361;CERAVE Sữa Rửa Mặt Cerave Cho Da Dầu Mụn Blemish Control Cleanser - 88ml;;0.00;0.00;0.00;0.00;VIE GROUP HCM;Default Piling Area;Default Shelf;0;0;0;0;0;0.00;0;0.09;0;118063.00;0.00;Còn hàng;Chưa chọn danh mục;;;Single SKU;
https://res.bigseller.pro/sku/images/merchantsku/944484/278672_1749546410503.jpg?imageView2/1/w/300/h/300;1359;CERAVE Sữa Rửa Mặt Cerave Cho Da Dầu Mụn Blemish Control Cleanser - 236ml;3337875784054;0.00;0.00;0.00;0.00;VIE GROUP HCM;Default Piling Area;Default Shelf;0;0;0;0;0;0.00;0;0.92;0;258857.87;0.00;Còn hàng;Chưa chọn danh mục;;;Single SKU;
https://res.bigseller.pro/sku/images/merchantsku/944484/899824_1754365904431.jpg?imageView2/1/w/300/h/300;1358;CERAVE Sữa Rửa Mặt SA Smoothing Cleanser - 30ml;30160323;0.00;0.00;0.00;0.00;VIE GROUP HCM;Default Piling Area;Default Shelf;0;0;0;0;0;0.00;0;0.00;--;15999.00;0.00;Còn hàng;Chưa chọn danh mục;;;Single SKU;
https://res.bigseller.pro/sku/images/merchantsku/944484/840743_1754365623720.jpg?imageView2/1/w/300/h/300;1357;CERAVE Sữa Rửa Mặt SA Smoothing Cleanser - 236ml FRANCE;3337875684118;0.00;0.00;0.00;0.00;VIE GROUP HCM;Default Piling Area;Default Shelf;14;1;13;0;0;0.00;0;0.90;15;248683.44;3481568.16;Còn hàng;Chưa chọn danh mục;;;Single SKU;
https://res.bigseller.pro/sku/images/merchantsku/944484/799128_1754366311827.jpg?imageView2/1/w/300/h/300;1356;CERAVE Sữa Rửa Mặt HYDRATING Cleanser - 88ml FRANCE;3337875597326;0.00;0.00;0.00;0.00;VIE GROUP HCM;Default Piling Area;Default Shelf;16;2;14;0;0;0.00;0;1.73;8;110146.72;1762347.52;Còn hàng;Chưa chọn danh mục;;;Single SKU;
https://res.bigseller.pro/sku/images/merchantsku/944484/446683_1754365718067.jpg?imageView2/1/w/300/h/300;1355;CERAVE Sữa Rửa Mặt HYDRATING Cleanser - 473ml FRANCE;3337875597333;0.00;0.00;0.00;0.00;VIE GROUP HCM;Default Piling Area;Default Shelf;0;0;0;0;0;0.00;0;0.12;0;327096.90;0.00;Còn hàng;Chưa chọn danh mục;;;Single SKU;
https://res.bigseller.pro/sku/images/merchantsku/944484/013712_1754366216280.jpg?imageView2/1/w/300/h/300;1353;CERAVE Sữa Rửa Mặt HYDRATING Cleanser - 236ml FRANCE;3337875597180;0.00;0.00;0.00;0.00;VIE GROUP HCM;Default Piling Area;Default Shelf;2;2;0;0;0;0.00;0;0.62;0;224480.77;448961.54;Còn hàng;Chưa chọn danh mục;;;Single SKU;
https://res.bigseller.pro/sku/images/merchantsku/944484/577272_1768363051054.jpg?imageView2/1/w/300/h/300;1352;CERAVE Sữa Rửa Mặt Hydrating Cleanser - 20ml [DATE 07.2026];;0.00;0.00;0.00;0.00;VIE GROUP HCM;Default Piling Area;Default Shelf;0;0;0;0;0;0.00;0;0.00;--;14000.00;0.00;Còn hàng;Chưa chọn danh mục;;;Single SKU;
https://res.bigseller.pro/sku/images/merchantsku/944484/302232_1754366311743.jpg?imageView2/1/w/300/h/300;1351;CERAVE Sữa Rửa Mặt Foaming Cleanser - 473ml FRANCE;3337875597357;0.00;0.00;0.00;0.00;VIE GROUP HCM;Default Piling Area;Default Shelf;92;0;92;0;0;0.00;0;2.37;38;309573.37;28480750.04;Còn hàng;Chưa chọn danh mục;;;Single SKU;
https://res.bigseller.pro/sku/images/merchantsku/944484/634847_1785651928354.jpg?imageView2/1/w/300/h/300;1350;CERAVE Sữa Rửa Mặt Foaming Cleanser - 30ml FRANCE;30159952;0.00;0.00;0.00;0.00;VIE GROUP HCM;Default Piling Area;Default Shelf;2641;109;2532;0;0;0.00;0;293.43;8;14388.50;38000028.50;Còn hàng;Chưa chọn danh mục;;;Single SKU;
https://res.bigseller.pro/sku/images/merchantsku/944484/862346_1754365717686.jpg?imageView2/1/w/300/h/300;1349;CERAVE Sữa Rửa Mặt Foaming Cleanser - 236ml FRANCE;3337875597197;0.00;0.00;0.00;0.00;VIE GROUP HCM;Default Piling Area;Default Shelf;290;0;290;0;0;0.00;0;3.83;75;228999.58;66409878.20;Còn hàng;Chưa chọn danh mục;;;Single SKU;
https://res.bigseller.pro/sku/images/merchantsku/944484/904350_1754365623812.jpg?imageView2/1/w/300/h/300;1348;CERAVE Sữa Dưỡng Moisturising Lotion Lait Hydratant - 88ml FRANCE;3337875597364;0.00;0.00;0.00;0.00;VIE GROUP HCM;Default Piling Area;Default Shelf;0;0;0;0;0;0.00;0;0.00;--;136783.33;0.00;Còn hàng;Chưa chọn danh mục;;;Single SKU;
https://res.bigseller.pro/sku/images/merchantsku/944484/980249_1754365914084.jpg?imageView2/1/w/300/h/300;1346;CERAVE Sữa Dưỡng Moisturising Lotion Lait Hydratant - 30ml;30157392;0.00;0.00;0.00;0.00;VIE GROUP HCM;Default Piling Area;Default Shelf;0;0;0;0;0;0.00;0;2.60;0;15000.00;0.00;Còn hàng;Chưa chọn danh mục;;;Single SKU;
https://res.bigseller.pro/sku/images/merchantsku/944484/980782_1754366311826.jpg?imageView2/1/w/300/h/300;1341;CERAVE Kem Dưỡng Da Moisturising Cream Baume Hydratant - 50ml FRANCE;3337875597371;0.00;0.00;0.00;0.00;VIE GROUP HCM;Default Piling Area;Default Shelf;1;0;1;0;0;0.00;0;0.67;1;122856.34;122856.34;Còn hàng;Chưa chọn danh mục;;;Single SKU;
https://res.bigseller.pro/sku/images/merchantsku/944484/693265_1754366215944.jpg?imageView2/1/w/300/h/300;1339;CERAVE Kem Dưỡng Da Moisturising Cream Baume Hydratant - 340g FRANCE;3337875597227;0.00;0.00;0.00;0.00;VIE GROUP HCM;Default Piling Area;Default Shelf;1;0;1;0;0;0.00;0;0.47;2;304594.76;304594.76;Còn hàng;Chưa chọn danh mục;;;Single SKU;
https://res.bigseller.pro/sku/images/merchantsku/944484/242878_1754365625560.jpg?imageView2/1/w/300/h/300;1338;CERAVE Kem Dưỡng Ẩm Facial Moisturising Lotion 52ML - PM (Ban Đêm), FRANCE;3337875597449;0.00;0.00;0.00;0.00;VIE GROUP HCM;Default Piling Area;Default Shelf;0;0;0;0;0;0.00;0;0.00;--;120000.00;0.00;Còn hàng;Chưa chọn danh mục;;;Single SKU;
https://res.bigseller.pro/sku/images/merchantsku/944484/759216_1767406725765.jpg?imageView2/1/w/300/h/300;1336;CERAVE Gel Giảm Mụn Cerave  Blemish Control Gel - 40ml;3337875782357;0.00;0.00;0.00;0.00;VIE GROUP HCM;Default Piling Area;Default Shelf;1;0;1;0;0;0.00;0;0.00;--;237250.00;237250.00;Còn hàng;Chưa chọn danh mục;;;Single SKU;
https://res.bigseller.pro/sku/images/merchantsku/944484/621072_1754365810827.jpg?imageView2/1/w/300/h/300;1335;CELL FUSION Kem chống nắng Toning Sunscreen 100 SPF50+/PA++++ 50ml - XANH NHẠT;;0.00;0.00;0.00;0.00;VIE GROUP HCM;Default Piling Area;Default Shelf;0;0;0;0;0;0.00;0;0.00;--;251518.52;0.00;Còn hàng;Chưa chọn danh mục;;;Single SKU;
https://res.bigseller.pro/sku/images/merchantsku/944484/051891_1754365617407.jpg?imageView2/1/w/300/h/300;1334;CELL FUSION Kem chống nắng Toning Sunscreen 100 SPF50+/PA++++ 50ml - Vàng;;0.00;0.00;0.00;0.00;VIE GROUP HCM;Default Piling Area;Default Shelf;0;0;0;0;0;0.00;0;0.00;--;258333.33;0.00;Còn hàng;Chưa chọn danh mục;;;Single SKU;
https://res.bigseller.pro/sku/images/merchantsku/944484/243648_1754366306015.jpg?imageView2/1/w/300/h/300;1332;CELL FUSION Kem chống nắng Toning Sunscreen 100 SPF50+/PA++++ 50ml - Hồng AQUA Tone up;8809694628697;0.00;0.00;0.00;0.00;VIE GROUP HCM;Default Piling Area;Default Shelf;10;0;10;0;0;0.00;0;0.00;--;285000.00;2850000.00;Còn hàng;Chưa chọn danh mục;;;Single SKU;
https://res.bigseller.pro/sku/images/merchantsku/944484/236572_1774242106491.jpg?imageView2/1/w/300/h/300;1331;CELL FUSION Kem chống nắng Dark Spot Toning 50ml - HỒNG;8809694626785;0.00;0.00;0.00;0.00;VIE GROUP HCM;Default Piling Area;Default Shelf;1;0;1;0;0;0.00;0;0.17;5;205442.01;205442.01;Còn hàng;Chưa chọn danh mục;;;Single SKU;
https://res.bigseller.pro/sku/images/merchantsku/944484/777310_1764213452088.jpg?imageView2/1/w/300/h/300;1330;CELL FUSION C Kem chống nắng Toning Sunscreen 100 SPF50+/PA++++ 35ml - VÀNG Derma Relief;8809694627744;0.00;0.00;0.00;0.00;VIE GROUP HCM;Default Piling Area;Default Shelf;2;0;2;0;0;0.00;0;0.03;66;170000.00;340000.00;Còn hàng;Chưa chọn danh mục;;;Single SKU;
https://res.bigseller.pro/sku/images/merchantsku/944484/961835_1764213914124.jpg?imageView2/1/w/300/h/300;1329;CELL FUSION C Kem chống nắng Toning Sunscreen 100 SPF50+/PA++++ 35ml - HỒNG Aqua Tone Up;8809694627249;0.00;0.00;0.00;0.00;VIE GROUP HCM;Default Piling Area;Default Shelf;8;0;8;0;0;0.00;0;0.10;80;180000.00;1440000.00;Còn hàng;Chưa chọn danh mục;;;Single SKU;
https://res.bigseller.pro/sku/images/merchantsku/944484/472209_1760770392884.jpg?imageView2/1/w/300/h/300;1328;CELL FUSION C Kem chống nắng Toning Sunscreen 100 SPF50+/PA++++  - XANH 35ml MẪU MỚI;;0.00;0.00;0.00;0.00;VIE GROUP HCM;Default Piling Area;Default Shelf;0;0;0;0;0;0.00;0;0.00;--;153484.90;0.00;Còn hàng;Chưa chọn danh mục;;;Single SKU;
https://res.bigseller.pro/sku/images/merchantsku/944484/447396_1760770429646.jpg?imageView2/1/w/300/h/300;1327;CELL FUSION C Kem chống nắng Toning Sunscreen 100 SPF50+/PA++++  - ĐỎ 35ml MẪU MỚI;;0.00;0.00;0.00;0.00;VIE GROUP HCM;Default Piling Area;Default Shelf;0;0;0;0;0;0.00;0;0.00;--;168400.00;0.00;Còn hàng;Chưa chọn danh mục;;;Single SKU;
https://res.bigseller.pro/sku/images/merchantsku/944484/957106_1755552875100.jpg?imageView2/1/w/300/h/300;1326;CATRICE Kem nền HD Liquid Coverage Last Upto 24h 30ml - 020;4250947598290;0.00;0.00;0.00;0.00;VIE GROUP HCM;Default Piling Area;Default Shelf;5;0;5;0;0;0.00;0;0.00;--;147325.58;736627.90;Ngừng bán;Chưa chọn danh mục;;;Single SKU;
https://res.bigseller.pro/sku/images/merchantsku/944484/504693_1754364213578.jpg?imageView2/1/w/300/h/300;1325;CATRICE Kem nền HD Liquid Coverage Last Upto 24h 30ml - 008;;0.00;0.00;0.00;0.00;VIE GROUP HCM;Default Piling Area;Default Shelf;0;0;0;0;0;0.00;0;0.00;--;152325.58;0.00;Còn hàng;Chưa chọn danh mục;;;Single SKU;
https://res.bigseller.pro/sku/images/merchantsku/944484/538989_1754366215673.jpg?imageView2/1/w/300/h/300;1324;CARYOPHY Toner Portulaca 300ml;8809501250950;0.00;0.00;0.00;0.00;VIE GROUP HCM;Default Piling Area;Default Shelf;4;0;4;0;0;0.00;0;0.07;57;210000.00;840000.00;Còn hàng;Chưa chọn danh mục;;;Single SKU;
https://res.bigseller.pro/sku/images/merchantsku/944484/788346_1756125069561.jpg?imageView2/1/w/300/h/300;1323;CARYOPHY Nước Tẩy Trang Smart Cleansing Water 5in1 - 500ml;8809501251100;0.00;0.00;0.00;0.00;VIE GROUP HCM;Default Piling Area;Default Shelf;7;0;7;0;0;0.00;0;0.03;233;178000.00;1246000.00;Còn hàng;Chưa chọn danh mục;;;Single SKU;
https://res.bigseller.pro/sku/images/merchantsku/944484/860050_1772596263833.jpg?imageView2/1/w/300/h/300;1322;CARYOPHY Mặt nạ Skin Repair Mask Sheet 3IN1 22g - 01 miếng - XANH DƯƠNG;8809501251438;0.00;0.00;0.00;0.00;VIE GROUP HCM;Default Piling Area;Default Shelf;168;80;88;0;0;0.00;0;6.87;12;16399.90;2755183.20;Còn hàng;Chưa chọn danh mục;;;Single SKU;
https://res.bigseller.pro/sku/images/merchantsku/944484/449102_1754366311773.jpg?imageView2/1/w/300/h/300;1321;CARYOPHY Mặt nạ Portulaca Mask Sheet 3IN1 22g - 01 miếng;8809501251087;0.00;0.00;0.00;0.00;VIE GROUP HCM;Default Piling Area;Default Shelf;3;0;3;0;0;0.00;0;19.20;0;16199.95;48599.85;Còn hàng;Chưa chọn danh mục;;;Single SKU;
https://res.bigseller.pro/sku/images/merchantsku/944484/409962_1754365908211.jpg?imageView2/1/w/300/h/300;1320;CARYOPHY Kem Chống Nắng Smart Tone-up Sunscreen SPF50+ PA+++ 50ml;8809501251124;0.00;0.00;0.00;0.00;VIE GROUP HCM;Default Piling Area;Default Shelf;4;0;4;0;0;0.00;0;0.07;57;205000.00;820000.00;Còn hàng;Chưa chọn danh mục;;;Single SKU;
https://res.bigseller.pro/sku/images/merchantsku/944484/375747_1754365819911.jpg?imageView2/1/w/300/h/300;1319;CARYOPHY Gel Tẩy Tế Bào Chết Ngăn Ngừa Mụn 250ml Smart Peeling Gel;8809501251186;0.00;0.00;0.00;0.00;VIE GROUP HCM;Default Piling Area;Default Shelf;2;0;2;0;0;0.00;0;0.10;20;204124.75;408249.50;Còn hàng;Chưa chọn danh mục;;;Single SKU;
https://res.bigseller.pro/sku/images/merchantsku/944484/162717_1754361508925.jpg?imageView2/1/w/300/h/300;1318;CARYN Tấm đệm lót Caryn siêu thấm giúp chống trào với công nghệ kháng khuẩn ngăn ngừa vi khuẩn và kiểm soát mùi hiệu quả - 20pcs;;0.00;0.00;0.00;0.00;VIE GROUP HCM;Default Piling Area;Default Shelf;0;0;0;0;0;0.00;0;0.00;--;98500.00;0.00;Ngừng bán;Chưa chọn danh mục;;;Single SKU;
https://res.bigseller.pro/sku/images/merchantsku/944484/384335_1762329315627.jpg?imageView2/1/w/300/h/300;1317;CARSLAN Phấn phủ kiềm dầu Carslan chống nước chống mồ hôi ngăn bóng dầu 1g  - Tím;;0.00;0.00;0.00;0.00;VIE GROUP HCM;Default Piling Area;Default Shelf;0;0;0;0;0;0.00;0;0.00;--;30000.00;0.00;Còn hàng;Chưa chọn danh mục;;;Single SKU;
https://res.bigseller.pro/sku/images/merchantsku/944484/215379_1754364214253.jpg?imageView2/1/w/300/h/300;1315;CARE4U Tăm Vệ Sinh Kẽ Răng Loại Bỏ Mảnh Vụn Thức Ăn Giữa Các Kẽ Răng 160 Chiếc;;0.00;0.00;0.00;0.00;VIE GROUP HCM;Default Piling Area;Default Shelf;0;0;0;0;0;0.00;0;1.60;0;24286.00;0.00;Còn hàng;Chưa chọn danh mục;;;Single SKU;
https://res.bigseller.pro/sku/images/merchantsku/944484/953734_1754365823524.jpg?imageView2/1/w/300/h/300;1314;CARE4U Dụng Cụ Cạo Lưỡi Giảm Hôi Miệng Vệ Sinh Lưỡi;;0.00;0.00;0.00;0.00;VIE GROUP HCM;Default Piling Area;Default Shelf;0;0;0;0;0;0.00;0;0.00;--;22114.83;0.00;Còn hàng;Chưa chọn danh mục;;;Single SKU;
https://res.bigseller.pro/sku/images/merchantsku/944484/281284_1762349477893.jpg?imageView2/1/w/300/h/300;1313;CANDID RETINOL 0.5 Hoạt Chất Chống Lão Hoá Retinol 0.5;;0.00;0.00;0.00;0.00;VIE GROUP HCM;Default Piling Area;Default Shelf;0;0;0;0;0;0.00;0;0.00;--;662562.50;0.00;Ngừng bán;CANDID;;;Single SKU;
https://res.bigseller.pro/sku/images/merchantsku/944484/524974_1761736516106.jpg?imageView2/1/w/300/h/300;1312;CANDID Kem Dưỡng Ẩm B5 CICA - Candid B5 CICA Repair & Soothing Cream - 50ml;;0.00;0.00;0.00;0.00;VIE GROUP HCM;Default Piling Area;Default Shelf;0;0;0;0;0;0.00;0;0.00;--;450119.15;0.00;Còn hàng;CANDID;;;Single SKU;
https://res.bigseller.pro/sku/images/merchantsku/944484/472526_1766418025606.jpg?imageView2/1/w/300/h/300;1311;CANDID Kem Dưỡng Ẩm B5 CICA - Candid B5 CICA Repair & Soothing Cream - 10ml;;0.00;0.00;0.00;0.00;VIE GROUP HCM;Default Piling Area;Default Shelf;0;0;0;0;0;0.00;0;0.00;--;88636.36;0.00;Ngừng bán;CANDID;;;Single SKU;
https://res.bigseller.pro/sku/images/merchantsku/944484/208197_1754366212096.jpg?imageView2/1/w/300/h/300;1310;CAMAY Xà bông tắm 125g – Natural (Trắng);8999999058395;0.00;0.00;0.00;0.00;VIE GROUP HCM;Default Piling Area;Default Shelf;1;0;1;0;0;0.00;0;0.10;10;13392.00;13392.00;Còn hàng;Chưa chọn danh mục;;;Single SKU;
https://res.bigseller.pro/sku/images/merchantsku/944484/614293_1754365622245.jpg?imageView2/1/w/300/h/300;1309;CAMAY Xà bông tắm 125g – Classic (Đỏ);8999999058371;0.00;0.00;0.00;0.00;VIE GROUP HCM;Default Piling Area;Default Shelf;0;0;0;0;0;0.00;0;0.25;0;13920.91;0.00;Còn hàng;Chưa chọn danh mục;;;Single SKU;
https://res.bigseller.pro/sku/images/merchantsku/944484/196329_1754365714075.jpg?imageView2/1/w/300/h/300;1308;CAMAY Xà bông tắm 125g – Chic (Đen);8999999058388;0.00;0.00;0.00;0.00;VIE GROUP HCM;Default Piling Area;Default Shelf;0;0;0;0;0;0.00;0;0.12;0;13392.00;0.00;Còn hàng;Chưa chọn danh mục;;;Single SKU;
https://res.bigseller.pro/sku/images/merchantsku/944484/833582_1754366221442.jpg?imageView2/1/w/300/h/300;1306;BOUNCIA Sữa Tắm COW Body Soap Trắng Da Dưỡng Ẩm 480ml - HOA HỒNG NẮP HỒNG;4901525010962;0.00;0.00;0.00;0.00;VIE GROUP HCM;Default Piling Area;Default Shelf;0;0;0;0;0;0.00;0;0.00;--;86727.00;0.00;Còn hàng;Chưa chọn danh mục;;;Single SKU;
https://res.bigseller.pro/sku/images/merchantsku/944484/612450_1754365629090.jpg?imageView2/1/w/300/h/300;1305;BOUNCIA Sữa Tắm COW Body Soap Trắng Da Dưỡng Ẩm 480ml - HOA CỎ NẮP XANH;4901525010955;0.00;0.00;0.00;0.00;VIE GROUP HCM;Default Piling Area;Default Shelf;3;0;3;0;0;0.00;0;0.00;--;88857.00;266571.00;Còn hàng;Chưa chọn danh mục;;;Single SKU;
https://res.bigseller.pro/sku/images/merchantsku/944484/887146_1754365619386.jpg?imageView2/1/w/300/h/300;1304;BOBBY Khăn ướt Hương nhẹ nhàng an toàn dịu êm cho bé 100 miếng/gói - Hồng;8934755035074;0.00;0.00;0.00;0.00;VIE GROUP HCM;Default Piling Area;Default Shelf;10;0;10;0;0;0.00;0;0.00;--;26420.00;264200.00;Còn hàng;Chưa chọn danh mục;;;Single SKU;
https://res.bigseller.pro/sku/images/merchantsku/944484/490473_1754361506377.jpg?imageView2/1/w/300/h/300;1303;BOBBY Khăn Giấy Ướt Antimos Xua Đuổi Muỗi Cho Bé Từ 6 Tháng Tuổi (20 Miếng) - Lẻ 1 gói;;0.00;0.00;0.00;0.00;VIE GROUP HCM;Default Piling Area;Default Shelf;45;0;45;0;0;0.00;0;0.00;--;21200.00;954000.00;Còn hàng;Chưa chọn danh mục;;;Single SKU;
https://res.bigseller.pro/sku/images/merchantsku/944484/789014_1754365718284.jpg?imageView2/1/w/300/h/300;1302;BNBG Mặt Nạ Vita Genic 30ml - Whitening Jelly Mask VITAMIN C;8938553765041;0.00;0.00;0.00;0.00;VIE GROUP HCM;Default Piling Area;Default Shelf;0;0;0;0;0;0.00;0;0.34;0;11851.10;0.00;Còn hàng;Chưa chọn danh mục;;;Single SKU;
https://res.bigseller.pro/sku/images/merchantsku/944484/971739_1754365717972.jpg?imageView2/1/w/300/h/300;1301;BNBG Mặt Nạ Vita Genic 30ml - Relaxing Jelly Mask VITAMIN B;8938553765058;0.00;0.00;0.00;0.00;VIE GROUP HCM;Default Piling Area;Default Shelf;2;0;2;0;0;0.00;0;0.33;6;13857.39;27714.78;Còn hàng;Chưa chọn danh mục;;;Single SKU;
https://res.bigseller.pro/sku/images/merchantsku/944484/667354_1754366215648.jpg?imageView2/1/w/300/h/300;1300;BNBG Mặt Nạ Vita Genic 30ml - Lifting Jelly Mask VITAMIN A;8938553765034;0.00;0.00;0.00;0.00;VIE GROUP HCM;Default Piling Area;Default Shelf;85;0;85;0;0;0.00;0;0.33;257;11827.85;1005367.25;Còn hàng;Chưa chọn danh mục;;;Single SKU;
https://res.bigseller.pro/sku/images/merchantsku/944484/064052_1754365626394.jpg?imageView2/1/w/300/h/300;1299;BNBG Mặt Nạ Vita Genic 30ml - Hydrating Jelly Mask VITAMIN E;8938553765027;0.00;0.00;0.00;0.00;VIE GROUP HCM;Default Piling Area;Default Shelf;9;0;9;0;0;0.00;0;0.33;27;12662.32;113960.88;Còn hàng;Chưa chọn danh mục;;;Single SKU;
https://res.bigseller.pro/sku/images/merchantsku/944484/227533_1754366305609.jpg?imageView2/1/w/300/h/300;1298;BNBG Mặt Nạ Dưỡng Da Vita Tea Tree Healing Face Mask Pack 30ml - Xanh lá đậm;;0.00;0.00;0.00;0.00;VIE GROUP HCM;Default Piling Area;Default Shelf;0;0;0;0;0;0.00;0;55.00;0;16495.97;0.00;Còn hàng;Chưa chọn danh mục;;;Single SKU;
https://res.bigseller.pro/sku/images/merchantsku/944484/077774_1768418425503.jpg?imageView2/1/w/300/h/300;1295;BIORÉ Serum Chống Nắng Bioré UV Body Care Serum SPF50+ PA++++ 150ml - SÁNG SA QUẢ MỌNG;8851818101067;0.00;0.00;0.00;0.00;VIE GROUP HCM;Default Piling Area;Default Shelf;1;0;1;0;0;0.00;0;0.00;--;135891.00;135891.00;Còn hàng;Chưa chọn danh mục;;;Single SKU;
https://res.bigseller.pro/sku/images/merchantsku/944484/041191_1768418509274.jpg?imageView2/1/w/300/h/300;1294;BIORÉ Serum Chống Nắng Bioré UV Body Care Serum SPF50+ PA++++ 150ml -  XANH DƯƠNG MÁT LẠNH;8851818101081;0.00;0.00;0.00;0.00;VIE GROUP HCM;Default Piling Area;Default Shelf;1;0;1;0;0;0.00;0;0.00;--;135891.00;135891.00;Còn hàng;Chưa chọn danh mục;;;Single SKU;
https://res.bigseller.pro/sku/images/merchantsku/944484/211500_1768418672520.jpg?imageView2/1/w/300/h/300;1293;BIORÉ Serum Chống Nắng Bioré UV Body Care Serum SPF50+ PA++++ 150ml -  HỒNG TƯƠI TRẺ MỊN MÀNG;8851818101074;0.00;0.00;0.00;0.00;VIE GROUP HCM;Default Piling Area;Default Shelf;1;0;1;0;0;0.00;0;0.00;--;135891.00;135891.00;Còn hàng;Chưa chọn danh mục;;;Single SKU;
https://res.bigseller.pro/sku/images/merchantsku/944484/192009_1754366308598.jpg?imageView2/1/w/300/h/300;1292;BIO-OIL SKINCARE OIL Dầu chăm sóc da mờ sẹo, đều màu - 60ml;6001159114079;0.00;0.00;0.00;0.00;VIE GROUP HCM;Default Piling Area;Default Shelf;10;0;10;0;0;0.00;0;0.03;333;147500.00;1475000.00;Còn hàng;Chưa chọn danh mục;;;Single SKU;
https://res.bigseller.pro/sku/images/merchantsku/944484/942768_1754365714037.jpg?imageView2/1/w/300/h/300;1291;BIO-OIL Dầu SKINCARE OIL Chăm sóc da - 25ML;6001159116776;0.00;0.00;0.00;0.00;VIE GROUP HCM;Default Piling Area;Default Shelf;0;0;0;0;0;0.00;0;0.00;--;73653.00;0.00;Còn hàng;Chưa chọn danh mục;;;Single SKU;
https://res.bigseller.pro/sku/images/merchantsku/944484/542238_1754364221110.jpg?imageView2/1/w/300/h/300;1289;BIODERMA Toner Sebium Lotion - Full size 200ml;3401360157514;0.00;0.00;0.00;0.00;VIE GROUP HCM;Default Piling Area;Default Shelf;3;0;3;0;0;0.00;0;0.00;--;351466.67;1054400.01;Còn hàng;Chưa chọn danh mục;;;Single SKU;
https://res.bigseller.pro/sku/images/merchantsku/944484/610766_1754365908212.jpg?imageView2/1/w/300/h/300;1287;BIODERMA Sữa rửa mặt Sebium Gel Moussant - DẠNG VÒI PUMP 500ml;3401399277092;0.00;0.00;0.00;0.00;VIE GROUP HCM;Default Piling Area;Default Shelf;0;0;0;0;0;0.00;0;0.00;--;386209.52;0.00;Ngừng bán;Chưa chọn danh mục;;;Single SKU;
https://res.bigseller.pro/sku/images/merchantsku/944484/530683_1787501084755.jpg?imageView2/1/w/300/h/300;1285;BIODERMA Sữa rửa mặt Sebium Gel Moussant - DẠNG TUÝP 200ml;3401353806399;0.00;0.00;0.00;0.00;VIE GROUP HCM;Default Piling Area;Default Shelf;24;0;24;0;0;0.00;0;8.50;0;226630.91;5439141.84;Ngừng bán;Chưa chọn danh mục;;;Single SKU;
https://res.bigseller.pro/sku/images/merchantsku/944484/232005_1754366216246.jpg?imageView2/1/w/300/h/300;1284;BIODERMA Sữa rửa mặt Sebium Gel Moussant - DẠNG TUÝP 100ml;3401353791220;0.00;0.00;0.00;0.00;VIE GROUP HCM;Default Piling Area;Default Shelf;0;0;0;0;0;0.00;0;0.00;--;165595.59;0.00;Ngừng bán;Chưa chọn danh mục;;;Single SKU;
https://res.bigseller.pro/sku/images/merchantsku/944484/921351_1787501349389.jpg?imageView2/1/w/300/h/300;1283;BIODERMA Sữa rửa mặt Sebium Gel Moussant - 45ml;3701129803189;0.00;0.00;0.00;0.00;VIE GROUP HCM;Default Piling Area;Default Shelf;1;0;1;0;0;0.00;0;0.03;33;97709.09;97709.09;Còn hàng;Chưa chọn danh mục;;;Single SKU;
https://res.bigseller.pro/sku/images/merchantsku/944484/456725_1754365816522.jpg?imageView2/1/w/300/h/300;1282;BIODERMA Sữa rửa mặt Atoderm Intensive Gel Moussant 200ml;3701129805329;0.00;0.00;0.00;0.00;VIE GROUP HCM;Default Piling Area;Default Shelf;1;0;1;0;0;0.00;0;0.03;33;316800.00;316800.00;Còn hàng;Chưa chọn danh mục;;;Single SKU;
https://res.bigseller.pro/sku/images/merchantsku/944484/689563_1787501856709.jpg?imageView2/1/w/300/h/300;1280;BIODERMA Serum Sensibio Defensive 30ML;3701129804995;0.00;0.00;0.00;0.00;VIE GROUP HCM;Default Piling Area;Default Shelf;1;0;1;0;0;0.00;0;0.00;--;449280.00;449280.00;Còn hàng;Chưa chọn danh mục;;;Single SKU;
https://res.bigseller.pro/sku/images/merchantsku/944484/905793_1787501494692.jpg?imageView2/1/w/300/h/300;1279;BIODERMA Nước Tẩy Trang Sensibio H2O Eye Biphasic Micellar Makeup Remover 125ml;3701129812044;0.00;0.00;0.00;0.00;VIE GROUP HCM;Default Piling Area;Default Shelf;1;0;1;0;0;0.00;0;0.00;--;244800.00;244800.00;Còn hàng;Chưa chọn danh mục;;;Single SKU;
https://res.bigseller.pro/sku/images/merchantsku/944484/732597_1791460017965.jpg?imageView2/1/w/300/h/300;1278;BIODERMA Nước tẩy trang Sensibio H2O 850ml - Hồng [XT];;0.00;0.00;0.00;0.00;VIE GROUP HCM;Default Piling Area;Default Shelf;0;0;0;0;0;0.00;0;0.00;--;410138.53;0.00;Ngừng bán;Chưa chọn danh mục;;;Single SKU;
https://res.bigseller.pro/sku/images/merchantsku/944484/710875_1754366311821.jpg?imageView2/1/w/300/h/300;1277;BIODERMA Nước tẩy trang Sensibio H2O - 500ml HỒNG;3401345935571;0.00;0.00;0.00;0.00;VIE GROUP HCM;Default Piling Area;Default Shelf;0;0;0;0;0;0.00;0;1.24;0;349834.70;0.00;Còn hàng;Chưa chọn danh mục;;;Single SKU;
https://res.bigseller.pro/sku/images/merchantsku/944484/679213_1754366313670.jpg?imageView2/1/w/300/h/300;1276;BIODERMA Nước tẩy trang Sensibio H2O - 500ml [XT] HỒNG;;0.00;0.00;0.00;0.00;VIE GROUP HCM;Default Piling Area;Default Shelf;0;0;0;0;0;0.00;0;3.50;0;275000.00;0.00;Ngừng bán;Chưa chọn danh mục;;;Single SKU;
https://res.bigseller.pro/sku/images/merchantsku/944484/707122_1754365717639.jpg?imageView2/1/w/300/h/300;1275;BIODERMA Nước tẩy trang Sensibio H2O - 250ml;3401575390447;0.00;0.00;0.00;0.00;VIE GROUP HCM;Default Piling Area;Default Shelf;0;0;0;0;0;0.00;0;0.00;--;302400.00;0.00;Còn hàng;Chưa chọn danh mục;;;Single SKU;
https://res.bigseller.pro/sku/images/merchantsku/944484/523387_1754366216142.jpg?imageView2/1/w/300/h/300;1274;BIODERMA Nước tẩy trang Sensibio H2O - 100ml;3401395376706;0.00;0.00;0.00;0.00;VIE GROUP HCM;Default Piling Area;Default Shelf;0;0;0;0;0;0.00;0;0.71;0;167920.00;0.00;Còn hàng;Chưa chọn danh mục;;;Single SKU;
https://res.bigseller.pro/sku/images/merchantsku/944484/443555_1785489110182.jpg?imageView2/1/w/300/h/300;1273;BIODERMA Nước tẩy trang Sebium H2O - 500ml XANH;3401575645851;0.00;0.00;0.00;0.00;VIE GROUP HCM;Default Piling Area;Default Shelf;21;0;21;0;0;0.00;0;2.50;8;350198.91;7354177.11;Còn hàng;Chưa chọn danh mục;;;Single SKU;
https://res.bigseller.pro/sku/images/merchantsku/944484/593130_1754365720769.jpg?imageView2/1/w/300/h/300;1272;BIODERMA Nước tẩy trang Sebium H2O - 500ml [XT] XANH;;0.00;0.00;0.00;0.00;VIE GROUP HCM;Default Piling Area;Default Shelf;0;0;0;0;0;0.00;0;0.00;--;257833.33;0.00;Còn hàng;Chưa chọn danh mục;;;Single SKU;
https://res.bigseller.pro/sku/images/merchantsku/944484/931089_1787500962274.jpg?imageView2/1/w/300/h/300;1271;BIODERMA Nước tẩy trang Sebium H2O - 250ml;3401572288297;0.00;0.00;0.00;0.00;VIE GROUP HCM;Default Piling Area;Default Shelf;3;0;3;0;0;0.00;0;0.03;100;301454.26;904362.78;Còn hàng;Chưa chọn danh mục;;;Single SKU;
https://res.bigseller.pro/sku/images/merchantsku/944484/483869_1754998314713.jpg?imageView2/1/w/300/h/300;1270;BIODERMA Nước tẩy trang Sebium H2O - 100ml;3401395376935;0.00;0.00;0.00;0.00;VIE GROUP HCM;Default Piling Area;Default Shelf;2;0;2;0;0;0.00;0;0.29;6;167920.00;335840.00;Còn hàng;Chưa chọn danh mục;;;Single SKU;
https://res.bigseller.pro/sku/images/merchantsku/944484/628992_1754365908147.jpg?imageView2/1/w/300/h/300;1268;BIODERMA Kem mắt Sensibio Soothing Moisturising Eye 15ML;3401346673335;0.00;0.00;0.00;0.00;VIE GROUP HCM;Default Piling Area;Default Shelf;0;0;0;0;0;0.00;0;0.00;--;298800.00;0.00;Còn hàng;Chưa chọn danh mục;;;Single SKU;
https://res.bigseller.pro/sku/images/merchantsku/944484/912491_1787501774750.jpg?imageView2/1/w/300/h/300;1267;BIODERMA Kem dưỡng Sebium Sensitive 30ml;3401360106994;0.00;0.00;0.00;0.00;VIE GROUP HCM;Default Piling Area;Default Shelf;1;0;1;0;0;0.00;0;0.07;14;307800.00;307800.00;Còn hàng;Chưa chọn danh mục;;;Single SKU;
https://res.bigseller.pro/sku/images/merchantsku/944484/996498_1787501803069.jpg?imageView2/1/w/300/h/300;1266;BIODERMA Kem dưỡng Sebium Pore Refiner - 30ml;3401361353625;0.00;0.00;0.00;0.00;VIE GROUP HCM;Default Piling Area;Default Shelf;5;0;5;0;0;0.00;0;0.00;--;261800.00;1309000.00;Còn hàng;Chưa chọn danh mục;;;Single SKU;
https://res.bigseller.pro/sku/images/merchantsku/944484/427965_1754365816255.jpg?imageView2/1/w/300/h/300;1265;BIODERMA Kem dưỡng Sebium Kerato+ 30ml;3701129805367;0.00;0.00;0.00;0.00;VIE GROUP HCM;Default Piling Area;Default Shelf;0;0;0;0;0;0.00;0;0.00;--;303125.40;0.00;Còn hàng;Chưa chọn danh mục;;;Single SKU;
https://res.bigseller.pro/sku/images/merchantsku/944484/429437_1754361502610.jpg?imageView2/1/w/300/h/300;1264;BIODERMA Kem dưỡng Sebium Hydra 40ml;3401348840421;0.00;0.00;0.00;0.00;VIE GROUP HCM;Default Piling Area;Default Shelf;5;0;5;0;0;0.00;0;0.00;--;310883.23;1554416.15;Còn hàng;Chưa chọn danh mục;;;Single SKU;
https://res.bigseller.pro/sku/images/merchantsku/944484/377147_1754365908254.jpg?imageView2/1/w/300/h/300;1262;BIODERMA Kem Dưỡng Cicabio Crème Soothing Repairing Cream 40ml;3401347869546;0.00;0.00;0.00;0.00;VIE GROUP HCM;Default Piling Area;Default Shelf;0;0;0;0;0;0.00;0;0.00;--;251771.54;0.00;Còn hàng;Chưa chọn danh mục;;;Single SKU;
https://res.bigseller.pro/sku/images/merchantsku/944484/163186_1754365718302.jpg?imageView2/1/w/300/h/300;1261;BIODERMA Kem dưỡng Atoderm Intensive Gel-Creme - 75ML;3701129802656;0.00;0.00;0.00;0.00;VIE GROUP HCM;Default Piling Area;Default Shelf;2;1;1;0;0;0.00;0;0.00;--;208111.28;416222.56;Còn hàng;Chưa chọn danh mục;;;Single SKU;
https://res.bigseller.pro/sku/images/merchantsku/944484/388378_1787501212267.jpg?imageView2/1/w/300/h/300;1260;BIODERMA Kem dưỡng Atoderm Intensive Gel-Creme - 500ML;3701129802670;0.00;0.00;0.00;0.00;VIE GROUP HCM;Default Piling Area;Default Shelf;2;0;2;0;0;0.00;0;0.00;--;529652.17;1059304.34;Còn hàng;Chưa chọn danh mục;;;Single SKU;
https://res.bigseller.pro/sku/images/merchantsku/944484/107671_1754365625533.jpg?imageView2/1/w/300/h/300;1259;BIODERMA Kem Dưỡng Atoderm Intensive Baume - Tuýp 75ml;3701129802083;0.00;0.00;0.00;0.00;VIE GROUP HCM;Default Piling Area;Default Shelf;0;0;0;0;0;0.00;0;0.00;0;219601.00;0.00;Ngừng bán;Chưa chọn danh mục;;;Single SKU;
https://res.bigseller.pro/sku/images/merchantsku/944484/332389_1787501230482.jpg?imageView2/1/w/300/h/300;1258;BIODERMA Kem Dưỡng Atoderm Intensive Baume - Chai 500ml;3701129802076;0.00;0.00;0.00;0.00;VIE GROUP HCM;Default Piling Area;Default Shelf;3;0;3;0;0;0.00;0;0.00;--;550800.00;1652400.00;Còn hàng;Chưa chọn danh mục;;;Single SKU;
https://res.bigseller.pro/sku/images/merchantsku/944484/617766_1755687785372.jpg?imageView2/1/w/300/h/300;1257;BIODERMA Kem Dưỡng Ẩm Sensibio Defensive Active Soothing Cream 40ml;3701129804452;0.00;0.00;0.00;0.00;VIE GROUP HCM;Default Piling Area;Default Shelf;0;0;0;0;0;0.00;0;0.00;--;333750.00;0.00;Ngừng bán;Chưa chọn danh mục;;;Single SKU;
https://res.bigseller.pro/sku/images/merchantsku/944484/993182_1761794893480.jpg?imageView2/1/w/300/h/300;1256;BIODERMA Kem Dưỡng Ẩm Cicabio SPF50+ Soothing Repairing Care 40ml;3401564695546;0.00;0.00;0.00;0.00;VIE GROUP HCM;Default Piling Area;Default Shelf;0;0;0;0;0;0.00;0;0.00;--;349200.00;0.00;Còn hàng;Chưa chọn danh mục;;;Single SKU;
https://res.bigseller.pro/sku/images/merchantsku/944484/641431_1787501422646.jpg?imageView2/1/w/300/h/300;1255;BIODERMA Kem dưỡng ẩm chuyên sâu Atoderm Crème Ultra 200ml;3401560936988;0.00;0.00;0.00;0.00;VIE GROUP HCM;Default Piling Area;Default Shelf;1;0;1;0;0;0.00;0;0.00;--;251652.17;251652.17;Còn hàng;Chưa chọn danh mục;;;Single SKU;
https://res.bigseller.pro/sku/images/merchantsku/944484/620058_1787501646138.jpg?imageView2/1/w/300/h/300;1254;BIODERMA Kem Chống Nắng PHOTODERM Aquafluide SPF50+ 40ml - Không Màu;3701129804377;0.00;0.00;0.00;0.00;VIE GROUP HCM;Default Piling Area;Default Shelf;1;0;1;0;0;0.00;0;0.00;--;399600.00;399600.00;Còn hàng;Chưa chọn danh mục;;;Single SKU;
https://res.bigseller.pro/sku/images/merchantsku/944484/559011_1787501665644.jpg?imageView2/1/w/300/h/300;1253;BIODERMA Kem Chống Nắng PHOTODERM Aquafluide SPF50+ 40ml - Claire (Có Màu);3701129804384;0.00;0.00;0.00;0.00;VIE GROUP HCM;Default Piling Area;Default Shelf;1;0;1;0;0;0.00;0;0.00;--;371400.00;371400.00;Còn hàng;Chưa chọn danh mục;;;Single SKU;
https://res.bigseller.pro/sku/images/merchantsku/944484/897607_1754365717660.jpg?imageView2/1/w/300/h/300;1252;BIODERMA Gel Tẩy Tế Bào Chết Sebium Gel Gommant 100ml;3401574131423;0.00;0.00;0.00;0.00;VIE GROUP HCM;Default Piling Area;Default Shelf;0;0;0;0;0;0.00;0;0.00;--;318900.00;0.00;Ngừng bán;Chưa chọn danh mục;;;Single SKU;
https://res.bigseller.pro/sku/images/merchantsku/944484/665751_1754365624106.jpg?imageView2/1/w/300/h/300;1251;BIODERMA Gel Rửa Mặt Sensibio Moussant - DẠNG VÒI PUMP 200ml;3401381507565;0.00;0.00;0.00;0.00;VIE GROUP HCM;Default Piling Area;Default Shelf;0;0;0;0;0;0.00;0;0.00;--;309600.00;0.00;Ngừng bán;Chưa chọn danh mục;;;Single SKU;
https://res.bigseller.pro/sku/images/merchantsku/944484/262341_1787501285013.jpg?imageView2/1/w/300/h/300;1250;BIODERMA Gel Rửa Mặt Sensibio Moussant - 45ml;3701129803172;0.00;0.00;0.00;0.00;VIE GROUP HCM;Default Piling Area;Default Shelf;1;0;1;0;0;0.00;0;0.03;33;93540.12;93540.12;Còn hàng;Chưa chọn danh mục;;;Single SKU;
https://res.bigseller.pro/sku/images/merchantsku/944484/752428_1754365619635.jpg?imageView2/1/w/300/h/300;1249;BIODERMA Gel Rửa Mặt Sebium Gel Moussant Actif - 45ml;3701129810125;0.00;0.00;0.00;0.00;VIE GROUP HCM;Default Piling Area;Default Shelf;0;0;0;0;0;0.00;0;0.00;--;118800.00;0.00;Ngừng bán;Chưa chọn danh mục;;;Single SKU;
https://res.bigseller.pro/sku/images/merchantsku/944484/331960_1754366212386.jpg?imageView2/1/w/300/h/300;1248;BIODERMA Gel Rửa Mặt Sebium Gel Moussant Actif - 200ml;3701129803400;0.00;0.00;0.00;0.00;VIE GROUP HCM;Default Piling Area;Default Shelf;0;0;0;0;0;0.00;0;0.00;--;273600.00;0.00;Ngừng bán;Chưa chọn danh mục;;;Single SKU;
https://res.bigseller.pro/sku/images/merchantsku/944484/307645_1755553283684.jpg?imageView2/1/w/300/h/300;1247;BIODERMA Dầu Tắm Atoderm Huile De Douche - 1L;3401528520846;0.00;0.00;0.00;0.00;VIE GROUP HCM;Default Piling Area;Default Shelf;0;0;0;0;0;0.00;0;0.48;0;399000.00;0.00;Còn hàng;Chưa chọn danh mục;;;Single SKU;
https://res.bigseller.pro/sku/images/merchantsku/944484/759213_1754366220504.jpg?imageView2/1/w/300/h/300;1244;BIELENDA Toner Dr Medica Anti-acne Dermatological Toning Liquid 250ml;5902169030407;0.00;0.00;0.00;0.00;VIE GROUP HCM;Default Piling Area;Default Shelf;0;0;0;0;0;0.00;0;0.00;--;122431.00;0.00;Ngừng bán;Chưa chọn danh mục;;;Single SKU;
https://res.bigseller.pro/sku/images/merchantsku/944484/590332_1754365911731.jpg?imageView2/1/w/300/h/300;1243;BIELENDA Sữa dưỡng thể Bielenda Bio Vitamin C Moisturizing And Toning Body Milk - 400ml;5902169055165;0.00;0.00;0.00;0.00;VIE GROUP HCM;Default Piling Area;Default Shelf;0;0;0;0;0;0.00;0;0.00;--;261306.80;0.00;Còn hàng;Chưa chọn danh mục;;;Single SKU;
https://res.bigseller.pro/sku/images/merchantsku/944484/889282_1754365821342.jpg?imageView2/1/w/300/h/300;1238;BETADINE Dung Dịch Vệ Sinh Nữ Feminine Wash Daily Use Gentle Protection - 250ml;8859350700298;0.00;0.00;0.00;0.00;VIE GROUP HCM;Default Piling Area;Default Shelf;1;0;1;0;0;0.00;0;0.00;--;63400.00;63400.00;Còn hàng;Chưa chọn danh mục;;;Single SKU;
https://res.bigseller.pro/sku/images/merchantsku/944484/390177_1754919949041.jpg?imageView2/1/w/300/h/300;1237;BETADINE Dung Dịch Vệ Sinh Nữ Feminine Wash Daily Use Gentle Protection - 100ml;8859350700397;0.00;0.00;0.00;0.00;VIE GROUP HCM;Default Piling Area;Default Shelf;1;0;1;0;0;0.00;0;0.00;--;33301.29;33301.29;Còn hàng;Chưa chọn danh mục;;;Single SKU;
https://res.bigseller.pro/sku/images/merchantsku/944484/741257_1754366317842.jpg?imageView2/1/w/300/h/300;1236;BETADINE Dung Dịch Vệ Sinh Nữ Feminine Wash Daily Use Foam 100ml - Xanh;9314057021613;0.00;0.00;0.00;0.00;VIE GROUP HCM;Default Piling Area;Default Shelf;7;0;7;0;0;0.00;0;0.00;--;73862.42;517036.94;Còn hàng;Chưa chọn danh mục;;;Single SKU;
https://res.bigseller.pro/sku/images/merchantsku/944484/642040_1754365914115.jpg?imageView2/1/w/300/h/300;1235;BETADINE Dung Dịch Vệ Sinh Nữ Feminine Wash Daily Use Foam 100ml - Tím;8859350700137;0.00;0.00;0.00;0.00;VIE GROUP HCM;Default Piling Area;Default Shelf;0;0;0;0;0;0.00;0;0.00;--;73877.00;0.00;Còn hàng;Chưa chọn danh mục;;;Single SKU;
https://res.bigseller.pro/sku/images/merchantsku/944484/368261_1754365725442.jpg?imageView2/1/w/300/h/300;1234;BETADINE Dung Dịch Vệ Sinh Nữ Feminine Wash Daily Use Foam 100ml - Hồng;9314057021606;0.00;0.00;0.00;0.00;VIE GROUP HCM;Default Piling Area;Default Shelf;16;0;16;0;0;0.00;0;0.00;--;73863.62;1181817.92;Còn hàng;Chưa chọn danh mục;;;Single SKU;
https://res.bigseller.pro/sku/images/merchantsku/944484/177189_1755015054446.jpg?imageView2/1/w/300/h/300;1233;BEPLAIN Mặt nạ đất sét X LeoJ 120ml  [XT];;0.00;0.00;0.00;0.00;VIE GROUP HCM;Default Piling Area;Default Shelf;0;0;0;0;0;0.00;0;0.00;--;210378.79;0.00;Ngừng bán;Chưa chọn danh mục;;;Single SKU;
https://res.bigseller.pro/sku/images/merchantsku/944484/989435_1754365813888.jpg?imageView2/1/w/300/h/300;1231;BEPLAIN Mặt nạ đất sét X LeoJ 120ml;;0.00;0.00;0.00;0.00;VIE GROUP HCM;Default Piling Area;Default Shelf;0;0;0;0;0;0.00;0;0.00;--;207000.00;0.00;Còn hàng;Chưa chọn danh mục;;;Single SKU;
https://res.bigseller.pro/sku/images/merchantsku/944484/146599_1754366212534.jpg?imageView2/1/w/300/h/300;1230;BEPLAIN Kem Chống Nắng Sunmuse Tone Up & Correcting Sunscreen Spf50+ Pa++++ 50ml - Tím;8809623941972;0.00;0.00;0.00;0.00;VIE GROUP HCM;Default Piling Area;Default Shelf;30;5;25;0;0;0.00;0;0.30;83;222921.54;6687646.20;Còn hàng;Chưa chọn danh mục;;;Single SKU;
https://res.bigseller.pro/sku/images/merchantsku/944484/000680_1754365820291.jpg?imageView2/1/w/300/h/300;1229;BEPLAIN Kem chống nắng Sunmuse Mineral Sunscreen SPF50+ - Tím nhạt;8809623942764;0.00;0.00;0.00;0.00;VIE GROUP HCM;Default Piling Area;Default Shelf;0;0;0;0;0;0.00;0;0.00;--;218876.92;0.00;Còn hàng;Chưa chọn danh mục;;;Single SKU;
https://res.bigseller.pro/sku/images/merchantsku/944484/257108_1766027998065.jpg?imageView2/1/w/300/h/300;1228;Beplain Kem Chống Nắng Nâng Tone  Sunmuse Tone Up & Correcting Sunscreen SPF 50+ PA++++ Hồng - 50ml;;0.00;0.00;0.00;0.00;VIE GROUP HCM;Default Piling Area;Default Shelf;6;0;6;0;0;0.00;0;0.20;30;222683.99;1336103.94;Còn hàng;Chưa chọn danh mục;;;Single SKU;
https://res.bigseller.pro/sku/images/merchantsku/944484/426972_1754366308239.jpg?imageView2/1/w/300/h/300;1227;BEPLAIN Kem chống nắng kiềm dầu Sunmuse Mineral Sunscreen SPF50+ 50ml - Xanh dương;8809623940623;0.00;0.00;0.00;0.00;VIE GROUP HCM;Default Piling Area;Default Shelf;2;0;2;0;0;0.00;0;0.00;--;291000.00;582000.00;Còn hàng;Chưa chọn danh mục;;;Single SKU;
https://res.bigseller.pro/sku/images/merchantsku/944484/862968_1754364216591.jpg?imageView2/1/w/300/h/300;1226;BEPLAIN Kem chống nắng kiềm dầu Sunmuse Mineral Sunscreen SPF50+ - Xanh lá;8809623942023;0.00;0.00;0.00;0.00;VIE GROUP HCM;Default Piling Area;Default Shelf;11;0;11;0;0;0.00;0;0.00;--;221450.77;2435958.47;Còn hàng;Chưa chọn danh mục;;;Single SKU;
https://res.bigseller.pro/sku/images/merchantsku/944484/722439_1754365710687.jpg?imageView2/1/w/300/h/300;1225;BENZAC Miếng Dán Mụn Power Patch 3-in-1 Spot Control Làm Dịu Mụn 12 Miếng;;0.00;0.00;0.00;0.00;VIE GROUP HCM;Default Piling Area;Default Shelf;0;0;0;0;0;0.00;0;0.25;0;141287.00;0.00;Còn hàng;Chưa chọn danh mục;;;Single SKU;
https://res.bigseller.pro/sku/images/merchantsku/944484/801981_1755015211265.jpg?imageView2/1/w/300/h/300;1224;BENZAC Sữa Rửa Mặt Tạo Bọt Purifying Foam Cleanser - 130ml;;0.00;0.00;0.00;0.00;VIE GROUP HCM;Default Piling Area;Default Shelf;0;0;0;0;0;0.00;0;0.25;0;160422.00;0.00;Còn hàng;Chưa chọn danh mục;;;Single SKU;
https://res.bigseller.pro/sku/images/merchantsku/944484/106496_1754365712868.jpg?imageView2/1/w/300/h/300;1223;BENZAC Sữa Rửa Mặt PH Control Antibacterial Face Wash Cân Bằng Độ PH 150ml;9318637043965;0.00;0.00;0.00;0.00;VIE GROUP HCM;Default Piling Area;Default Shelf;0;0;0;0;0;0.00;0;0.00;--;188504.76;0.00;Còn hàng;Chưa chọn danh mục;;;Single SKU;
https://res.bigseller.pro/sku/images/merchantsku/944484/731576_1754366306841.jpg?imageView2/1/w/300/h/300;1222;BENZAC Sữa Rửa Mặt Blackhead Control Scrub Tẩy Tế Bào Chết, Làm Sạch Mụn Đầu Đen - 60g;9318637043279;0.00;0.00;0.00;0.00;VIE GROUP HCM;Default Piling Area;Default Shelf;0;0;0;0;0;0.00;0;0.00;--;90200.00;0.00;Còn hàng;Chưa chọn danh mục;;;Single SKU;
https://res.bigseller.pro/sku/images/merchantsku/944484/074169_1754365902797.jpg?imageView2/1/w/300/h/300;1221;BENZAC Sữa Dưỡng Ẩm Microbiome Equalizer Giúp Cấp Ẩm 50ml;3499320014588;0.00;0.00;0.00;0.00;VIE GROUP HCM;Default Piling Area;Default Shelf;0;0;0;0;0;0.00;0;0.00;--;285905.00;0.00;Còn hàng;Chưa chọn danh mục;;;Single SKU;
https://res.bigseller.pro/album/944484/2026042907022251870b7928b3ce9fadd353ee3af9841d.jpg?imageView2/1/w/300/h/300;1220;BELIF Mặt nạ ngủ SUPER KNIGHTS MULTI VITAMIN MASK dưỡng ẩm và phục hồi -  25ml;;0.00;0.00;0.00;0.00;VIE GROUP HCM;Default Piling Area;Default Shelf;120;0;120;0;0;0.00;50;42.50;2;50250.00;6030000.00;Còn hàng;Chưa chọn danh mục;;;Single SKU;
https://res.bigseller.pro/sku/images/merchantsku/944484/439400_1754365903109.jpg?imageView2/1/w/300/h/300;1219;BELIF Mặt nạ ngủ Belif Multi Vitamin Mask -  Fullbox 75ml;;0.00;0.00;0.00;0.00;VIE GROUP HCM;Default Piling Area;Default Shelf;0;0;0;0;0;0.00;0;5.00;0;320800.00;0.00;Còn hàng;Chưa chọn danh mục;;;Single SKU;
https://res.bigseller.pro/sku/images/merchantsku/944484/650422_1750390148601.jpg?imageView2/1/w/300/h/300;1218;BEFOU  Khăn Lau Mặt Best For You Disposable Face Towel Đa Năng 100% Bông Tự Nhiên Siêu Dai - 80 Miếng;;0.00;0.00;0.00;0.00;VIE GROUP HCM;Default Piling Area;Default Shelf;7;0;7;0;0;0.00;0;0.00;--;30029.00;210203.00;Còn hàng;Chưa chọn danh mục;;;Single SKU;
https://res.bigseller.pro/sku/images/merchantsku/944484/213961_1750390111111.jpg?imageView2/1/w/300/h/300;1217;BEFOU  Khăn Lau Mặt Best For You Disposable Face Towel Đa Năng 100% Bông Tự Nhiên Siêu Dai - 200 Miếng;;0.00;0.00;0.00;0.00;VIE GROUP HCM;Default Piling Area;Default Shelf;0;0;0;0;0;0.00;0;0.00;--;67560.52;0.00;Còn hàng;Chưa chọn danh mục;;;Single SKU;
https://res.bigseller.pro/sku/images/merchantsku/944484/832900_1754365710752.jpg?imageView2/1/w/300/h/300;1216;BEFOU Bông Tẩy Trang Best For You Pure Snow Cotton Pad Mềm Mịn Cao Cấp 234Pad;6977231860076;0.00;0.00;0.00;0.00;VIE GROUP HCM;Default Piling Area;Default Shelf;0;0;0;0;0;0.00;0;0.00;--;19739.17;0.00;Ngừng bán;Chưa chọn danh mục;;;Single SKU;
https://res.bigseller.pro/sku/images/merchantsku/944484/635266_1754366209225.jpg?imageView2/1/w/300/h/300;1215;BEFOU Bông Tẩy Trang Best For You Pure Snow Cotton Pad Mềm Mịn Cao Cấp 150Pad;6977231860144;0.00;0.00;0.00;0.00;VIE GROUP HCM;Default Piling Area;Default Shelf;0;0;0;0;0;0.00;0;0.00;--;20500.00;0.00;Ngừng bán;Chưa chọn danh mục;;;Single SKU;
https://res.bigseller.pro/sku/images/merchantsku/944484/617937_1754365616391.jpg?imageView2/1/w/300/h/300;1214;BEFOU Bông Tẩy Trang Best For You Pure Snow Cotton Pad Mềm Mịn Cao Cấp 100Pad;6977231860137;0.00;0.00;0.00;0.00;VIE GROUP HCM;Default Piling Area;Default Shelf;0;0;0;0;0;0.00;0;0.00;--;21004.76;0.00;Ngừng bán;Chưa chọn danh mục;;;Single SKU;
https://res.bigseller.pro/sku/images/merchantsku/944484/206744_1757513310997.jpg?imageView2/1/w/300/h/300;1213;BEFOU  MẪU MỚI -  Bông Tẩy Trang 252Pad;;0.00;0.00;0.00;0.00;VIE GROUP HCM;Default Piling Area;Default Shelf;3;0;3;0;0;0.00;0;1.29;2;46257.14;138771.42;Ngừng bán;Chưa chọn danh mục;;;Single SKU;
https://res.bigseller.pro/sku/images/merchantsku/944484/610094_1757512757143.jpg?imageView2/1/w/300/h/300;1212;BEFOU  MẪU MỚI -  Bông Tẩy Trang 150Pad;;0.00;0.00;0.00;0.00;VIE GROUP HCM;Default Piling Area;Default Shelf;0;0;0;0;0;0.00;0;20.00;0;27257.14;0.00;Ngừng bán;Chưa chọn danh mục;;;Single SKU;
https://res.bigseller.pro/sku/images/merchantsku/944484/308644_1757513098704.jpg?imageView2/1/w/300/h/300;1211;BEFOU  MẪU MỚI -  Bông Tẩy Trang 120Pad;;0.00;0.00;0.00;0.00;VIE GROUP HCM;Default Piling Area;Default Shelf;0;0;0;0;0;0.00;0;3.00;0;36081.63;0.00;Ngừng bán;Chưa chọn danh mục;;;Single SKU;
https://res.bigseller.pro/sku/images/merchantsku/944484/419808_1749005707942.jpg?imageView2/1/w/300/h/300;1210;Be'Balance Mặt Nạ Vải Vi Sợi Be'Balance PRO B5 MICRO FIBER MASK 3in1 Làm Đẹp Da 1 hộp 10 miếng ( Xanh Dương );8809820991992;0.00;0.00;0.00;0.00;VIE GROUP HCM;Default Piling Area;Default Shelf;4;0;4;0;0;0.00;0;0.00;--;253313.46;1013253.84;Còn hàng;Chưa chọn danh mục;;;Single SKU;
https://res.bigseller.pro/sku/images/merchantsku/944484/535236_1754365816445.jpg?imageView2/1/w/300/h/300;1208;BATISTE Dầu Gội Khô 200ml - Original;5010724527481;0.00;0.00;0.00;0.00;VIE GROUP HCM;Default Piling Area;Default Shelf;0;0;0;0;0;0.00;0;0.00;0;76034.48;0.00;Ngừng bán;Chưa chọn danh mục;;;Single SKU;
https://res.bigseller.pro/sku/images/merchantsku/944484/317686_1754365617475.jpg?imageView2/1/w/300/h/300;1207;BATISTE Dầu Gội Khô 200ml - Fresh;;0.00;0.00;0.00;0.00;VIE GROUP HCM;Default Piling Area;Default Shelf;1;0;1;0;0;0.00;0;0.00;--;75649.16;75649.16;Còn hàng;Chưa chọn danh mục;;;Single SKU;
https://res.bigseller.pro/sku/images/merchantsku/944484/980383_1754361502692.jpg?imageView2/1/w/300/h/300;1206;BATISTE Dầu Gội Khô 200ml - Cherry;5010724526798;0.00;0.00;0.00;0.00;VIE GROUP HCM;Default Piling Area;Default Shelf;0;0;0;0;0;0.00;0;0.00;--;75744.12;0.00;Ngừng bán;Chưa chọn danh mục;;;Single SKU;
https://res.bigseller.pro/sku/images/merchantsku/944484/822976_1755015056415.jpg?imageView2/1/w/300/h/300;1205;BATISTE Dầu Gội Khô 200ml - Blush Hoa Hồng;5010724527375;0.00;0.00;0.00;0.00;VIE GROUP HCM;Default Piling Area;Default Shelf;0;0;0;0;0;0.00;0;0.00;0;75984.64;0.00;Ngừng bán;Chưa chọn danh mục;;;Single SKU;
https://res.bigseller.pro/sku/images/merchantsku/944484/137530_1754365911963.jpg?imageView2/1/w/300/h/300;1203;BANOBAGI Mặt Nạ Vita Genic Jelly Mask Vitalizing 30ml - Màu Xanh Ngọc;8809486366899;0.00;0.00;0.00;0.00;VIE GROUP HCM;Default Piling Area;Default Shelf;20;0;20;0;0;0.00;0;0.67;29;12025.60;240512.00;Còn hàng;Chưa chọn danh mục;;;Single SKU;
https://res.bigseller.pro/sku/images/merchantsku/944484/608983_1754366315657.jpg?imageView2/1/w/300/h/300;1202;BANOBAGI Mặt Nạ Vita Genic Jelly Mask Vitalizing 30ml - Màu Xanh Lá;8809486366868;0.00;0.00;0.00;0.00;VIE GROUP HCM;Default Piling Area;Default Shelf;10;0;10;0;0;0.00;0;1.00;10;12004.35;120043.50;Còn hàng;Chưa chọn danh mục;;;Single SKU;
https://res.bigseller.pro/sku/images/merchantsku/944484/417993_1754365722881.jpg?imageView2/1/w/300/h/300;1201;BANOBAGI Mặt Nạ Vita Genic Jelly Mask Vitalizing 30ml - Màu Xanh Dương;8809486366844;0.00;0.00;0.00;0.00;VIE GROUP HCM;Default Piling Area;Default Shelf;0;0;0;0;0;0.00;0;4.50;0;12016.67;0.00;Còn hàng;Chưa chọn danh mục;;;Single SKU;
https://res.bigseller.pro/sku/images/merchantsku/944484/780005_1754365819951.jpg?imageView2/1/w/300/h/300;1200;BANOBAGI Mặt Nạ Vita Genic Jelly Mask Vitalizing 30ml - Màu Vàng;8809486366875;0.00;0.00;0.00;0.00;VIE GROUP HCM;Default Piling Area;Default Shelf;0;0;0;0;0;0.00;0;5.56;0;12514.01;0.00;Còn hàng;Chưa chọn danh mục;;;Single SKU;
https://res.bigseller.pro/sku/images/merchantsku/944484/303632_1754366219670.jpg?imageView2/1/w/300/h/300;1199;BANOBAGI Mặt Nạ Vita Genic Jelly Mask Vitalizing 30ml - Màu Tím;8809486366882;0.00;0.00;0.00;0.00;VIE GROUP HCM;Default Piling Area;Default Shelf;20;0;20;0;0;0.00;0;0.00;--;12004.35;240087.00;Còn hàng;Chưa chọn danh mục;;;Single SKU;
https://res.bigseller.pro/sku/images/merchantsku/944484/164200_1754361506493.jpg?imageView2/1/w/300/h/300;1198;BANOBAGI Mặt Nạ Vita Genic Jelly Mask Vitalizing 30ml - Màu Hồng;8809486366905;0.00;0.00;0.00;0.00;VIE GROUP HCM;Default Piling Area;Default Shelf;1;0;1;0;0;0.00;0;0.00;--;12035.68;12035.68;Còn hàng;Chưa chọn danh mục;;;Single SKU;
https://res.bigseller.pro/sku/images/merchantsku/944484/953750_1754919949377.jpg?imageView2/1/w/300/h/300;1197;BANOBAGI Mặt Nạ Vita Genic Jelly Mask Vitalizing 30ml - Màu Đỏ;8809486366851;0.00;0.00;0.00;0.00;VIE GROUP HCM;Default Piling Area;Default Shelf;41;0;41;0;0;0.00;0;0.00;--;12010.85;492444.85;Còn hàng;Chưa chọn danh mục;;;Single SKU;
https://res.bigseller.pro/sku/images/merchantsku/944484/487272_1755552877211.jpg?imageView2/1/w/300/h/300;1195;BANOBAGI Mặt nạ Super Collagen Mask 30g - Tea Tree Blackhead, XANH;8809486363638;0.00;0.00;0.00;0.00;VIE GROUP HCM;Default Piling Area;Default Shelf;26;0;26;0;0;0.00;0;0.00;--;12170.12;316423.12;Còn hàng;Chưa chọn danh mục;;;Single SKU;
https://res.bigseller.pro/sku/images/merchantsku/944484/674162_1755553510614.jpg?imageView2/1/w/300/h/300;1194;BANOBAGI Mặt nạ Super Collagen Mask 30g - Retinol Anti-Aging30g, HỒNG;8809486364192;0.00;0.00;0.00;0.00;VIE GROUP HCM;Default Piling Area;Default Shelf;0;0;0;0;0;0.00;0;0.00;--;12119.69;0.00;Còn hàng;Chưa chọn danh mục;;;Single SKU;
https://res.bigseller.pro/sku/images/merchantsku/944484/812204_1754366312782.jpg?imageView2/1/w/300/h/300;1192;BANOBAGI Mặt nạ Super Collagen Mask 30g - Aqua Moisturizing, XANH DƯƠNG;8809486364208;0.00;0.00;0.00;0.00;VIE GROUP HCM;Default Piling Area;Default Shelf;0;0;0;0;0;0.00;0;0.00;--;13928.57;0.00;Còn hàng;Chưa chọn danh mục;;;Single SKU;
https://res.bigseller.pro/sku/images/merchantsku/944484/840281_1754365717732.jpg?imageView2/1/w/300/h/300;1191;BANOBAGI Mặt nạ Super Collagen Mask 30g - Acne Red Blemish30g, TÍM ĐẬM;8809486364222;0.00;0.00;0.00;0.00;VIE GROUP HCM;Default Piling Area;Default Shelf;1;0;1;0;0;0.00;0;0.00;--;12335.44;12335.44;Còn hàng;Chưa chọn danh mục;;;Single SKU;
https://res.bigseller.pro/sku/images/merchantsku/944484/025970_1754365626068.jpg?imageView2/1/w/300/h/300;1190;BANOBAGI Mặt Nạ Stem Cell Vitamin Mask Whitening 30g - Tone Up, VÀNG;8809486363836;0.00;0.00;0.00;0.00;VIE GROUP HCM;Default Piling Area;Default Shelf;5;0;5;0;0;0.00;0;0.00;--;12460.78;62303.90;Còn hàng;Chưa chọn danh mục;;;Single SKU;
https://res.bigseller.pro/sku/images/merchantsku/944484/440770_1755553184599.jpg?imageView2/1/w/300/h/300;1189;BANOBAGI Mặt Nạ Stem Cell Vitamin Mask Whitening 30g - Relaxing Revital, XANH LÁ;8809486364260;0.00;0.00;0.00;0.00;VIE GROUP HCM;Default Piling Area;Default Shelf;6;0;6;0;0;0.00;0;0.00;--;12304.35;73826.10;Còn hàng;Chưa chọn danh mục;;;Single SKU;
https://res.bigseller.pro/sku/images/merchantsku/944484/499639_1754365908173.jpg?imageView2/1/w/300/h/300;1188;BANOBAGI Mặt Nạ Stem Cell Vitamin Mask Whitening 30g - Moisture, XANH DƯƠNG;8809486363799;0.00;0.00;0.00;0.00;VIE GROUP HCM;Default Piling Area;Default Shelf;2;0;2;0;0;0.00;0;0.00;--;12304.35;24608.70;Còn hàng;Chưa chọn danh mục;;;Single SKU;
https://res.bigseller.pro/sku/images/merchantsku/944484/645734_1754366311839.jpg?imageView2/1/w/300/h/300;1187;BANOBAGI Mặt Nạ Stem Cell Vitamin Mask Whitening 30g - Lifting, TÍM;8809486363812;0.00;0.00;0.00;0.00;VIE GROUP HCM;Default Piling Area;Default Shelf;0;0;0;0;0;0.00;0;0.00;--;12613.29;0.00;Còn hàng;Chưa chọn danh mục;;;Single SKU;
https://res.bigseller.pro/sku/images/merchantsku/944484/515183_1754365718176.jpg?imageView2/1/w/300/h/300;1186;BANOBAGI Mặt Nạ Stem Cell Vitamin Mask Whitening 30g - Dark Spot Care, CAM;8809486363850;0.00;0.00;0.00;0.00;VIE GROUP HCM;Default Piling Area;Default Shelf;0;0;0;0;0;0.00;0;0.00;--;12304.35;0.00;Còn hàng;Chưa chọn danh mục;;;Single SKU;
https://res.bigseller.pro/sku/images/merchantsku/944484/007258_1754366215610.jpg?imageView2/1/w/300/h/300;1185;BANOBAGI Mặt Nạ Stem Cell Vitamin Mask Whitening 30g - BHA-AHA, XÁM;8809486364321;0.00;0.00;0.00;0.00;VIE GROUP HCM;Default Piling Area;Default Shelf;86;0;86;0;0;0.00;0;0.03;2866;11961.30;1028671.80;Còn hàng;Chưa chọn danh mục;;;Single SKU;
https://res.bigseller.pro/sku/images/merchantsku/944484/675159_1754365625988.jpg?imageView2/1/w/300/h/300;1184;BANOBAGI Mặt Nạ Stem Cell Vitamin Mask Whitening 30g - Aqua Hydrating, XANH DƯƠNG;8809486365465;0.00;0.00;0.00;0.00;VIE GROUP HCM;Default Piling Area;Default Shelf;10;0;10;0;0;0.00;0;0.00;--;12352.59;123525.90;Còn hàng;Chưa chọn danh mục;;;Single SKU;
https://res.bigseller.pro/sku/images/merchantsku/944484/360882_1754365816582.jpg?imageView2/1/w/300/h/300;1183;BANOBAGI Mặt Nạ Stem Cell Vitamin Mask Whitening 30g - AC Care, HỒNG NHẠT;8809486363775;0.00;0.00;0.00;0.00;VIE GROUP HCM;Default Piling Area;Default Shelf;6;0;6;0;0;0.00;0;0.00;--;12411.17;74467.02;Còn hàng;Chưa chọn danh mục;;;Single SKU;
https://res.bigseller.pro/sku/images/merchantsku/944484/460511_1787502872542.jpg?imageView2/1/w/300/h/300;1182;BALANCE Serum Active Formula Vitamin C Brightening Serum Glow & Radiance - 30ml;5012368040746;0.00;0.00;0.00;0.00;VIE GROUP HCM;Default Piling Area;Default Shelf;6;3;3;0;0;0.00;0;2.75;1;102943.40;617660.40;Còn hàng;Chưa chọn danh mục;;;Single SKU;
https://res.bigseller.pro/sku/images/merchantsku/944484/762821_1787502898969.jpg?imageView2/1/w/300/h/300;1181;BALANCE Serum Active Formula Niacinamide 15% 30ml;5015833328165;0.00;0.00;0.00;0.00;VIE GROUP HCM;Default Piling Area;Default Shelf;2;2;0;0;0;0.00;0;2.82;0;102291.70;204583.40;Còn hàng;Chưa chọn danh mục;;;Single SKU;
https://res.bigseller.pro/sku/images/merchantsku/944484/100931_1787502924604.jpg?imageView2/1/w/300/h/300;1180;BALANCE Serum Active Formula Hyaluronic Deep Moisture 30ml;5012368040081;0.00;0.00;0.00;0.00;VIE GROUP HCM;Default Piling Area;Default Shelf;7;0;7;0;0;0.00;0;0.10;70;102748.78;719241.46;Còn hàng;Chưa chọn danh mục;;;Single SKU;
https://res.bigseller.pro/sku/images/merchantsku/944484/825784_1755553019417.jpg?imageView2/1/w/300/h/300;1179;BABE Tẩy tế bào chết Stop AKN Keratolytic Fluid - 30ml;8437014389289;0.00;0.00;0.00;0.00;VIE GROUP HCM;Default Piling Area;Default Shelf;0;0;0;0;0;0.00;0;0.00;--;150000.00;0.00;Còn hàng;Chưa chọn danh mục;;;Single SKU;
https://res.bigseller.pro/sku/images/merchantsku/944484/978816_1754365624406.jpg?imageView2/1/w/300/h/300;1178;BABE Sữa Rửa Mặt Stop Akn Purifying Cleansing Gel - 200ml;8437014389302;0.00;0.00;0.00;0.00;VIE GROUP HCM;Default Piling Area;Default Shelf;115;1;114;0;0;0.00;0;2.53;45;259325.09;29822385.35;Còn hàng;Chưa chọn danh mục;;;Single SKU;
https://res.bigseller.pro/sku/images/merchantsku/944484/764997_1754366210521.jpg?imageView2/1/w/300/h/300;1177;BABE Serum Trắng da Depigment Intensive Serum 30ml;8436571632005;0.00;0.00;0.00;0.00;VIE GROUP HCM;Default Piling Area;Default Shelf;2;0;2;0;0;0.00;0;0.00;--;533229.27;1066458.54;Còn hàng;Chưa chọn danh mục;;;Single SKU;
https://res.bigseller.pro/sku/images/merchantsku/944484/996574_1754366306761.jpg?imageView2/1/w/300/h/300;1176;BABE Lotion Dưỡng Sáng Babe Depigment+ Lotion Glow 150ml;8436571631985;0.00;0.00;0.00;0.00;VIE GROUP HCM;Default Piling Area;Default Shelf;1;0;1;0;0;0.00;0;0.00;--;506225.00;506225.00;Còn hàng;Chưa chọn danh mục;;;Single SKU;
https://res.bigseller.pro/sku/images/merchantsku/944484/673640_1754365619375.jpg?imageView2/1/w/300/h/300;1175;BABE Kem dưỡng Stop AKN Repairing Moisturiser 50ml (Vỏ Xanh);8437014389296;0.00;0.00;0.00;0.00;VIE GROUP HCM;Default Piling Area;Default Shelf;0;0;0;0;0;0.00;0;0.00;--;0.00;0.00;Còn hàng;Chưa chọn danh mục;;;Single SKU;
https://res.bigseller.pro/sku/images/merchantsku/944484/273868_1754919949482.jpg?imageView2/1/w/300/h/300;1174;BABE Kem dưỡng Stop AKN Mattifying Moisturiser 50ml;8437014389265;0.00;0.00;0.00;0.00;VIE GROUP HCM;Default Piling Area;Default Shelf;2;0;2;0;0;0.00;0;0.10;20;267992.66;535985.32;Còn hàng;Chưa chọn danh mục;;;Single SKU;
https://res.bigseller.pro/sku/images/merchantsku/944484/699993_1755552875023.jpg?imageView2/1/w/300/h/300;1173;BABE Kem chống nắng Super Fluid Sunscreen Hyaluronic Acid SPF50+ 50ml (Da Khô);;0.00;0.00;0.00;0.00;VIE GROUP HCM;Default Piling Area;Default Shelf;0;0;0;0;0;0.00;0;0.00;--;353666.67;0.00;Còn hàng;Chưa chọn danh mục;;;Single SKU;
https://res.bigseller.pro/sku/images/merchantsku/944484/324729_1755015212668.jpg?imageView2/1/w/300/h/300;1172;BABE Kem Chống Nắng Super Fluid Color SPF50+ Hỗ Trợ Dưỡng Ẩm, Chống Lão Hoá 50ml;;0.00;0.00;0.00;0.00;VIE GROUP HCM;Default Piling Area;Default Shelf;0;0;0;0;0;0.00;0;0.00;--;1.00;0.00;Ngừng bán;Chưa chọn danh mục;;;Single SKU;
https://res.bigseller.pro/sku/images/merchantsku/944484/650443_1787364993739.jpg?imageView2/1/w/300/h/300;1171;B&BW Xịt Thơm Body Bath & Body Works 236ml -  Cherry Blossom;;0.00;0.00;0.00;0.00;VIE GROUP HCM;Default Piling Area;Default Shelf;0;0;0;0;0;0.00;0;0.00;--;167441.18;0.00;Ngừng bán;Chưa chọn danh mục;;;Single SKU;
;1170;AZELAIC Gel giảm mụn, mờ thâm Azelaic Acid Gel 20% - 15g;;0.00;0.00;0.00;0.00;VIE GROUP HCM;Default Piling Area;Default Shelf;0;0;0;0;0;0.00;0;0.00;--;90000.00;0.00;Ngừng bán;Chưa chọn danh mục;;;Single SKU;
https://res.bigseller.pro/sku/images/merchantsku/944484/253324_1754364221041.jpg?imageView2/1/w/300/h/300;1165;AVENE Xịt Khoáng Thermal Spring Water - 300ml;3282779003131;0.00;0.00;0.00;0.00;VIE GROUP HCM;Default Piling Area;Default Shelf;6;0;6;0;0;0.00;0;0.40;15;230061.98;1380371.88;Còn hàng;Chưa chọn danh mục;;;Single SKU;
https://res.bigseller.pro/sku/images/merchantsku/944484/593738_1755552876802.jpg?imageView2/1/w/300/h/300;1164;AVENE Xịt Khoáng Thermal Spring Water - 150ml;3282779003124;0.00;0.00;0.00;0.00;VIE GROUP HCM;Default Piling Area;Default Shelf;3;0;3;0;0;0.00;0;0.90;3;178297.30;534891.90;Còn hàng;Chưa chọn danh mục;;;Single SKU;
https://res.bigseller.pro/sku/images/merchantsku/944484/859385_1754365904266.jpg?imageView2/1/w/300/h/300;1162;AVENE Tinh Chất Dưỡng Ẩm Hydrance Pre-Serum Hydrating - 200ml;3282770209150;0.00;0.00;0.00;0.00;VIE GROUP HCM;Default Piling Area;Default Shelf;0;0;0;0;0;0.00;0;0.00;--;486800.00;0.00;Ngừng bán;Chưa chọn danh mục;;;Single SKU;
https://res.bigseller.pro/sku/images/merchantsku/944484/063954_1754365816462.jpg?imageView2/1/w/300/h/300;1155;AVENE Kem dưỡng XeraCalm A.D Cream 200ml;3282770154580;0.00;0.00;0.00;0.00;VIE GROUP HCM;Default Piling Area;Default Shelf;0;0;0;0;0;0.00;0;0.00;--;530445.00;0.00;Còn hàng;Chưa chọn danh mục;;;Single SKU;
https://res.bigseller.pro/sku/images/merchantsku/944484/269778_1787500555206.jpg?imageView2/1/w/300/h/300;1154;AVENE Kem Dưỡng Khôi Phục Da Control Soothing Skin Recovery 40ml;3282770138801;0.00;0.00;0.00;0.00;VIE GROUP HCM;Default Piling Area;Default Shelf;0;0;0;0;0;0.00;0;0.25;0;455786.00;0.00;Còn hàng;Chưa chọn danh mục;;;Single SKU;
https://res.bigseller.pro/sku/images/merchantsku/944484/221956_1754361502642.jpg?imageView2/1/w/300/h/300;1152;AVENE Kem dưỡng Cicalfate Repair Cream - 40ml;3282770204667;0.00;0.00;0.00;0.00;VIE GROUP HCM;Default Piling Area;Default Shelf;15;0;15;0;0;0.00;0;0.50;30;254820.89;3822313.35;Còn hàng;Chưa chọn danh mục;;;Single SKU;
https://res.bigseller.pro/sku/images/merchantsku/944484/370536_1754998488442.jpg?imageView2/1/w/300/h/300;1151;AVENE Kem dưỡng Cicalfate Repair Cream - 15ml;3282770204698;0.00;0.00;0.00;0.00;VIE GROUP HCM;Default Piling Area;Default Shelf;86;0;86;0;0;0.00;0;0.20;430;135655.00;11666330.00;Còn hàng;Chưa chọn danh mục;;;Single SKU;
https://res.bigseller.pro/sku/images/merchantsku/944484/142265_1754366315747.jpg?imageView2/1/w/300/h/300;1150;AVENE Kem dưỡng Cicalfate Repair Cream - 100ml;3282770204681;0.00;0.00;0.00;0.00;VIE GROUP HCM;Default Piling Area;Default Shelf;8;0;8;0;0;0.00;0;0.67;11;329278.00;2634224.00;Còn hàng;Chưa chọn danh mục;;;Single SKU;
https://res.bigseller.pro/sku/images/merchantsku/944484/138125_1754365720341.jpg?imageView2/1/w/300/h/300;1149;AVENE Kem Dưỡng Ẩm Cold Cream 100ml;3282779002721;0.00;0.00;0.00;0.00;VIE GROUP HCM;Default Piling Area;Default Shelf;0;0;0;0;0;0.00;0;0.00;--;316020.00;0.00;Còn hàng;Chưa chọn danh mục;;;Single SKU;
https://res.bigseller.pro/sku/images/merchantsku/944484/770966_1754365714005.jpg?imageView2/1/w/300/h/300;1148;AVENE Gel Tẩy Tế Bào Chết Dịu Nhẹ Gentle Exfoliating Gel 75ml;;0.00;0.00;0.00;0.00;VIE GROUP HCM;Default Piling Area;Default Shelf;0;0;0;0;0;0.00;0;0.00;--;379250.00;0.00;Ngừng bán;Chưa chọn danh mục;;;Single SKU;
https://res.bigseller.pro/sku/images/merchantsku/944484/868592_1754366312432.jpg?imageView2/1/w/300/h/300;1147;AVEENO Sữa tắm gội baby daily moisture wash&shampoo 236ml;381370036654;0.00;0.00;0.00;0.00;VIE GROUP HCM;Default Piling Area;Default Shelf;0;0;0;0;0;0.00;0;0.00;--;125088.11;0.00;Còn hàng;Chưa chọn danh mục;;;Single SKU;
https://res.bigseller.pro/sku/images/merchantsku/944484/046315_1755553184631.jpg?imageView2/1/w/300/h/300;1146;AVEENO Sữa tắm dưỡng ẩm Daily Moisturizing Body Wash 354ml;62600061546;0.00;0.00;0.00;0.00;VIE GROUP HCM;Default Piling Area;Default Shelf;0;0;0;0;0;0.00;0;0.00;--;0.00;0.00;Còn hàng;Chưa chọn danh mục;;;Single SKU;
https://res.bigseller.pro/sku/images/merchantsku/944484/631359_1762418033925.jpg?imageView2/1/w/300/h/300;1145;AVEENO Sữa tắm Daily Moisturizing Stress Body Wash 354ml;;0.00;0.00;0.00;0.00;VIE GROUP HCM;Default Piling Area;Default Shelf;0;0;0;0;0;0.00;0;0.00;--;54705.53;0.00;Còn hàng;Chưa chọn danh mục;;;Single SKU;
https://res.bigseller.pro/sku/images/merchantsku/944484/821297_1754366220033.jpg?imageView2/1/w/300/h/300;1143;AVEENO Sữa dưỡng thể Daily Moisturizing Stress Relief Lotion 354ml;;0.00;0.00;0.00;0.00;VIE GROUP HCM;Default Piling Area;Default Shelf;0;0;0;0;0;0.00;0;0.00;--;72667.00;0.00;Còn hàng;Chưa chọn danh mục;;;Single SKU;
https://res.bigseller.pro/sku/images/merchantsku/944484/325133_1754361504503.jpg?imageView2/1/w/300/h/300;1142;AVEENO Sữa dưỡng thể Daily Moisturizing Lotion 354ml;;0.00;0.00;0.00;0.00;VIE GROUP HCM;Default Piling Area;Default Shelf;0;0;0;0;0;0.00;0;0.00;--;72667.00;0.00;Còn hàng;Chưa chọn danh mục;;;Single SKU;
https://res.bigseller.pro/sku/images/merchantsku/944484/748092_1754998314799.jpg?imageView2/1/w/300/h/300;1141;AVEENO Sữa dưỡng thể Baby Daily Moisture Lotion 227ml;8801108000549;0.00;0.00;0.00;0.00;VIE GROUP HCM;Default Piling Area;Default Shelf;2;0;2;0;0;0.00;0;0.00;--;225600.00;451200.00;Còn hàng;Chưa chọn danh mục;;;Single SKU;
https://res.bigseller.pro/sku/images/merchantsku/944484/100251_1754366305506.jpg?imageView2/1/w/300/h/300;1140;AVEENO kem dưỡng ẩm Baby Soothing Relief Moisture cream 14g;;0.00;0.00;0.00;0.00;VIE GROUP HCM;Default Piling Area;Default Shelf;0;0;0;0;0;0.00;0;0.00;--;1.00;0.00;Còn hàng;Chưa chọn danh mục;;;Single SKU;
https://res.bigseller.pro/sku/images/merchantsku/944484/785950_1754366312738.jpg?imageView2/1/w/300/h/300;1139;AVEENO Kem dưỡng ẩm Baby Soothing Relief Moisture 227g;8801008600627;0.00;0.00;0.00;0.00;VIE GROUP HCM;Default Piling Area;Default Shelf;0;0;0;0;0;0.00;0;0.24;0;245447.00;0.00;Còn hàng;Chưa chọn danh mục;;;Single SKU;
https://res.bigseller.pro/sku/images/merchantsku/944484/350277_1760088265706.jpg?imageView2/1/w/300/h/300;1138;AVEENO Kem dưỡng ẩm Aveeno Baby Dermexa Moisturising Cream - 100g;4801010653011;0.00;0.00;0.00;0.00;VIE GROUP HCM;Default Piling Area;Default Shelf;5;0;5;0;0;0.00;0;0.00;--;172309.00;861545.00;Còn hàng;Chưa chọn danh mục;;;Single SKU;
https://res.bigseller.pro/sku/images/merchantsku/944484/398197_1755552875125.jpg?imageView2/1/w/300/h/300;1137;AVA Serum cấp ẩm Hydranov AVA 30ml;;0.00;0.00;0.00;0.00;VIE GROUP HCM;Default Piling Area;Default Shelf;0;0;0;0;0;0.00;0;0.00;--;233000.00;0.00;Còn hàng;Chưa chọn danh mục;;;Single SKU;
https://res.bigseller.pro/sku/images/merchantsku/944484/993017_1754365621794.jpg?imageView2/1/w/300/h/300;1136;AVA Serum Ava Youth Activator Retinol 30ml;;0.00;0.00;0.00;0.00;VIE GROUP HCM;Default Piling Area;Default Shelf;0;0;0;0;0;0.00;0;0.00;--;215000.00;0.00;Còn hàng;Chưa chọn danh mục;;;Single SKU;
https://res.bigseller.pro/sku/images/merchantsku/944484/973969_1768913400504.jpg?imageView2/1/w/300/h/300;1135;AURA Bông Tẩy Trang Aura Beauty 150 Miếng Cotton Pads;4751023290775;0.00;0.00;0.00;0.00;VIE GROUP HCM;Default Piling Area;Default Shelf;0;0;0;0;0;0.00;0;0.00;--;22900.00;0.00;Ngừng bán;Chưa chọn danh mục;;;Single SKU;
https://res.bigseller.pro/sku/images/merchantsku/944484/212316_1754366213588.jpg?imageView2/1/w/300/h/300;1134;ASTRID Son dưỡng môi mỡ huơu 4.7gr – Thỏi xanh;;0.00;0.00;0.00;0.00;VIE GROUP HCM;Default Piling Area;Default Shelf;0;0;0;0;0;0.00;0;1.00;0;27000.00;0.00;Còn hàng;Chưa chọn danh mục;;;Single SKU;
https://res.bigseller.pro/sku/images/merchantsku/944484/681733_1754365621805.jpg?imageView2/1/w/300/h/300;1133;ASTRID Son dưỡng môi mỡ huơu 4.7gr – Thỏi trắng;;0.00;0.00;0.00;0.00;VIE GROUP HCM;Default Piling Area;Default Shelf;0;0;0;0;0;0.00;0;1.00;0;27000.00;0.00;Còn hàng;Chưa chọn danh mục;;;Single SKU;
https://res.bigseller.pro/sku/images/merchantsku/944484/475906_1767705306040.jpg?imageView2/1/w/300/h/300;1132;Astrid - TRẮNG NHỎ - 3G Son Dưỡng Mỡ Hươu Astrid - Cung cấp ẩm, giảm thâm môi & bảo vệ da môi;;0.00;0.00;0.00;0.00;VIE GROUP HCM;Default Piling Area;Default Shelf;0;0;0;0;0;0.00;0;0.00;--;0.00;0.00;Còn hàng;Chưa chọn danh mục;;;Single SKU;
https://res.bigseller.pro/sku/images/merchantsku/944484/581968_1772088641033.jpg?imageView2/1/w/300/h/300;1130;Aspasia Xịt Khoáng Tinh Chất Ốc Sên;8809317287621;0.00;0.00;0.00;0.00;VIE GROUP HCM;Default Piling Area;Default Shelf;81;0;81;0;0;0.00;0;0.23;352;46227.40;3744419.40;Còn hàng;Chưa chọn danh mục;;;Single SKU;
https://res.bigseller.pro/sku/images/merchantsku/944484/019091_1772088529232.jpg?imageView2/1/w/300/h/300;1129;Aspasia Xịt Khoáng Tinh Chất Collagen;8809317287195;0.00;0.00;0.00;0.00;VIE GROUP HCM;Default Piling Area;Default Shelf;196;0;196;0;0;0.00;0;0.67;292;50000.00;9800000.00;Còn hàng;Chưa chọn danh mục;;;Single SKU;
https://res.bigseller.pro/sku/images/merchantsku/944484/053403_1776091980324.jpg?imageView2/1/w/300/h/300;1128;Aspasia - Xịt Khoáng Aspasia vàng GOLD;8809674690171;0.00;0.00;0.00;0.00;VIE GROUP HCM;Default Piling Area;Default Shelf;11;0;11;0;0;0.00;0;0.07;157;49387.08;543257.88;Còn hàng;Chưa chọn danh mục;;;Single SKU;
https://res.bigseller.pro/sku/images/merchantsku/944484/898863_1765802675558.jpg?imageView2/1/w/300/h/300;1127;Aspasia - Xịt Khoáng Aspasia Moist Up Face Mist Aloe Làm Dịu Mát Bổ Sung Độ Ẩm Cho Làn Da Rạng Rỡ 150ml;8809317287201;0.00;0.00;0.00;0.00;VIE GROUP HCM;Default Piling Area;Default Shelf;1586;1;1585;0;0;0.00;0;69.67;22;43218.74;68544921.64;Còn hàng;Chưa chọn danh mục;;;Single SKU;
https://res.bigseller.pro/sku/images/merchantsku/944484/355634_1787115089629.jpg?imageView2/1/w/300/h/300;1122;ARMAF Lăn Khử Mùi Nước Hoa Nam Club De Nuit Woman 75G - ĐEN;6294015132915;0.00;0.00;0.00;0.00;VIE GROUP HCM;Default Piling Area;Default Shelf;1;0;1;0;0;0.00;0;0.20;5;261994.78;261994.78;Còn hàng;Chưa chọn danh mục;;;Single SKU;
https://res.bigseller.pro/sku/images/merchantsku/944484/657387_1787115141245.jpg?imageView2/1/w/300/h/300;1121;ARMAF Body Mist Xịt Thơm Toàn Thân Armaf Club de Nuit Cho Nam 200ML - Đen [XT];6294015102413;0.00;0.00;0.00;0.00;VIE GROUP HCM;Default Piling Area;Default Shelf;7;0;7;0;0;0.00;0;0.00;--;92234.20;645639.40;Còn hàng;Chưa chọn danh mục;;;Single SKU;
https://res.bigseller.pro/sku/images/merchantsku/944484/066499_1787115182176.jpg?imageView2/1/w/300/h/300;1120;ARMAF Body Mist Xịt Thơm Toàn Thân Armaf  Club de Nuit Cho Nữ 200ML - Hồng [XT];6085010094342;0.00;0.00;0.00;0.00;VIE GROUP HCM;Default Piling Area;Default Shelf;2;0;2;0;0;0.00;0;0.00;--;92875.00;185750.00;Còn hàng;Chưa chọn danh mục;;;Single SKU;
https://res.bigseller.pro/sku/images/merchantsku/944484/471231_1767705306042.jpg?imageView2/1/w/300/h/300;1119;ARGANICARE Collagen Reconstructuring Masque mặt nạ ủ tóc 500ml;3701120000303;0.00;0.00;0.00;0.00;VIE GROUP HCM;Default Piling Area;Default Shelf;0;0;0;0;0;0.00;0;0.00;0;210000.00;0.00;Ngừng bán;Chưa chọn danh mục;;;Single SKU;
https://res.bigseller.pro/sku/images/merchantsku/944484/567210_1754365813632.jpg?imageView2/1/w/300/h/300;1118;AQUAFRESH Kem đánh răng trẻ em 50g – 6+tuổi;5000347026720;0.00;0.00;0.00;0.00;VIE GROUP HCM;Default Piling Area;Default Shelf;7;0;7;0;0;0.00;0;0.07;100;33535.05;234745.35;Còn hàng;Chưa chọn danh mục;;;Single SKU;
https://res.bigseller.pro/sku/images/merchantsku/944484/849631_1754365621719.jpg?imageView2/1/w/300/h/300;1117;AQUAFRESH Kem đánh răng Fresh & Minty 100g;5000347009242500;0.00;0.00;0.00;0.00;VIE GROUP HCM;Default Piling Area;Default Shelf;0;0;0;0;0;0.00;0;0.00;--;43600.00;0.00;Còn hàng;Chưa chọn danh mục;;;Single SKU;
https://res.bigseller.pro/sku/images/merchantsku/944484/760916_1754365715943.jpg?imageView2/1/w/300/h/300;1116;AQUAFRESH Kem đánh răng Extreme Clean 158.7g – Whitening;53100338832;0.00;0.00;0.00;0.00;VIE GROUP HCM;Default Piling Area;Default Shelf;0;0;0;0;0;0.00;0;0.00;--;91671.21;0.00;Còn hàng;Chưa chọn danh mục;;;Single SKU;
https://res.bigseller.pro/sku/images/merchantsku/944484/259631_1754366311985.jpg?imageView2/1/w/300/h/300;1115;APTEKA Gel Vệ Sinh Phụ Nữ Apteka Zelenaya 370ml - Cúc La Mã;4823015907814;0.00;0.00;0.00;0.00;VIE GROUP HCM;Default Piling Area;Default Shelf;27;0;27;0;0;0.00;0;0.10;270;69604.17;1879312.59;Còn hàng;Chưa chọn danh mục;;;Single SKU;
https://res.bigseller.pro/sku/images/merchantsku/944484/158484_1754365718488.jpg?imageView2/1/w/300/h/300;1114;APTEKA Gel Vệ Sinh Phụ Nữ Apteka Zelenaya 370ml - Cây xô thơm;4823015916748;0.00;0.00;0.00;0.00;VIE GROUP HCM;Default Piling Area;Default Shelf;0;0;0;0;0;0.00;0;0.00;--;79491.18;0.00;Còn hàng;Chưa chọn danh mục;;;Single SKU;
https://res.bigseller.pro/sku/images/merchantsku/944484/665219_1754366216113.jpg?imageView2/1/w/300/h/300;1113;APTEKA Gel Vệ Sinh Phụ Nữ Apteka Zelenaya 370ml - Cây trà xanh;4823015907807;0.00;0.00;0.00;0.00;VIE GROUP HCM;Default Piling Area;Default Shelf;0;0;0;0;0;0.00;0;0.00;--;79509.58;0.00;Còn hàng;Chưa chọn danh mục;;;Single SKU;
https://res.bigseller.pro/sku/images/merchantsku/944484/256664_1754366223353.jpg?imageView2/1/w/300/h/300;1112;APERIRE Mặt Nạ Đất Sét Aperire VERRY PRETTY Pore Mask 120g (HỒNG);8805533133018;0.00;0.00;0.00;0.00;VIE GROUP HCM;Default Piling Area;Default Shelf;4;0;4;0;0;0.00;0;0.00;--;229299.50;917198.00;Còn hàng;Chưa chọn danh mục;;;Single SKU;
https://res.bigseller.pro/sku/images/merchantsku/944484/285414_1754366318124.jpg?imageView2/1/w/300/h/300;1111;APERIRE Mặt Nạ Đất Sét Aperire Be Frozen Pore Mask 120g (XANH);;0.00;0.00;0.00;0.00;VIE GROUP HCM;Default Piling Area;Default Shelf;0;0;0;0;0;0.00;0;0.00;--;231838.46;0.00;Còn hàng;Chưa chọn danh mục;;;Single SKU;
https://res.bigseller.pro/sku/images/merchantsku/944484/339868_1754361508408.jpg?imageView2/1/w/300/h/300;1109;APERIRE CUSHION Day Dream Cover SPF50+ PA++++ 13g - 01 Rose Petal;8809339069076;0.00;0.00;0.00;0.00;VIE GROUP HCM;Default Piling Area;Default Shelf;0;0;0;0;0;0.00;0;0.00;--;261246.67;0.00;Còn hàng;Chưa chọn danh mục;;;Single SKU;
https://res.bigseller.pro/sku/images/merchantsku/944484/968745_1754366210508.jpg?imageView2/1/w/300/h/300;1106;ANGEL'S LIQUID Sữa Tắm Glutathione + BHA Exfoliating Body Wash - 500g;8809418756217;0.00;0.00;0.00;0.00;VIE GROUP HCM;Default Piling Area;Default Shelf;0;0;0;0;0;0.00;0;0.17;0;210483.43;0.00;Còn hàng;Chưa chọn danh mục;;;Single SKU;
https://res.bigseller.pro/sku/images/merchantsku/944484/498187_1754365908357.jpg?imageView2/1/w/300/h/300;1105;ANGEL'S LIQUID Siêu tinh chất Tranexamic Mela Ampoule xoá thâm đỏ mờ sạm nám 30ml;8809418754411;0.00;0.00;0.00;0.00;VIE GROUP HCM;Default Piling Area;Default Shelf;1;0;1;0;0;0.00;0;0.00;--;409000.00;409000.00;Còn hàng;Chưa chọn danh mục;;;Single SKU;
https://res.bigseller.pro/sku/images/merchantsku/944484/946675_1754366311844.jpg?imageView2/1/w/300/h/300;1102;ANGEL'S LIQUID Lăn Nách Angel's Liquid Glutathione + Niacinamide Arbutin Fresh Deodorant 60ml;8809418755166;0.00;0.00;0.00;0.00;VIE GROUP HCM;Default Piling Area;Default Shelf;12;0;12;0;0;0.00;0;0.00;--;230300.00;2763600.00;Còn hàng;Chưa chọn danh mục;;;Single SKU;
https://res.bigseller.pro/sku/images/merchantsku/944484/572230_1754365718441.jpg?imageView2/1/w/300/h/300;1100;ANGEL'S LIQUID Kem Dưỡng Tranexamic Acid Mela Cream làm mờ nám chuyên sâu 50ml;;0.00;0.00;0.00;0.00;VIE GROUP HCM;Default Piling Area;Default Shelf;0;0;0;0;0;0.00;0;0.00;--;370776.19;0.00;Còn hàng;Chưa chọn danh mục;;;Single SKU;
https://res.bigseller.pro/sku/images/merchantsku/944484/061891_1754365710689.jpg?imageView2/1/w/300/h/300;1096;ANGEL’S LIQUID  Xịt Cơ Thể Glutathione+ Spot Care Body Mist - 150ml;8809418755173;0.00;0.00;0.00;0.00;VIE GROUP HCM;Default Piling Area;Default Shelf;0;0;0;0;0;0.00;0;40.00;0;258300.35;0.00;Còn hàng;Chưa chọn danh mục;;;Single SKU;
https://res.bigseller.pro/sku/images/merchantsku/944484/028944_1787362893642.jpg?imageView2/1/w/300/h/300;1094;ANESSA Xịt Chống Nắng Anessa Perfect UV Sunscreen Skincare Spray N SPF50+ PA++++ 60g;4909978120764;0.00;0.00;0.00;0.00;VIE GROUP HCM;Default Piling Area;Default Shelf;0;0;0;0;0;0.00;0;0.00;--;242000.00;0.00;Còn hàng;Chưa chọn danh mục;;;Single SKU;
https://res.bigseller.pro/sku/images/merchantsku/944484/075403_1754365813701.jpg?imageView2/1/w/300/h/300;1092;ANESSA Sữa Chống Nắng Perfect UV Sunscreen Skincare Milk N SPF50+ PA++++ - 60ml (MÀU VÀNG);4909978147105;0.00;0.00;0.00;0.00;VIE GROUP HCM;Default Piling Area;Default Shelf;170;0;170;0;0;0.00;0;3.77;45;315981.31;53716822.70;Còn hàng;Chưa chọn danh mục;;;Single SKU;
https://res.bigseller.pro/sku/images/merchantsku/944484/471495_1754365904391.jpg?imageView2/1/w/300/h/300;1090;ANESSA Sữa Chống Nắng Perfect UV Sunscreen Skincare Milk N SPF50+ PA++++ - 12ml (MÀU VÀNG);194841062638;0.00;0.00;0.00;0.00;VIE GROUP HCM;Default Piling Area;Default Shelf;0;0;0;0;0;0.00;0;0.00;--;41238.10;0.00;Còn hàng;Chưa chọn danh mục;;;Single SKU;
;1089;ANESSA Sữa Chống Nắng Perfect UV Sunscreen Skincare Milk N SPF50+ PA++++ - 12ml (MÀU TRĂNG);729238079311;0.00;0.00;0.00;0.00;VIE GROUP HCM;Default Piling Area;Default Shelf;10;0;10;0;0;0.00;0;0.00;--;40000.00;400000.00;Còn hàng;Chưa chọn danh mục;;;Single SKU;
https://res.bigseller.pro/sku/images/merchantsku/944484/774806_1754365624049.jpg?imageView2/1/w/300/h/300;1088;ANESSA Sữa Chống Nắng Perfect UV Sunscreen Mild Milk (For Sensitive Skin) SPF50+/PA++++ 60ml (MÀU HỒNG);4909978131586;0.00;0.00;0.00;0.00;VIE GROUP HCM;Default Piling Area;Default Shelf;145;5;140;0;0;0.00;0;3.37;41;329171.70;47729896.50;Còn hàng;Chưa chọn danh mục;;;Single SKU;
https://res.bigseller.pro/sku/images/merchantsku/944484/626389_1754366308303.jpg?imageView2/1/w/300/h/300;1087;ANESSA Sữa Chống Nắng Perfect UV Sunscreen Mild Milk (For Sensitive Skin) SPF50+/PA++++ - 12ml (MÀU HỒNG);194841062713;0.00;0.00;0.00;0.00;VIE GROUP HCM;Default Piling Area;Default Shelf;320;0;320;0;0;0.00;0;1.00;320;45949.26;14703763.20;Còn hàng;Chưa chọn danh mục;;;Single SKU;
https://res.bigseller.pro/sku/images/merchantsku/944484/147173_1754365810753.jpg?imageView2/1/w/300/h/300;1086;ANESSA Serum Dưỡng Da Và Phục Hồi Sau Nắng Anessa Night Sun Care 180ml;4909978136093;0.00;0.00;0.00;0.00;VIE GROUP HCM;Default Piling Area;Default Shelf;2;0;2;0;0;0.00;0;0.00;--;306000.00;612000.00;Còn hàng;Chưa chọn danh mục;;;Single SKU;
https://res.bigseller.pro/sku/images/merchantsku/944484/885307_1787365495885.jpg?imageView2/1/w/300/h/300;1084;ANESSA Serum Chống Nắng Day Serum SPF50+ PA++++ 30ml;4909978120818;0.00;0.00;0.00;0.00;VIE GROUP HCM;Default Piling Area;Default Shelf;0;0;0;0;0;0.00;0;0.00;--;457428.57;0.00;Còn hàng;Chưa chọn danh mục;;;Single SKU;
https://res.bigseller.pro/sku/images/merchantsku/944484/213951_1754365814131.jpg?imageView2/1/w/300/h/300;1082;ANESSA Gel Chống Nắng Dịu Nhẹ Cho Da Nhạy Cảm & Trẻ Em Moisture UV Sunscreen Mild SPF35 PA+++ 90g - Xanh dương;4909978200879;0.00;0.00;0.00;0.00;VIE GROUP HCM;Default Piling Area;Default Shelf;15;0;15;0;0;0.00;0;0.00;--;309000.00;4635000.00;Còn hàng;Chưa chọn danh mục;;;Single SKU;
https://res.bigseller.pro/sku/images/merchantsku/944484/793517_1787365240129.jpg?imageView2/1/w/300/h/300;1080;ANESSA Gel Chống Nắng Anessa Perfect UV Sunscreen Skincare Gel N SPF50+/PA++++ 90g (VÀNG);4909978120795;0.00;0.00;0.00;0.00;VIE GROUP HCM;Default Piling Area;Default Shelf;2;0;2;0;0;0.00;0;0.07;28;286000.00;572000.00;Còn hàng;Chưa chọn danh mục;;;Single SKU;
https://res.bigseller.pro/sku/images/merchantsku/944484/491681_1787363678858.jpg?imageView2/1/w/300/h/300;1079;ANESSA Gel Chống Nắng Anessa Brightening Uv Sunscreen Gel N SPF50+ PA++++ 90g  TÍM;4909978147129;0.00;0.00;0.00;0.00;VIE GROUP HCM;Default Piling Area;Default Shelf;0;0;0;0;0;0.00;0;0.00;--;286000.00;0.00;Còn hàng;Chưa chọn danh mục;;;Single SKU;
https://res.bigseller.pro/sku/images/merchantsku/944484/276774_1756958194500.jpg?imageView2/1/w/300/h/300;1077;AMORTALS Mút Rửa Mặt Hộp 3 Mút NGUYÊN TEAM [CTY];;0.00;0.00;0.00;0.00;VIE GROUP HCM;Default Piling Area;Default Shelf;13;0;13;0;0;0.00;0;0.00;--;23206.68;301686.84;Còn hàng;Chưa chọn danh mục;;;Single SKU;
https://res.bigseller.pro/sku/images/merchantsku/944484/636710_1754291500158.jpg?imageView2/1/w/300/h/300;1076;AMORTALS Bông Mút Rửa Mặt Bọt Biển Hình Giọt Nước  - Lẻ 1 KHÔNG HỘP;;0.00;0.00;0.00;0.00;VIE GROUP HCM;Default Piling Area;Default Shelf;0;0;0;0;0;0.00;0;0.07;0;16185.90;0.00;Còn hàng;Chưa chọn danh mục;;;Single SKU;
https://res.bigseller.pro/sku/images/merchantsku/944484/242814_1784782365080.jpg?imageView2/1/w/300/h/300;1074;AMORTALS  Mút Rửa Mặt AMORTALS Dạng Giọt Nước ( CÓ HỘP KÈM);;0.00;0.00;0.00;0.00;VIE GROUP HCM;Default Piling Area;Default Shelf;29;0;29;0;0;0.00;0;1.89;15;16775.18;486480.22;Còn hàng;Chưa chọn danh mục;;;Single SKU;
https://res.bigseller.pro/sku/images/merchantsku/944484/209553_1774248213600.jpg?imageView2/1/w/300/h/300;1073;AMORTALS - Combo Mút Cọ Tán Nền Amortals Tiên Cá Mềm Mại, Dễ Dàng Tán;;0.00;0.00;0.00;0.00;VIE GROUP HCM;Default Piling Area;Default Shelf;0;0;0;0;0;0.00;0;0.00;--;81113.46;0.00;Ngừng bán;Chưa chọn danh mục;;;Single SKU;
https://res.bigseller.pro/sku/images/merchantsku/944484/929039_1774248865535.jpg?imageView2/1/w/300/h/300;1071;AMORTALS - Bông Đắp Toner AMORTALS Co Giãn Lotion 240 Miếng;;0.00;0.00;0.00;0.00;VIE GROUP HCM;Default Piling Area;Default Shelf;0;0;0;0;0;0.00;0;0.00;--;24806.17;0.00;Ngừng bán;Chưa chọn danh mục;;;Single SKU;
;1070;AMORTALS - Bộ 5 Cọ Trang Điểm Amortals Kèm Túi Đựng;;0.00;0.00;0.00;0.00;VIE GROUP HCM;Default Piling Area;Default Shelf;0;0;0;0;0;0.00;0;0.00;--;105792.17;0.00;Ngừng bán;Chưa chọn danh mục;;;Single SKU;
https://res.bigseller.pro/sku/images/merchantsku/944484/707042_1755553285064.jpg?imageView2/1/w/300/h/300;1069;AMBI PUR Sáp Thơm Phòng Lưu Hương Thơm Thư Giãn Dễ Chịu Đủ Loại Hộp 180g - Xanh Lemon;;0.00;0.00;0.00;0.00;VIE GROUP HCM;Default Piling Area;Default Shelf;0;0;0;0;0;0.00;0;0.00;--;44440.00;0.00;Ngừng bán;Chưa chọn danh mục;;;Single SKU;
https://res.bigseller.pro/sku/images/merchantsku/944484/483095_1754364216871.jpg?imageView2/1/w/300/h/300;1068;AMBI PUR Sáp Thơm Phòng Lưu Hương Thơm Thư Giãn Dễ Chịu Đủ Loại Hộp 180g - Hồng Rose;;0.00;0.00;0.00;0.00;VIE GROUP HCM;Default Piling Area;Default Shelf;0;0;0;0;0;0.00;0;0.00;--;43412.00;0.00;Ngừng bán;Chưa chọn danh mục;;;Single SKU;
https://res.bigseller.pro/sku/images/merchantsku/944484/813504_1754366308415.jpg?imageView2/1/w/300/h/300;1067;AMBI PUR Sáp Thơm Phòng Lưu Hương Thơm Thư Giãn Dễ Chịu Đủ Loại Hộp 180g - Hồng Downy Scent;4902430744171;0.00;0.00;0.00;0.00;VIE GROUP HCM;Default Piling Area;Default Shelf;0;0;0;0;0;0.00;0;0.00;--;43488.00;0.00;Ngừng bán;Chưa chọn danh mục;;;Single SKU;
;1065;ALPHA ARBUTIN Xà Phòng kích trắng 3+plus;;0.00;0.00;0.00;0.00;VIE GROUP HCM;Default Piling Area;Default Shelf;0;0;0;0;0;0.00;0;0.00;--;22957.45;0.00;Còn hàng;Chưa chọn danh mục;;;Single SKU;
https://res.bigseller.pro/sku/images/merchantsku/944484/333021_1754364216703.jpg?imageView2/1/w/300/h/300;1064;ALPHA ARBUTIN 3 Plus Vỉ 10 Viên Dưỡng Trắng Da (Kyra UV) - Viên ban ngày;;0.00;0.00;0.00;0.00;VIE GROUP HCM;Default Piling Area;Default Shelf;0;0;0;0;0;0.00;0;0.00;--;38176.92;0.00;Ngừng bán;Chưa chọn danh mục;;;Single SKU;
https://res.bigseller.pro/sku/images/merchantsku/944484/250436_1754365903150.jpg?imageView2/1/w/300/h/300;1063;ALPHA ARBUTIN Sữa Dưỡng Thể Trắng Da Collagen Lotion 500ML [XT];;0.00;0.00;0.00;0.00;VIE GROUP HCM;Default Piling Area;Default Shelf;3;0;3;0;0;0.00;0;1.11;0;98666.67;296000.01;Ngừng bán;Chưa chọn danh mục;;;Single SKU;
https://res.bigseller.pro/sku/images/merchantsku/944484/298168_1754365717667.jpg?imageView2/1/w/300/h/300;1062;ALPHA ARBUTIN Kem giảm thâm nách 3 Plus Organic Underarm Night Cream 50g;;0.00;0.00;0.00;0.00;VIE GROUP HCM;Default Piling Area;Default Shelf;0;0;0;0;0;0.00;0;2.00;0;75389.61;0.00;Còn hàng;Chưa chọn danh mục;;;Single SKU;
https://res.bigseller.pro/sku/images/merchantsku/944484/699977_1754366215966.jpg?imageView2/1/w/300/h/300;1060;AILIN Dao cạo lông mày 2 lưỡi;6259222638117;0.00;0.00;0.00;0.00;VIE GROUP HCM;Default Piling Area;Default Shelf;403;0;403;0;0;0.00;0;0.10;4030;2900.00;1168700.00;Còn hàng;Chưa chọn danh mục;;;Single SKU;
https://res.bigseller.pro/sku/images/merchantsku/944484/992761_1770705100044.jpg?imageView2/1/w/300/h/300;1059;AHC Kem mắt AHC 3x Collagen bản limited 40ml (XT);;0.00;0.00;0.00;0.00;VIE GROUP HCM;Default Piling Area;Default Shelf;0;0;0;0;0;0.00;0;0.00;--;160212.77;0.00;Ngừng bán;Chưa chọn danh mục;;;Single SKU;
https://res.bigseller.pro/sku/images/merchantsku/944484/696203_1771903471103.jpg?imageView2/1/w/300/h/300;1058;AHC Kem Dưỡng Mắt  Age Defense Real Eye Cream For Face Ngăn Ngừa Lão Hóa 40ml (Bản Cao Cấp);;0.00;0.00;0.00;0.00;VIE GROUP HCM;Default Piling Area;Default Shelf;0;0;0;0;0;0.00;0;0.00;--;211090.91;0.00;Còn hàng;Chưa chọn danh mục;;;Single SKU;
https://res.bigseller.pro/sku/images/merchantsku/944484/390540_1754365901493.jpg?imageView2/1/w/300/h/300;1057;"AGAFIA SỮA NAI - Mặt Nạ Đất Sét Sữa Non ""Thảo Mộc"" Bà Già Nga Agafia 100mL";;0.00;0.00;0.00;0.00;VIE GROUP HCM;Default Piling Area;Default Shelf;0;0;0;0;0;0.00;0;0.00;--;28000.57;0.00;Còn hàng;Chưa chọn danh mục;;;Single SKU;
https://res.bigseller.pro/sku/images/merchantsku/944484/792439_1754365726638.jpg?imageView2/1/w/300/h/300;1056;"AGAFIA ĐẤT SÉT XANH ,Mặt Nạ Đất Sét Sữa Non ""Thảo Mộc"" Bà Già Nga Agafia 100mL";4630007831213;0.00;0.00;0.00;0.00;VIE GROUP HCM;Default Piling Area;Default Shelf;15;15;0;0;0;0.00;0;1.21;0;28015.00;420225.00;Còn hàng;Chưa chọn danh mục;;;Single SKU;
https://res.bigseller.pro/sku/images/merchantsku/944484/744429_1754365908175.jpg?imageView2/1/w/300/h/300;1054;ADERMA Sữa tắm gội cho bé PRIMALBA Cleansing Gel 2in1 - 200ml;;0.00;0.00;0.00;0.00;VIE GROUP HCM;Default Piling Area;Default Shelf;0;0;0;0;0;0.00;0;0.00;--;219950.00;0.00;Còn hàng;A;ADERMA;;Single SKU;
https://res.bigseller.pro/sku/images/merchantsku/944484/386098_1787500462556.jpg?imageView2/1/w/300/h/300;1051;ADERMA Kem Dưỡng Epitheliale A.H Ultra SPF50+ Làm Dịu Da, Bảo Vệ Vùng Da Nhạy Cảm 40ml;3282770209440;0.00;0.00;0.00;0.00;VIE GROUP HCM;Default Piling Area;Default Shelf;0;0;0;0;0;0.00;0;0.00;--;319920.00;0.00;Còn hàng;A;ADERMA;;Single SKU;
https://res.bigseller.pro/sku/images/merchantsku/944484/531475_1788484991514.jpg?imageView2/1/w/300/h/300;1050;ADERMA Kem Dưỡng Epitheliale A.H Ultra Soothing Repairing Cream - 40ml;3282770209495;0.00;0.00;0.00;0.00;VIE GROUP HCM;Default Piling Area;Default Shelf;4;0;4;0;0;0.00;0;0.20;20;277884.00;1111536.00;Còn hàng;A;ADERMA;;Single SKU;
https://res.bigseller.pro/sku/images/merchantsku/944484/462025_1755015213267.jpg?imageView2/1/w/300/h/300;1049;ADERMA Kem Dưỡng Ẩm Hydrating Universal Cream 50ml;3282770142341;0.00;0.00;0.00;0.00;VIE GROUP HCM;Default Piling Area;Default Shelf;9;0;9;0;0;0.00;0;0.07;128;235303.76;2117733.84;Còn hàng;A;ADERMA;;Single SKU;
https://res.bigseller.pro/sku/images/merchantsku/944484/774406_1754365627392.jpg?imageView2/1/w/300/h/300;1048;ADERMA Kem Dưỡng Ẩm Exomega Allergo Emollient Balm - 40ml;3282770149807;0.00;0.00;0.00;0.00;VIE GROUP HCM;Default Piling Area;Default Shelf;10;0;10;0;0;0.00;0;0.20;50;217798.55;2177985.50;Còn hàng;A;ADERMA;;Single SKU;
https://res.bigseller.pro/sku/images/merchantsku/944484/536167_1754365818075.jpg?imageView2/1/w/300/h/300;1047;ADERMA Kem Dưỡng Ẩm Exomega Allergo Emollient Balm - 200ml;3282770149814;0.00;0.00;0.00;0.00;VIE GROUP HCM;Default Piling Area;Default Shelf;8;0;8;0;0;0.00;0;0.17;47;418320.00;3346560.00;Còn hàng;A;ADERMA;;Single SKU;
https://res.bigseller.pro/sku/images/merchantsku/944484/531619_1754366311760.jpg?imageView2/1/w/300/h/300;1046;ADERMA Kem Dưỡng Ẩm Dermalibour+ Repairing Cream - 50ml;3282770144291;0.00;0.00;0.00;0.00;VIE GROUP HCM;Default Piling Area;Default Shelf;3;0;3;0;0;0.00;0;1.20;2;234132.85;702398.55;Còn hàng;A;ADERMA;;Single SKU;
https://res.bigseller.pro/sku/images/merchantsku/944484/780896_1787500630000.jpg?imageView2/1/w/300/h/300;1045;ADERMA Kem Dưỡng A-derma Biology AC Perfect Anti-Blemish Fluid Giảm Mụn 40ml;3282770388886;0.00;0.00;0.00;0.00;VIE GROUP HCM;Default Piling Area;Default Shelf;3;0;3;0;0;0.00;0;0.00;--;278000.00;834000.00;Còn hàng;A;ADERMA;;Single SKU;
https://res.bigseller.pro/sku/images/merchantsku/944484/613580_1787500384826.jpg?imageView2/1/w/300/h/300;1044;ADERMA Kem Chống Nắng Protect Invisible Fluid SPF50+ 40ml;3282770202144;0.00;0.00;0.00;0.00;VIE GROUP HCM;Default Piling Area;Default Shelf;4;0;4;0;0;0.00;0;0.00;--;322704.00;1290816.00;Còn hàng;A;ADERMA;;Single SKU;
https://res.bigseller.pro/sku/images/merchantsku/944484/094914_1788877828546.jpg?imageView2/1/w/300/h/300;1043;ADERMA Gel Rửa Mặt & Tắm Gội Douche Hydra-Protective Shower Gel Essentials 3in1 200ml;3282770396577;0.00;0.00;0.00;0.00;VIE GROUP HCM;Default Piling Area;Default Shelf;13;1;12;0;0;0.00;0;0.10;120;253342.21;3293448.73;Còn hàng;A;ADERMA;;Single SKU;
https://res.bigseller.pro/sku/images/merchantsku/944484/123105_1756952570420.jpg?imageView2/1/w/300/h/300;1042;Adapalene gel adaferin 0.1 – 15g;;0.00;0.00;0.00;0.00;VIE GROUP HCM;Default Piling Area;Default Shelf;0;0;0;0;0;0.00;0;0.00;--;118363.64;0.00;Ngừng bán;Chưa chọn danh mục;;;Single SKU;
https://res.bigseller.pro/sku/images/merchantsku/944484/038639_1754365816724.jpg?imageView2/1/w/300/h/300;1041;ACTIDEM Gel giảm mụn Actidem Derma Gel - 40g;8938546064779;0.00;0.00;0.00;0.00;VIE GROUP HCM;Default Piling Area;Default Shelf;0;0;0;0;0;0.00;0;0.00;--;156600.00;0.00;Còn hàng;Chưa chọn danh mục;;;Single SKU;
https://res.bigseller.pro/sku/images/merchantsku/944484/679805_1755015212666.jpg?imageView2/1/w/300/h/300;1040;ACTIDEM Gel giảm mụn Actidem Derma GeL - 18g;8938557673090;0.00;0.00;0.00;0.00;VIE GROUP HCM;Default Piling Area;Default Shelf;0;0;0;0;0;0.00;0;0.00;--;89733.62;0.00;Còn hàng;Chưa chọn danh mục;;;Single SKU;
https://res.bigseller.pro/sku/images/merchantsku/944484/771547_1755552877709.jpg?imageView2/1/w/300/h/300;1039;ACTIDEM Gel giảm mụn Actidem Derma EXTRA GeL - 18g;;0.00;0.00;0.00;0.00;VIE GROUP HCM;Default Piling Area;Default Shelf;0;0;0;0;0;0.00;0;0.00;--;107583.06;0.00;Còn hàng;Chưa chọn danh mục;;;Single SKU;
https://res.bigseller.pro/sku/images/merchantsku/944484/852280_1757512757194.jpg?imageView2/1/w/300/h/300;1038;ACNEDUO PLUS Gel Bôi Ngoài da RETINAL 1.0% AHA - 15g;;0.00;0.00;0.00;0.00;VIE GROUP HCM;Default Piling Area;Default Shelf;0;0;0;0;0;0.00;0;0.00;--;73500.00;0.00;Còn hàng;Chưa chọn danh mục;;;Single SKU;
https://res.bigseller.pro/sku/images/merchantsku/944484/211870_1755488228381.jpg?imageView2/1/w/300/h/300;1036;ACNECLEAN Gel Bôi Ngoài Da Extra Gel Giúp Làm Dịu, Hạn Chế Thâm Mụn, Thông Thoáng Lỗ Chân Lông 15g;8935096900496;0.00;0.00;0.00;0.00;VIE GROUP HCM;Default Piling Area;Default Shelf;2;0;2;0;0;0.00;0;0.00;--;63000.00;126000.00;Còn hàng;Chưa chọn danh mục;;;Single SKU;
https://res.bigseller.pro/sku/images/merchantsku/944484/876839_1756125276020.jpg?imageView2/1/w/300/h/300;1035;ACNE AID SOAP BAR OIL CONTROL XÀ PHÒNG - ĐỎ;9314057017005;0.00;0.00;0.00;0.00;VIE GROUP HCM;Default Piling Area;Default Shelf;19;0;19;0;0;0.00;0;0.47;40;63095.86;1198821.34;Còn hàng;Chưa chọn danh mục;;;Single SKU;
https://res.bigseller.pro/sku/images/merchantsku/944484/906725_1754365717682.jpg?imageView2/1/w/300/h/300;1034;ABONNE Muối Tắm Tẩy Tế Bào Chết Spa dạng tuýp 350gr - SỮA BÒ;8857087000933;0.00;0.00;0.00;0.00;VIE GROUP HCM;Default Piling Area;Default Shelf;0;0;0;0;0;0.00;0;0.00;--;43800.00;0.00;Ngừng bán;Chưa chọn danh mục;;;Single SKU;
https://res.bigseller.pro/sku/images/merchantsku/944484/570974_1754365623594.jpg?imageView2/1/w/300/h/300;1033;ABONNE Muối Tắm Tẩy Tế Bào Chết Spa 350gr - YOGURT;8857087000971;0.00;0.00;0.00;0.00;VIE GROUP HCM;Default Piling Area;Default Shelf;0;0;0;0;0;0.00;0;3.86;0;21378.03;0.00;Còn hàng;Chưa chọn danh mục;;;Single SKU;
https://res.bigseller.pro/sku/images/merchantsku/944484/443877_1754365816832.jpg?imageView2/1/w/300/h/300;1032;ABONNE Muối Tắm Tẩy Tế Bào Chết Spa 350gr - VITAMIN C;8857087000988;0.00;0.00;0.00;0.00;VIE GROUP HCM;Default Piling Area;Default Shelf;14;0;14;0;0;0.00;0;1.93;7;21383.53;299369.42;Còn hàng;Chưa chọn danh mục;;;Single SKU;
https://res.bigseller.pro/sku/images/merchantsku/944484/893167_1754998314249.jpg?imageView2/1/w/300/h/300;1031;ABONNE Muối Tắm Tẩy Tế Bào Chết Spa 350gr - SỮA BÒ;8857087000148;0.00;0.00;0.00;0.00;VIE GROUP HCM;Default Piling Area;Default Shelf;1;0;1;0;0;0.00;0;2.29;0;21755.81;21755.81;Còn hàng;Chưa chọn danh mục;;;Single SKU;
https://res.bigseller.pro/sku/images/merchantsku/944484/854784_1754366213630.jpg?imageView2/1/w/300/h/300;1030;9WISHES Serum Dưỡng Sáng Miracle White Ampule Serum 25ml;8809429954800;0.00;0.00;0.00;0.00;VIE GROUP HCM;Default Piling Area;Default Shelf;0;0;0;0;0;0.00;0;0.00;--;181100.00;0.00;Còn hàng;Chưa chọn danh mục;;;Single SKU;
https://res.bigseller.pro/sku/images/merchantsku/944484/949619_1754919949805.jpg?imageView2/1/w/300/h/300;1029;OEM Xà Phòng Cám Gạo Jam Rice Milk Soap 60g;8858891600715;0.00;0.00;0.00;0.00;VIE GROUP HCM;Default Piling Area;Default Shelf;0;0;0;0;0;0.00;0;0.00;--;7750.67;0.00;Ngừng bán;Chưa chọn danh mục;;;Single SKU;
https://res.bigseller.pro/sku/images/merchantsku/944484/702950_1754365814923.jpg?imageView2/1/w/300/h/300;1028;OEM Túi lưới đựng xà phòng tắm [XT];;0.00;0.00;0.00;0.00;VIE GROUP HCM;Default Piling Area;Default Shelf;112;0;112;0;0;0.00;0;0.17;658;1290.00;144480.00;Còn hàng;Chưa chọn danh mục;;;Single SKU;
https://res.bigseller.pro/sku/images/merchantsku/944484/402484_1754365906435.jpg?imageView2/1/w/300/h/300;1027;OEM Miếng Dán Tóc Mái màu ngẫu nhiên - COMBO 2 MIẾNG [XT];;0.00;0.00;0.00;0.00;VIE GROUP HCM;Default Piling Area;Default Shelf;110;0;110;0;0;0.00;0;0.07;1571;701.95;77214.50;Còn hàng;Chưa chọn danh mục;;;Single SKU;
https://res.bigseller.pro/sku/images/merchantsku/944484/933285_1754365716286.jpg?imageView2/1/w/300/h/300;1024;OEM Lược Gội Đầu Silicone (KHÔNG HỘP) [XT];;0.00;0.00;0.00;0.00;VIE GROUP HCM;Default Piling Area;Default Shelf;236;0;236;0;0;0.00;0;0.13;1815;8000.00;1888000.00;Còn hàng;Chưa chọn danh mục;;;Single SKU;
https://res.bigseller.pro/sku/images/merchantsku/944484/045740_1754365904074.jpg?imageView2/1/w/300/h/300;1023;OEM Kì Gót 2 Đầu [XT];;0.00;0.00;0.00;0.00;VIE GROUP HCM;Default Piling Area;Default Shelf;30;0;30;0;0;0.00;0;0.00;--;5200.00;156000.00;Còn hàng;Chưa chọn danh mục;;;Single SKU;
https://res.bigseller.pro/sku/images/merchantsku/944484/763308_1755687689446.jpg?imageView2/1/w/300/h/300;1020;OEM Khăn tắm nén cotton 70x140cm - XANH [XT];;0.00;0.00;0.00;0.00;VIE GROUP HCM;Default Piling Area;Default Shelf;4;0;4;0;0;0.00;0;0.33;12;9000.00;36000.00;Còn hàng;Chưa chọn danh mục;;;Single SKU;
https://res.bigseller.pro/sku/images/merchantsku/944484/876813_1754364218742.jpg?imageView2/1/w/300/h/300;1019;OEM Khăn tắm nén cotton 70x140cm - ĐỎ [XT];;0.00;0.00;0.00;0.00;VIE GROUP HCM;Default Piling Area;Default Shelf;0;0;0;0;0;0.00;0;0.00;--;8000.00;0.00;Còn hàng;Chưa chọn danh mục;;;Single SKU;
https://res.bigseller.pro/sku/images/merchantsku/944484/157384_1754365911166.jpg?imageView2/1/w/300/h/300;1018;OEM Gương mini cầm tay Hàn Quốc 7cm [XT];;0.00;0.00;0.00;0.00;VIE GROUP HCM;Default Piling Area;Default Shelf;95;0;95;0;0;0.00;0;0.00;--;1600.00;152000.00;Còn hàng;Chưa chọn danh mục;;;Single SKU;
https://res.bigseller.pro/sku/images/merchantsku/944484/595969_1754366313660.jpg?imageView2/1/w/300/h/300;1016;OEM Găng tay tắm tẩy da chết vải nylon;6928769420058;0.00;0.00;0.00;0.00;VIE GROUP HCM;Default Piling Area;Default Shelf;702;1;701;0;0;0.00;0;0.70;1002;3076.03;2159373.06;Còn hàng;Chưa chọn danh mục;;;Single SKU;
https://res.bigseller.pro/sku/images/merchantsku/944484/372925_1754365723355.jpg?imageView2/1/w/300/h/300;1014;OEM Dao nạo củ quả lưỡi xoay Nhật Bản;4956746080010;0.00;0.00;0.00;0.00;VIE GROUP HCM;Default Piling Area;Default Shelf;3;0;3;0;0;0.00;0;0.00;--;28553.69;85661.07;Còn hàng;Chưa chọn danh mục;;;Single SKU;
https://res.bigseller.pro/sku/images/merchantsku/944484/542353_1754366315294.jpg?imageView2/1/w/300/h/300;1013;OEM Cuộn giấy lau tay lau bếp đa năng có thể tái sử dụng 25cm;;0.00;0.00;0.00;0.00;VIE GROUP HCM;Default Piling Area;Default Shelf;40;0;40;0;0;0.00;0;0.00;--;11500.00;460000.00;Còn hàng;Chưa chọn danh mục;;;Single SKU;
https://res.bigseller.pro/sku/images/merchantsku/944484/675789_1754365721479.jpg?imageView2/1/w/300/h/300;1012;OEM Cây massage đầu thư giãn bằng tay [XT];;0.00;0.00;0.00;0.00;VIE GROUP HCM;Default Piling Area;Default Shelf;92;1;91;0;0;0.00;0;0.10;910;7000.00;644000.00;Còn hàng;Chưa chọn danh mục;;;Single SKU;
https://res.bigseller.pro/sku/images/merchantsku/944484/203556_1754366217797.jpg?imageView2/1/w/300/h/300;1010;OEM Bông Mút Tắm bọt biển [XT];;0.00;0.00;0.00;0.00;VIE GROUP HCM;Default Piling Area;Default Shelf;0;0;0;0;0;0.00;0;0.00;--;6860.25;0.00;Còn hàng;Chưa chọn danh mục;;;Single SKU;
https://res.bigseller.pro/sku/images/merchantsku/944484/561846_1754365814002.jpg?imageView2/1/w/300/h/300;1008;OEM - Cọ môi Silicon [XT];8936228462684;0.00;0.00;0.00;0.00;VIE GROUP HCM;Default Piling Area;Default Shelf;15;0;15;0;0;0.00;0;0.00;--;15500.00;232500.00;Còn hàng;Chưa chọn danh mục;;;Single SKU;
https://res.bigseller.pro/sku/images/merchantsku/944484/208077_1754366310142.jpg?imageView2/1/w/300/h/300;1007;Kẹp nâng mũi Nose Nhật Bản [XT];;0.00;0.00;0.00;0.00;VIE GROUP HCM;Default Piling Area;Default Shelf;5;0;5;0;0;0.00;0;0.00;--;1.00;5.00;Còn hàng;Chưa chọn danh mục;;;Single SKU;
https://res.bigseller.pro/sku/images/merchantsku/944484/549207_1754365717614.jpg?imageView2/1/w/300/h/300;1006;EMPTY BOTTLE Bộ chiết mỹ phẩm du lịch No.La1077 - Hồng Cam [XT];6945676408450;0.00;0.00;0.00;0.00;VIE GROUP HCM;Default Piling Area;Default Shelf;0;0;0;0;0;0.00;0;0.00;--;14374.00;0.00;Ngừng bán;Chưa chọn danh mục;;;Single SKU;
https://res.bigseller.pro/sku/images/merchantsku/944484/857719_1754998487848.jpg?imageView2/1/w/300/h/300;1005;Dụng Cụ Rửa Cọ Trang Điểm Chậu Giặt Cọ Silicone;;0.00;0.00;0.00;0.00;VIE GROUP HCM;Default Piling Area;Default Shelf;0;0;0;0;0;0.00;0;0.00;--;0.00;0.00;Còn hàng;Chưa chọn danh mục;;;Single SKU;
https://res.bigseller.pro/sku/images/merchantsku/944484/530764_1754365814058.jpg?imageView2/1/w/300/h/300;1004;Dũa móng 6 mặt [XT];;0.00;0.00;0.00;0.00;VIE GROUP HCM;Default Piling Area;Default Shelf;2150;3;2147;0;0;0.00;0;3.27;656;3000.00;6450000.00;Còn hàng;Chưa chọn danh mục;;;Single SKU;
https://res.bigseller.pro/sku/images/merchantsku/944484/937335_1754361503301.jpg?imageView2/1/w/300/h/300;1002;Cọ tán son môi [XT];;0.00;0.00;0.00;0.00;VIE GROUP HCM;Default Piling Area;Default Shelf;1334;0;1334;0;0;0.00;0;0.13;10261;3500.00;4669000.00;Còn hàng;Chưa chọn danh mục;;;Single SKU;
https://res.bigseller.pro/sku/images/merchantsku/944484/120743_1754366312875.jpg?imageView2/1/w/300/h/300;1001;Cây nặn mụn đầu đen 2 đầu - Lẻ 1 cây [XT];;0.00;0.00;0.00;0.00;VIE GROUP HCM;Default Piling Area;Default Shelf;0;0;0;0;0;0.00;0;0.00;--;2400.00;0.00;Ngừng bán;Chưa chọn danh mục;;;Single SKU;
